-634 -1 -1 -1 -1 -1 -1 -1 -1 -1 -1 -1 -1 -1 -1 -1 -1 -1 -1 -1 -1 -1 -1 -1 -1 -1 -1 -1 -1 -1 -1 -1 -1 -1 -1 -1 -1 -1 -1 -1 -1 -1
1891 -1 -1 -1 -1 -1 -1 -1 -1 -1 -1 -1 -1 -1 -1 -1 -1 -1 -1 -1 -1 -1 -1 -1 -1 -1 -1 -1 -1 -1 -1 -1 -1 -1 -1 -1 -1 -1 -1 0 -1 -1
4262 -1 -1 -1 -1 -1 -1 -1 -1 -1 -1 -1 -1 -1 -1 -1 -1 -1 -1 -1 -1 -1 -1 -1 -1 -1 -1 -1 -1 -1 -1 -1 1 -1 -1 -1 -1 -1 -1 0 -1 -1
5304 -1 -1 2 -1 -1 -1 -1 -1 -1 -1 -1 -1 -1 -1 -1 -1 -1 -1 -1 -1 -1 -1 -1 -1 -1 -1 -1 -1 -1 -1 -1 1 -1 -1 -1 -1 -1 -1 0 -1 -1
5304 -1 -1 2 -1 -1 -1 -1 -1 -1 -1 -1 -1 -1 -1 -1 -1 -1 -1 -1 -1 -1 -1 -1 -1 -1 -1 -1 -1 -1 -1 -1 1 -1 -1 -1 -1 -1 -1 0 -1 -1
8028 -1 -1 0 -1 -1 -1 -1 -1 -1 -1 -1 -1 -1 2 -1 -1 -1 -1 -1 -1 -1 -1 -1 -1 -1 -1 -1 -1 -1 -1 -1 1 -1 -1 -1 -1 -1 -1 4 -1 -1
8970 -1 -1 0 -1 -1 -1 -1 -1 -1 -1 -1 -1 -1 2 -1 -1 5 -1 -1 -1 -1 -1 -1 -1 -1 -1 -1 -1 -1 -1 -1 1 -1 -1 -1 -1 -1 -1 4 -1 -1
9539 -1 -1 6 -1 -1 -1 -1 -1 -1 -1 -1 -1 -1 5 -1 -1 0 -1 -1 -1 2 -1 -1 -1 -1 -1 -1 -1 -1 -1 -1 1 -1 -1 -1 -1 -1 -1 4 -1 -1
10734 -1 -1 6 0 -1 -1 -1 -1 -1 -1 -1 -1 -1 2 -1 -1 5 -1 -1 -1 7 -1 -1 -1 -1 -1 -1 -1 -1 -1 -1 1 -1 -1 -1 -1 -1 -1 4 -1 -1
10919 -1 -1 6 0 -1 -1 -1 -1 -1 -1 -1 -1 -1 2 -1 -1 8 -1 -1 -1 7 -1 -1 -1 -1 -1 -1 -1 -1 -1 -1 1 5 -1 -1 -1 -1 -1 4 -1 -1
13178 -1 -1 6 0 -1 -1 -1 -1 -1 -1 -1 -1 -1 2 -1 -1 8 -1 -1 1 7 -1 -1 -1 -1 -1 -1 -1 -1 -1 -1 9 5 -1 -1 -1 -1 -1 4 -1 -1
13178 -1 -1 6 0 -1 -1 -1 -1 -1 -1 -1 -1 -1 2 -1 -1 8 -1 -1 1 7 -1 -1 -1 -1 -1 -1 -1 -1 -1 -1 9 5 -1 -1 -1 -1 -1 4 -1 -1
14460 -1 -1 6 0 -1 -1 -1 -1 -1 -1 -1 -1 -1 11 -1 -1 2 -1 -1 1 7 -1 -1 -1 -1 -1 -1 -1 -1 -1 -1 9 5 -1 -1 -1 -1 -1 4 -1 -1
15244 -1 -1 6 0 -1 -1 -1 -1 -1 -1 -1 -1 -1 11 -1 -1 2 -1 -1 1 7 -1 -1 -1 -1 -1 -1 -1 12 -1 -1 9 5 -1 -1 -1 -1 -1 4 -1 -1
17490 -1 -1 6 4 -1 -1 -1 -1 -1 -1 -1 -1 -1 2 -1 -1 5 -1 -1 1 11 -1 -1 -1 -1 -1 -1 -1 12 -1 -1 9 0 -1 -1 -1 -1 7 13 -1 -1
19721 -1 -1 6 4 -1 -1 -1 -1 -1 -1 -1 -1 -1 2 -1 -1 5 -1 -1 1 11 -1 -1 -1 -1 -1 -1 -1 12 -1 -1 9 0 -1 -1 -1 -1 7 13 -1 14
21084 -1 -1 6 4 -1 -1 -1 -1 -1 -1 -1 7 -1 2 -1 -1 5 -1 -1 1 11 -1 -1 -1 -1 -1 -1 -1 12 -1 -1 9 0 -1 -1 -1 -1 15 13 -1 14
22193 -1 -1 6 14 -1 -1 -1 0 -1 -1 -1 7 -1 2 -1 -1 5 -1 -1 1 11 -1 -1 -1 -1 -1 -1 -1 12 -1 -1 9 4 -1 -1 -1 -1 15 16 -1 13
23572 -1 -1 6 14 -1 -1 -1 0 -1 -1 -1 7 12 2 -1 -1 5 -1 -1 17 11 -1 -1 -1 -1 -1 -1 -1 1 -1 -1 9 4 -1 -1 -1 -1 15 16 -1 13
25001 -1 -1 6 14 -1 -1 -1 0 -1 -1 -1 12 1 11 -1 -1 5 -1 -1 17 15 -1 -1 -1 -1 -1 -1 -1 18 -1 -1 9 4 -1 -1 -1 -1 7 16 -1 13
25001 -1 -1 6 14 -1 -1 -1 0 -1 -1 -1 12 1 11 -1 -1 5 -1 -1 17 15 -1 -1 -1 -1 -1 -1 -1 18 -1 -1 9 4 -1 -1 -1 -1 7 16 -1 13
26074 -1 -1 6 14 -1 -1 -1 0 -1 -1 -1 12 1 11 -1 -1 5 -1 -1 17 15 20 -1 -1 -1 -1 -1 -1 18 -1 -1 9 4 -1 -1 -1 -1 7 16 -1 13
26074 -1 -1 6 14 -1 -1 -1 0 -1 -1 -1 12 1 11 -1 -1 5 -1 -1 17 15 20 -1 -1 -1 -1 -1 -1 18 -1 -1 9 4 -1 -1 -1 -1 7 16 -1 13
26725 -1 -1 6 14 -1 -1 -1 0 -1 -1 -1 12 22 11 -1 -1 5 -1 -1 18 15 20 -1 -1 -1 -1 -1 -1 1 -1 -1 9 4 17 -1 -1 -1 7 16 -1 13
26857 -1 -1 4 14 -1 -1 -1 5 -1 -1 -1 12 22 15 -1 -1 11 -1 -1 18 7 20 -1 -1 -1 -1 -1 -1 1 -1 -1 9 0 17 -1 -1 -1 23 16 -1 13
28542 -1 -1 4 14 -1 -1 -1 5 -1 -1 -1 12 22 11 -1 -1 24 -1 -1 18 15 20 -1 -1 -1 -1 -1 23 1 -1 -1 9 0 17 -1 -1 -1 7 16 -1 13
29164 -1 -1 4 14 -1 -1 -1 5 -1 -1 18 12 22 11 -1 -1 24 -1 -1 17 15 20 -1 -1 -1 -1 -1 23 1 -1 -1 25 0 9 -1 -1 -1 7 16 -1 13
29164 -1 -1 4 14 -1 -1 -1 5 -1 -1 18 12 22 11 -1 -1 24 -1 -1 17 15 20 -1 -1 -1 -1 -1 23 1 -1 -1 25 0 9 -1 -1 -1 7 16 -1 13
29164 -1 -1 4 14 -1 -1 -1 5 -1 -1 18 12 22 11 -1 -1 24 -1 -1 17 15 20 -1 -1 -1 -1 -1 23 1 -1 -1 25 0 9 -1 -1 -1 7 16 -1 13
29772 -1 -1 4 14 -1 -1 -1 5 -1 -1 17 1 22 11 -1 -1 24 -1 -1 9 7 20 -1 15 -1 -1 -1 12 18 -1 -1 25 0 28 -1 -1 -1 23 16 -1 13
30175 -1 -1 4 14 -1 -1 -1 5 -1 -1 18 12 22 11 -1 -1 24 -1 -1 17 7 20 -1 15 -1 -1 -1 23 1 -1 -1 28 0 9 -1 25 -1 29 16 -1 13
30903 -1 -1 4 14 -1 -1 -1 5 -1 -1 18 12 22 11 -1 -1 24 -1 -1 17 7 20 -1 15 -1 -1 -1 30 1 -1 -1 28 0 9 -1 25 -1 29 16 -1 13
31257 -1 -1 4 14 -1 -1 29 0 -1 -1 18 12 22 24 -1 -1 5 -1 -1 17 15 20 -1 11 -1 -1 -1 30 1 -1 -1 28 31 9 -1 25 -1 7 16 -1 13
31257 -1 -1 4 14 -1 -1 29 0 -1 -1 18 12 22 24 -1 -1 5 -1 -1 17 15 20 -1 11 -1 -1 -1 30 1 -1 -1 28 31 9 -1 25 -1 7 16 -1 13
31257 -1 -1 4 14 -1 -1 29 0 -1 -1 18 12 22 24 -1 -1 5 -1 -1 17 15 20 -1 11 -1 -1 -1 30 1 -1 -1 28 31 9 -1 25 -1 7 16 -1 13
31257 -1 -1 4 14 -1 -1 29 0 -1 -1 18 12 22 24 -1 -1 5 -1 -1 17 15 20 -1 11 -1 -1 -1 30 1 -1 -1 28 31 9 -1 25 -1 7 16 -1 13
32058 -1 -1 4 14 -1 35 29 0 -1 -1 18 12 22 24 -1 -1 5 -1 -1 17 15 20 -1 11 -1 -1 -1 30 1 -1 -1 28 31 9 -1 25 -1 7 16 -1 13
33533 -1 -1 14 36 -1 35 29 31 -1 -1 18 12 22 24 -1 -1 0 -1 -1 17 15 20 -1 11 -1 -1 -1 30 1 -1 -1 28 4 9 -1 25 -1 7 16 -1 13
34771 -1 -1 14 36 4 35 29 0 -1 -1 18 12 22 24 -1 -1 37 -1 -1 17 15 20 -1 11 -1 -1 -1 30 1 -1 -1 28 31 9 -1 25 -1 7 16 -1 13
34771 -1 -1 14 36 4 35 29 0 -1 -1 18 12 22 24 -1 -1 37 -1 -1 17 15 20 -1 11 -1 -1 -1 30 1 -1 -1 28 31 9 -1 25 -1 7 16 -1 13
35300 -1 -1 14 36 4 35 30 0 -1 -1 17 1 22 24 -1 -1 37 -1 7 9 15 39 -1 11 -1 -1 -1 12 18 -1 -1 25 31 28 -1 20 -1 29 16 -1 13
35300 -1 -1 14 36 4 35 30 0 -1 -1 17 1 22 24 -1 -1 37 -1 7 9 15 39 -1 11 -1 -1 -1 12 18 -1 -1 25 31 28 -1 20 -1 29 16 -1 13
35575 -1 -1 14 36 4 35 30 0 -1 -1 17 1 22 24 -1 -1 37 -1 7 41 15 39 -1 11 -1 -1 -1 12 18 -1 -1 28 31 9 -1 20 -1 29 16 -1 13
36576 -1 -1 14 36 4 35 30 0 -1 -1 42 18 22 24 -1 -1 37 -1 7 41 15 39 -1 11 -1 -1 -1 1 17 -1 -1 28 31 9 -1 20 -1 29 16 -1 13
38093 -1 -1 36 13 14 35 30 31 -1 -1 42 18 22 37 -1 -1 0 -1 15 41 11 39 -1 24 -1 -1 -1 1 17 -1 7 28 4 9 -1 20 -1 29 16 -1 43
38093 -1 -1 36 13 14 35 30 31 -1 -1 42 18 22 37 -1 -1 0 -1 15 41 11 39 -1 24 -1 -1 -1 1 17 -1 7 28 4 9 -1 20 -1 29 16 -1 43
38093 -1 -1 36 13 14 35 30 31 -1 -1 42 18 22 37 -1 -1 0 -1 15 41 11 39 -1 24 -1 -1 -1 1 17 -1 7 28 4 9 -1 20 -1 29 16 -1 43
39685 -1 -1 36 13 14 35 30 31 -1 -1 42 18 22 37 -1 -1 0 -1 15 41 11 46 -1 24 -1 -1 -1 1 17 -1 7 20 4 9 -1 39 -1 29 16 -1 43
39685 -1 -1 36 13 14 35 30 31 -1 -1 42 18 22 37 -1 -1 0 -1 15 41 11 46 -1 24 -1 -1 -1 1 17 -1 7 20 4 9 -1 39 -1 29 16 -1 43
41027 -1 -1 36 13 14 35 30 31 -1 -1 42 18 22 37 -1 -1 0 -1 15 41 11 48 20 24 -1 -1 -1 1 17 -1 7 39 4 9 -1 46 -1 29 16 -1 43
41027 -1 -1 36 13 14 35 30 31 -1 -1 42 18 22 37 -1 -1 0 -1 15 41 11 48 20 24 -1 -1 -1 1 17 -1 7 39 4 9 -1 46 -1 29 16 -1 43
41288 -1 -1 36 13 14 35 30 31 -1 -1 42 18 22 37 -1 -1 0 -1 15 41 11 48 20 24 -1 -1 -1 1 17 50 7 39 4 9 -1 46 -1 29 16 -1 43
41288 -1 -1 36 13 14 35 30 31 -1 -1 42 18 22 37 -1 -1 0 -1 15 41 11 48 20 24 -1 -1 -1 1 17 50 7 39 4 9 -1 46 -1 29 16 -1 43
41288 -1 -1 36 13 14 35 30 31 -1 -1 42 18 22 37 -1 -1 0 -1 15 41 11 48 20 24 -1 -1 -1 1 17 50 7 39 4 9 -1 46 -1 29 16 -1 43
41342 -1 -1 36 13 14 35 30 31 -1 -1 42 53 18 37 -1 -1 0 -1 15 41 11 48 20 24 -1 -1 -1 1 17 50 7 39 4 9 -1 46 -1 29 16 -1 43
41342 -1 -1 36 13 14 35 30 31 -1 -1 42 53 18 37 -1 -1 0 -1 15 41 11 48 20 24 -1 -1 -1 1 17 50 7 39 4 9 -1 46 -1 29 16 -1 43
41342 -1 -1 36 13 14 35 30 31 -1 -1 42 53 18 37 -1 -1 0 -1 15 41 11 48 20 24 -1 -1 -1 1 17 50 7 39 4 9 -1 46 -1 29 16 -1 43
41877 -1 -1 36 13 14 35 30 31 -1 -1 42 53 18 37 -1 -1 0 -1 15 41 11 48 39 24 -1 -1 -1 1 17 50 7 56 4 9 -1 46 -1 29 16 -1 43
41877 -1 -1 36 13 14 35 30 31 -1 -1 42 53 18 37 -1 -1 0 -1 15 41 11 48 39 24 -1 -1 -1 1 17 50 7 56 4 9 -1 46 -1 29 16 -1 43
41877 -1 -1 36 13 14 35 30 31 -1 -1 42 53 18 37 -1 -1 0 -1 15 41 11 48 39 24 -1 -1 -1 1 17 50 7 56 4 9 -1 46 -1 29 16 -1 43
42096 -1 -1 36 13 14 35 30 31 -1 -1 42 18 17 37 -1 -1 0 -1 15 41 11 48 39 24 -1 -1 -1 1 59 50 7 56 4 9 -1 46 -1 29 16 -1 43
42096 -1 -1 36 13 14 35 30 31 -1 -1 42 18 17 37 -1 -1 0 -1 15 41 11 48 39 24 -1 -1 -1 1 59 50 7 56 4 9 -1 46 -1 29 16 -1 43
42987 -1 -1 13 43 36 35 30 4 -1 -1 42 18 17 37 -1 -1 0 -1 15 41 11 48 39 24 -1 -1 -1 1 59 50 7 56 14 9 -1 46 -1 29 61 -1 16
43440 -1 -1 13 43 36 35 30 4 -1 -1 42 18 17 37 -1 -1 0 -1 15 41 11 48 62 24 39 -1 -1 1 59 50 7 56 14 9 -1 46 -1 29 61 -1 16
43950 -1 -1 13 43 36 35 30 4 -1 -1 42 18 17 37 62 -1 0 -1 15 41 11 48 63 24 39 -1 -1 1 59 50 7 56 14 9 -1 46 -1 29 61 -1 16
43950 -1 -1 13 43 36 35 30 4 -1 -1 42 18 17 37 62 -1 0 -1 15 41 11 48 63 24 39 -1 -1 1 59 50 7 56 14 9 -1 46 -1 29 61 -1 16
43950 -1 -1 13 43 36 35 30 4 -1 -1 42 18 17 37 62 -1 0 -1 15 41 11 48 63 24 39 -1 -1 1 59 50 7 56 14 9 -1 46 -1 29 61 -1 16
43950 -1 -1 13 43 36 35 30 4 -1 -1 42 18 17 37 62 -1 0 -1 15 41 11 48 63 24 39 -1 -1 1 59 50 7 56 14 9 -1 46 -1 29 61 -1 16
45250 -1 -1 13 43 36 35 30 4 -1 -1 42 18 17 37 62 -1 0 -1 15 41 11 48 63 24 56 -1 -1 1 59 50 7 67 14 9 -1 46 -1 29 61 -1 16
45250 -1 -1 13 43 36 35 30 4 -1 -1 42 18 17 37 62 -1 0 -1 15 41 11 48 63 24 56 -1 -1 1 59 50 7 67 14 9 -1 46 -1 29 61 -1 16
45941 -1 -1 43 69 13 35 30 14 -1 -1 42 18 17 0 62 -1 4 -1 11 41 24 48 63 37 56 -1 -1 1 59 50 15 67 36 9 -1 46 -1 7 61 -1 16
45941 -1 -1 43 69 13 35 30 14 -1 -1 42 18 17 0 62 -1 4 -1 11 41 24 48 63 37 56 -1 -1 1 59 50 15 67 36 9 -1 46 -1 7 61 -1 16
46040 -1 -1 43 69 13 35 30 14 -1 -1 42 18 17 0 62 -1 4 71 11 41 24 48 63 37 56 -1 -1 1 59 50 15 67 36 9 -1 46 -1 7 61 -1 16
46040 -1 -1 43 69 13 35 30 14 -1 -1 42 18 17 0 62 -1 4 71 11 41 24 48 63 37 56 -1 -1 1 59 50 15 67 36 9 -1 46 -1 7 61 -1 16
46040 -1 -1 43 69 13 35 30 14 -1 -1 42 18 17 0 62 -1 4 71 11 41 24 48 63 37 56 -1 -1 1 59 50 15 67 36 9 -1 46 -1 7 61 -1 16
46973 -1 -1 43 69 13 35 30 14 -1 37 42 18 17 0 62 -1 4 71 15 41 11 48 63 24 56 -1 -1 1 59 50 7 67 36 9 -1 46 -1 74 61 -1 16
46973 -1 -1 43 69 13 35 30 14 -1 37 42 18 17 0 62 -1 4 71 15 41 11 48 63 24 56 -1 -1 1 59 50 7 67 36 9 -1 46 -1 74 61 -1 16
47895 -1 -1 43 69 13 35 30 14 -1 37 59 1 18 0 62 -1 4 71 15 42 11 48 63 24 56 -1 -1 76 17 50 7 67 36 9 -1 46 -1 74 61 -1 16
48766 -1 -1 43 69 13 35 30 14 77 37 59 1 18 0 62 -1 4 71 15 42 11 48 63 24 56 -1 -1 76 17 50 7 67 36 9 -1 46 -1 74 61 -1 16
48766 -1 -1 43 69 13 35 30 14 77 37 59 1 18 0 62 -1 4 71 15 42 11 48 63 24 56 -1 -1 76 17 50 7 67 36 9 -1 46 -1 74 61 -1 16
48766 -1 -1 43 69 13 35 30 14 77 37 59 1 18 0 62 -1 4 71 15 42 11 48 63 24 56 -1 -1 76 17 50 7 67 36 9 -1 46 -1 74 61 -1 16
48766 -1 -1 43 69 13 35 30 14 77 37 59 1 18 0 62 -1 4 71 15 42 11 48 63 24 56 -1 -1 76 17 50 7 67 36 9 -1 46 -1 74 61 -1 16
48766 -1 -1 43 69 13 35 30 14 77 37 59 1 18 0 62 -1 4 71 15 42 11 48 63 24 56 -1 -1 76 17 50 7 67 36 9 -1 46 -1 74 61 -1 16
49884 -1 -1 43 69 13 48 30 14 77 37 59 1 18 0 62 -1 4 71 15 42 11 46 82 24 63 -1 -1 76 17 50 7 56 36 9 -1 67 -1 74 61 -1 16
50236 -1 -1 43 69 13 48 30 14 77 37 59 1 18 0 62 -1 4 71 15 42 11 46 82 24 63 -1 -1 76 17 50 74 56 36 9 -1 67 -1 83 61 -1 16
50236 -1 -1 43 69 13 48 30 14 77 37 59 1 18 0 62 -1 4 71 15 42 11 46 82 24 63 -1 -1 76 17 50 74 56 36 9 -1 67 -1 83 61 -1 16
51549 -1 -1 43 69 13 48 30 14 77 37 42 1 18 0 82 -1 4 71 15 9 11 85 63 24 56 -1 -1 76 17 50 74 67 36 62 -1 46 -1 83 61 -1 16
51549 -1 -1 43 69 13 48 30 14 77 37 42 1 18 0 82 -1 4 71 15 9 11 85 63 24 56 -1 -1 76 17 50 74 67 36 62 -1 46 -1 83 61 -1 16
51811 -1 -1 43 69 13 48 30 14 77 87 42 1 18 0 82 -1 4 71 15 9 24 85 63 37 56 11 -1 76 17 50 74 67 36 62 -1 46 -1 83 61 -1 16
52100 -1 82 43 69 13 48 30 14 77 87 42 1 18 0 62 -1 4 71 15 9 24 85 63 37 56 11 -1 76 17 50 74 67 36 88 -1 46 -1 83 61 -1 16
52409 -1 82 43 69 13 48 30 14 77 87 42 1 18 0 62 -1 4 71 15 9 24 85 63 37 56 11 89 76 17 50 74 67 36 88 -1 46 -1 83 61 -1 16
