20554 -1 -1 -1 -1 -1 -1 -1 -1 -1 -1 -1 -1 -1 -1 -1 -1 -1 -1 -1 -1 -1 -1 -1 -1 -1 -1 -1 -1 -1 -1 -1 -1 -1 -1 -1 -1
21334 -1 -1 -1 -1 -1 0 -1 -1 -1 -1 -1 -1 -1 -1 -1 -1 -1 -1 -1 -1 -1 -1 -1 -1 -1 -1 -1 -1 -1 -1 -1 -1 -1 -1 -1 -1
23654 -1 -1 -1 -1 1 0 -1 -1 -1 -1 -1 -1 -1 -1 -1 -1 -1 -1 -1 -1 -1 -1 -1 -1 -1 -1 -1 -1 -1 -1 -1 -1 -1 -1 -1 -1
24660 -1 -1 -1 -1 1 2 -1 -1 -1 -1 -1 -1 -1 -1 -1 -1 -1 -1 0 -1 -1 -1 -1 -1 -1 -1 -1 -1 -1 -1 -1 -1 -1 -1 -1 -1
24660 -1 -1 -1 -1 1 2 -1 -1 -1 -1 -1 -1 -1 -1 -1 -1 -1 -1 0 -1 -1 -1 -1 -1 -1 -1 -1 -1 -1 -1 -1 -1 -1 -1 -1 -1
25838 -1 -1 -1 -1 1 0 -1 -1 -1 -1 -1 -1 -1 -1 -1 -1 2 -1 4 -1 -1 -1 -1 -1 -1 -1 -1 -1 -1 -1 -1 -1 -1 -1 -1 -1
25933 -1 -1 -1 -1 1 0 -1 -1 -1 -1 -1 -1 -1 -1 -1 -1 2 -1 4 -1 -1 -1 -1 5 -1 -1 -1 -1 -1 -1 -1 -1 -1 -1 -1 -1
27395 -1 -1 -1 -1 1 0 -1 -1 -1 -1 -1 -1 -1 -1 -1 -1 2 -1 4 -1 -1 -1 -1 5 6 -1 -1 -1 -1 -1 -1 -1 -1 -1 -1 -1
27667 -1 -1 -1 -1 1 0 -1 -1 -1 -1 -1 -1 -1 -1 -1 -1 2 -1 4 -1 -1 -1 -1 5 6 -1 -1 -1 -1 -1 -1 -1 -1 -1 7 -1
28223 -1 -1 -1 -1 1 2 -1 -1 -1 -1 -1 -1 -1 -1 -1 -1 8 -1 0 -1 4 -1 -1 5 6 -1 -1 -1 -1 -1 -1 -1 -1 -1 7 -1
30042 -1 -1 -1 -1 1 0 -1 -1 -1 -1 2 -1 -1 -1 -1 -1 8 -1 4 -1 9 -1 -1 5 6 -1 -1 -1 -1 -1 -1 -1 -1 -1 7 -1
30042 -1 -1 -1 -1 1 0 -1 -1 -1 -1 2 -1 -1 -1 -1 -1 8 -1 4 -1 9 -1 -1 5 6 -1 -1 -1 -1 -1 -1 -1 -1 -1 7 -1
30667 -1 -1 -1 -1 1 0 -1 11 -1 -1 2 -1 -1 -1 -1 -1 8 -1 4 -1 9 -1 -1 5 6 -1 -1 -1 -1 -1 -1 -1 -1 -1 7 -1
31066 -1 -1 -1 -1 6 0 -1 11 -1 -1 2 -1 -1 -1 -1 -1 8 -1 4 -1 12 -1 -1 5 9 1 -1 -1 -1 -1 -1 -1 -1 -1 7 -1
31565 -1 -1 -1 -1 6 0 -1 11 -1 -1 2 -1 -1 -1 -1 -1 8 -1 4 -1 12 -1 -1 5 9 1 -1 -1 -1 -1 -1 13 -1 -1 7 -1
32443 -1 -1 -1 -1 6 4 -1 11 -1 -1 0 -1 -1 -1 -1 -1 8 -1 12 -1 14 -1 -1 5 9 1 -1 -1 -1 -1 -1 13 2 -1 7 -1
33886 -1 -1 -1 -1 6 4 -1 11 -1 -1 0 -1 -1 -1 -1 -1 8 -1 12 -1 14 -1 15 5 9 1 -1 -1 -1 -1 -1 13 2 -1 7 -1
33886 -1 -1 -1 -1 6 4 -1 11 -1 -1 0 -1 -1 -1 -1 -1 8 -1 12 -1 14 -1 15 5 9 1 -1 -1 -1 -1 -1 13 2 -1 7 -1
35206 -1 -1 -1 -1 9 4 -1 11 -1 -1 0 -1 -1 -1 -1 -1 8 -1 12 -1 15 -1 17 5 14 6 -1 -1 -1 -1 -1 13 2 1 7 -1
35206 -1 -1 -1 -1 9 4 -1 11 -1 -1 0 -1 -1 -1 -1 -1 8 -1 12 -1 15 -1 17 5 14 6 -1 -1 -1 -1 -1 13 2 1 7 -1
35206 -1 -1 -1 -1 9 4 -1 11 -1 -1 0 -1 -1 -1 -1 -1 8 -1 12 -1 15 -1 17 5 14 6 -1 -1 -1 -1 -1 13 2 1 7 -1
36486 -1 -1 -1 -1 20 4 -1 11 -1 -1 0 -1 -1 -1 -1 -1 8 -1 12 -1 15 -1 17 5 14 9 -1 -1 -1 -1 6 13 2 1 7 -1
36971 -1 -1 -1 -1 20 4 -1 11 -1 -1 0 -1 -1 8 -1 -1 2 -1 12 -1 15 -1 17 5 14 9 -1 -1 -1 -1 6 13 21 1 7 -1
38125 -1 -1 -1 -1 14 4 -1 11 -1 -1 0 -1 -1 8 -1 -1 2 -1 12 -1 22 -1 17 5 15 20 -1 -1 -1 1 9 13 21 6 7 -1
38125 -1 -1 -1 -1 14 4 -1 11 -1 -1 0 -1 -1 8 -1 -1 2 -1 12 -1 22 -1 17 5 15 20 -1 -1 -1 1 9 13 21 6 7 -1
38171 -1 -1 -1 -1 14 4 -1 11 -1 -1 0 -1 -1 8 -1 -1 2 -1 12 -1 22 -1 17 5 15 20 -1 -1 24 1 9 13 21 6 7 -1
38710 -1 -1 1 -1 15 4 -1 11 -1 -1 0 -1 -1 8 -1 -1 2 -1 12 -1 25 -1 17 5 22 14 -1 -1 24 6 20 13 21 9 7 -1
39158 -1 -1 1 -1 15 26 -1 11 -1 -1 4 -1 -1 8 -1 -1 2 -1 12 -1 25 -1 17 5 22 14 -1 21 24 6 20 13 0 9 7 -1
41146 -1 -1 27 -1 14 26 -1 11 -1 -1 4 -1 -1 8 -1 -1 2 -1 17 -1 22 -1 25 5 15 20 -1 21 24 1 9 13 0 6 7 -1
41403 -1 -1 27 -1 14 28 -1 11 -1 -1 4 -1 -1 8 -1 -1 2 -1 26 -1 22 -1 17 25 15 20 -1 21 24 1 9 13 0 6 7 -1
41772 -1 -1 27 0 14 29 -1 11 -1 -1 28 -1 -1 8 -1 -1 2 -1 26 -1 22 -1 17 25 15 20 -1 21 24 1 9 13 4 6 7 -1
42297 -1 -1 27 21 14 28 29 11 -1 -1 4 -1 -1 8 -1 -1 30 -1 26 -1 22 -1 17 25 15 20 -1 2 24 1 9 13 0 6 7 -1
42616 -1 -1 27 21 14 28 29 11 -1 -1 4 -1 -1 8 -1 -1 30 -1 26 -1 31 -1 17 25 15 20 -1 2 24 1 9 22 0 6 7 -1
43502 -1 -1 27 0 20 29 26 11 -1 -1 28 -1 -1 8 -1 -1 30 -1 17 -1 15 -1 25 22 14 9 -1 2 24 1 6 31 4 32 21 -1
43502 -1 -1 27 0 20 29 26 11 -1 -1 28 -1 -1 8 -1 -1 30 -1 17 -1 15 -1 25 22 14 9 -1 2 24 1 6 31 4 32 21 -1
43502 -1 -1 27 0 20 29 26 11 -1 -1 28 -1 -1 8 -1 -1 30 -1 17 -1 15 -1 25 22 14 9 -1 2 24 1 6 31 4 32 21 -1
43502 -1 -1 27 0 20 29 26 11 -1 -1 28 -1 -1 8 -1 -1 30 -1 17 -1 15 -1 25 22 14 9 -1 2 24 1 6 31 4 32 21 -1
44210 -1 -1 27 0 20 26 17 11 28 -1 29 -1 -1 8 -1 -1 30 -1 25 -1 36 -1 22 31 14 9 -1 2 24 1 6 15 4 32 21 -1
44210 -1 -1 27 0 20 26 17 11 28 -1 29 -1 -1 8 -1 -1 30 -1 25 -1 36 -1 22 31 14 9 -1 2 24 1 6 15 4 32 21 -1
44210 -1 -1 27 0 20 26 17 11 28 -1 29 -1 -1 8 -1 -1 30 -1 25 -1 36 -1 22 31 14 9 -1 2 24 1 6 15 4 32 21 -1
44594 -1 -1 27 4 20 17 25 11 29 -1 26 -1 2 8 -1 -1 30 -1 22 -1 36 -1 39 31 14 9 -1 21 24 1 6 15 28 32 0 -1
45236 -1 -1 27 4 9 17 22 11 29 -1 26 -1 2 8 -1 -1 30 -1 39 -1 14 -1 31 15 20 6 -1 21 24 1 40 36 28 32 0 -1
45871 -1 -1 27 4 41 22 39 11 26 -1 17 -1 2 8 -1 -1 30 -1 31 -1 20 -1 15 36 9 6 -1 21 24 1 40 14 29 32 0 -1
45871 -1 -1 27 4 41 22 39 11 26 -1 17 -1 2 8 -1 -1 30 -1 31 -1 20 -1 15 36 9 6 -1 21 24 1 40 14 29 32 0 -1
45871 -1 -1 27 4 41 22 39 11 26 -1 17 -1 2 8 -1 -1 30 -1 31 -1 20 -1 15 36 9 6 -1 21 24 1 40 14 29 32 0 -1
45871 -1 -1 27 4 41 22 39 11 26 -1 17 -1 2 8 -1 -1 30 -1 31 -1 20 -1 15 36 9 6 -1 21 24 1 40 14 29 32 0 -1
45871 -1 -1 27 4 41 22 39 11 26 -1 17 -1 2 8 -1 -1 30 -1 31 -1 20 -1 15 36 9 6 -1 21 24 1 40 14 29 32 0 -1
46072 -1 -1 27 4 41 22 39 11 26 -1 46 -1 2 8 -1 17 30 -1 31 -1 20 -1 15 36 9 6 -1 21 24 1 40 14 29 32 0 -1
46209 -1 -1 27 4 41 22 47 11 26 -1 46 -1 2 8 -1 17 30 -1 39 -1 20 -1 15 36 9 6 -1 21 24 1 40 14 29 32 0 -1
46571 -1 -1 27 0 41 22 47 11 29 -1 46 -1 48 8 -1 17 30 -1 39 -1 20 -1 15 36 9 6 -1 2 24 1 40 14 4 32 21 -1
46571 -1 -1 27 0 41 22 47 11 29 -1 46 -1 48 8 -1 17 30 -1 39 -1 20 -1 15 36 9 6 -1 2 24 1 40 14 4 32 21 -1
46571 -1 -1 27 0 41 22 47 11 29 -1 46 -1 48 8 -1 17 30 -1 39 -1 20 -1 15 36 9 6 -1 2 24 1 40 14 4 32 21 -1
46571 -1 -1 27 0 41 22 47 11 29 -1 46 -1 48 8 -1 17 30 -1 39 -1 20 -1 15 36 9 6 -1 2 24 1 40 14 4 32 21 -1
46938 -1 -1 27 0 41 47 39 11 29 -1 22 -1 48 8 -1 17 30 -1 15 -1 20 -1 52 36 9 6 -1 2 24 1 40 14 4 32 21 46
47363 -1 46 27 0 53 39 15 11 29 -1 47 -1 48 8 -1 17 30 -1 52 -1 9 -1 36 14 41 6 -1 2 24 1 40 20 4 32 21 22
48338 -1 22 27 4 6 15 52 11 17 -1 39 -1 2 30 -1 46 48 -1 36 -1 41 -1 14 20 53 40 -1 21 24 1 54 9 29 32 0 47
48338 -1 22 27 4 6 15 52 11 17 -1 39 -1 2 30 -1 46 48 -1 36 -1 41 -1 14 20 53 40 -1 21 24 1 54 9 29 32 0 47
48464 -1 22 27 4 6 15 52 11 17 -1 39 -1 2 30 -1 46 48 -1 36 -1 41 -1 56 20 53 40 -1 21 24 1 54 9 29 32 0 47
48464 -1 22 27 4 6 15 52 11 17 -1 39 -1 2 30 -1 46 48 -1 36 -1 41 -1 56 20 53 40 -1 21 24 1 54 9 29 32 0 47
48464 -1 22 27 4 6 15 52 11 17 -1 39 -1 2 30 -1 46 48 -1 36 -1 41 -1 56 20 53 40 -1 21 24 1 54 9 29 32 0 47
49157 -1 22 27 4 6 15 36 11 17 52 39 -1 2 30 -1 46 48 -1 56 -1 59 -1 20 9 53 40 -1 21 24 1 54 41 29 32 0 47
49157 -1 22 27 4 6 15 36 11 17 52 39 -1 2 30 -1 46 48 -1 56 -1 59 -1 20 9 53 40 -1 21 24 1 54 41 29 32 0 47
49157 -1 22 27 4 6 15 36 11 17 52 39 -1 2 30 -1 46 48 -1 56 -1 59 -1 20 9 53 40 -1 21 24 1 54 41 29 32 0 47
49157 -1 22 27 4 6 15 36 11 17 52 39 -1 2 30 -1 46 48 -1 56 -1 59 -1 20 9 53 40 -1 21 24 1 54 41 29 32 0 47
49157 -1 22 27 4 6 15 36 11 17 52 39 -1 2 30 -1 46 48 -1 56 -1 59 -1 20 9 53 40 -1 21 24 1 54 41 29 32 0 47
49185 -1 22 27 4 6 15 36 11 17 52 39 -1 2 30 -1 46 48 -1 56 -1 59 -1 20 9 53 40 0 21 24 1 54 41 29 32 64 47
49768 -1 22 27 4 6 52 56 11 17 36 39 -1 2 30 -1 46 48 -1 20 -1 53 15 9 41 65 40 0 21 24 1 54 59 29 32 64 47
49768 -1 22 27 4 6 52 56 11 17 36 39 -1 2 30 -1 46 48 -1 20 -1 53 15 9 41 65 40 0 21 24 1 54 59 29 32 64 47
49890 -1 22 27 4 6 52 56 11 17 36 39 -1 48 67 -1 46 30 -1 20 -1 53 15 9 41 65 40 21 2 24 1 54 59 29 32 64 47
50161 -1 47 27 4 6 52 56 11 46 36 39 -1 48 67 -1 22 30 -1 20 -1 53 15 9 41 65 40 21 2 17 1 54 59 29 32 64 68
50161 -1 47 27 4 6 52 56 11 46 36 39 -1 48 67 -1 22 30 -1 20 -1 53 15 9 41 65 40 21 2 17 1 54 59 29 32 64 68
50370 -1 47 27 4 6 52 56 11 46 36 39 -1 70 67 -1 22 30 -1 20 -1 53 15 9 41 65 40 2 48 17 1 54 59 29 32 21 68
50908 -1 68 27 4 6 52 56 11 46 36 71 47 70 67 -1 22 30 -1 20 -1 53 15 9 41 65 40 2 48 17 1 54 59 29 32 21 39
50937 -1 68 27 4 6 52 56 11 46 36 71 47 70 67 -1 22 30 -1 20 -1 53 15 9 41 65 40 48 72 17 1 54 59 29 32 2 39
51057 -1 68 27 4 6 52 56 11 46 36 71 47 70 67 -1 22 30 73 20 -1 53 15 9 41 65 40 48 72 17 1 54 59 29 32 2 39
51111 -1 68 27 4 6 15 36 11 46 52 74 47 70 67 -1 22 30 73 20 -1 53 71 9 41 65 40 48 72 17 1 54 59 29 32 2 39
51398 -1 68 27 4 6 15 36 11 46 52 74 75 70 67 -1 22 30 73 20 -1 53 71 9 41 65 40 48 72 17 1 54 59 29 32 2 39
52247 -1 39 27 29 6 52 20 11 22 36 71 68 70 67 -1 75 30 73 9 -1 53 15 41 76 65 40 2 48 46 1 54 59 17 32 4 74
52247 -1 39 27 29 6 52 20 11 22 36 71 68 70 67 -1 75 30 73 9 -1 53 15 41 76 65 40 2 48 46 1 54 59 17 32 4 74
52247 -1 39 27 29 6 52 20 11 22 36 71 68 70 67 -1 75 30 73 9 -1 53 15 41 76 65 40 2 48 46 1 54 59 17 32 4 74
52607 -1 39 27 4 6 52 20 11 22 36 71 68 70 67 -1 75 30 73 9 -1 53 15 41 76 65 40 2 48 46 1 54 59 17 32 79 74
52607 -1 39 27 4 6 52 20 11 22 36 71 68 70 67 -1 75 30 73 9 -1 53 15 41 76 65 40 2 48 46 1 54 59 17 32 79 74
52891 -1 68 27 79 6 52 20 11 46 36 71 75 70 67 -1 22 30 73 9 -1 53 15 41 76 65 40 2 48 17 1 54 59 4 32 81 39
52891 -1 68 27 79 6 52 20 11 46 36 71 75 70 67 -1 22 30 73 9 -1 53 15 41 76 65 40 2 48 17 1 54 59 4 32 81 39
52891 -1 68 27 79 6 52 20 11 46 36 71 75 70 67 -1 22 30 73 9 -1 53 15 41 76 65 40 2 48 17 1 54 59 4 32 81 39
53400 -1 39 27 79 6 52 20 11 22 36 71 68 70 67 -1 75 30 73 9 -1 53 15 41 76 65 40 2 48 17 1 54 59 4 32 81 84
53601 -1 39 27 4 6 52 20 11 22 36 71 68 48 30 -1 75 70 73 9 -1 53 15 41 76 65 40 81 2 85 1 54 59 17 32 79 84
53946 -1 68 27 4 6 52 20 11 85 36 71 75 48 30 -1 22 70 73 9 -1 53 15 41 76 65 40 81 2 86 1 54 59 17 32 79 84
53946 -1 68 27 4 6 52 20 11 85 36 71 75 48 30 -1 22 70 73 9 -1 53 15 41 76 65 40 81 2 86 1 54 59 17 32 79 84
