14744 -1 -1 -1 -1 -1 -1 -1 -1 -1 -1 -1 -1 -1 -1 -1 -1 -1 -1 -1 -1 -1 -1 -1 -1 -1 -1 -1 -1 -1
16412 -1 -1 -1 -1 -1 -1 -1 -1 -1 -1 0 -1 -1 -1 -1 -1 -1 -1 -1 -1 -1 -1 -1 -1 -1 -1 -1 -1 -1
16412 -1 -1 -1 -1 -1 -1 -1 -1 -1 -1 0 -1 -1 -1 -1 -1 -1 -1 -1 -1 -1 -1 -1 -1 -1 -1 -1 -1 -1
17373 -1 -1 -1 -1 -1 -1 -1 -1 -1 -1 2 -1 -1 -1 -1 -1 -1 -1 -1 0 -1 -1 -1 -1 -1 -1 -1 -1 -1
18466 -1 -1 -1 -1 -1 -1 -1 -1 -1 -1 2 -1 -1 -1 -1 -1 -1 -1 -1 0 -1 -1 -1 3 -1 -1 -1 -1 -1
18936 -1 -1 -1 -1 -1 -1 -1 -1 -1 -1 2 -1 -1 4 -1 -1 -1 -1 -1 0 -1 -1 -1 3 -1 -1 -1 -1 -1
20091 -1 2 -1 -1 -1 -1 -1 -1 -1 -1 3 -1 -1 4 -1 -1 -1 -1 -1 0 -1 -1 -1 5 -1 -1 -1 -1 -1
20091 -1 2 -1 -1 -1 -1 -1 -1 -1 -1 3 -1 -1 4 -1 -1 -1 -1 -1 0 -1 -1 -1 5 -1 -1 -1 -1 -1
20091 -1 2 -1 -1 -1 -1 -1 -1 -1 -1 3 -1 -1 4 -1 -1 -1 -1 -1 0 -1 -1 -1 5 -1 -1 -1 -1 -1
21336 -1 2 -1 4 -1 -1 -1 -1 -1 -1 3 -1 -1 5 -1 -1 -1 -1 -1 0 -1 -1 -1 8 -1 -1 -1 -1 -1
21336 -1 2 -1 4 -1 -1 -1 -1 -1 -1 3 -1 -1 5 -1 -1 -1 -1 -1 0 -1 -1 -1 8 -1 -1 -1 -1 -1
22307 -1 2 -1 4 -1 -1 -1 -1 -1 -1 3 -1 -1 10 -1 -1 -1 -1 -1 0 -1 -1 5 8 -1 -1 -1 -1 -1
23024 4 2 -1 11 -1 -1 -1 -1 -1 -1 3 -1 -1 10 -1 -1 -1 -1 -1 0 -1 -1 5 8 -1 -1 -1 -1 -1
23024 4 2 -1 11 -1 -1 -1 -1 -1 -1 3 -1 -1 10 -1 -1 -1 -1 -1 0 -1 -1 5 8 -1 -1 -1 -1 -1
23702 4 2 -1 11 -1 -1 -1 -1 -1 -1 3 -1 -1 10 -1 13 -1 -1 -1 0 -1 -1 5 8 -1 -1 -1 -1 -1
23942 14 2 -1 11 -1 -1 -1 -1 -1 -1 3 -1 -1 4 -1 13 -1 -1 -1 0 -1 -1 10 5 8 -1 -1 -1 -1
23994 14 2 -1 11 -1 -1 -1 -1 -1 -1 3 -1 -1 15 -1 13 -1 -1 -1 0 -1 -1 10 5 8 4 -1 -1 -1
23994 14 2 -1 11 -1 -1 -1 -1 -1 -1 3 -1 -1 15 -1 13 -1 -1 -1 0 -1 -1 10 5 8 4 -1 -1 -1
25256 14 2 -1 11 -1 -1 -1 -1 -1 -1 3 -1 -1 4 -1 13 -1 -1 -1 0 -1 -1 5 17 8 10 -1 -1 -1
25826 14 2 -1 11 -1 -1 -1 -1 -1 -1 3 -1 -1 4 -1 13 -1 -1 18 0 -1 -1 5 17 8 10 -1 -1 -1
27371 14 2 -1 11 -1 -1 -1 -1 0 -1 3 -1 -1 4 -1 13 -1 -1 18 19 -1 -1 5 17 8 10 -1 -1 -1
28042 20 2 -1 11 -1 -1 -1 -1 0 -1 3 -1 -1 4 -1 13 -1 -1 18 19 -1 14 5 17 8 10 -1 -1 -1
28042 20 2 -1 11 -1 -1 -1 -1 0 -1 3 -1 -1 4 -1 13 -1 -1 18 19 -1 14 5 17 8 10 -1 -1 -1
28556 20 2 -1 11 -1 -1 -1 -1 0 8 3 -1 -1 4 -1 13 -1 -1 18 19 -1 14 22 5 17 10 -1 -1 -1
28852 20 2 -1 11 -1 -1 -1 -1 0 8 3 -1 -1 4 -1 13 -1 -1 18 19 -1 23 22 5 17 10 -1 -1 -1
29391 20 2 -1 11 -1 -1 -1 -1 0 8 3 -1 -1 10 -1 13 -1 -1 18 19 -1 23 22 5 17 24 -1 -1 -1
30501 20 2 19 11 -1 -1 -1 -1 0 8 3 -1 -1 10 -1 13 -1 -1 18 25 -1 23 22 5 17 24 -1 -1 -1
30846 10 2 19 11 -1 -1 -1 -1 0 3 26 -1 -1 24 -1 13 -1 -1 18 25 -1 23 5 17 8 22 -1 20 -1
31694 24 2 19 11 -1 -1 -1 -1 0 3 26 -1 -1 22 -1 13 -1 -1 18 25 -1 23 27 17 8 5 20 10 -1
32206 24 28 19 11 -1 -1 -1 -1 0 26 2 -1 -1 22 5 13 -1 -1 18 25 -1 23 17 8 3 27 20 10 -1
32206 24 28 19 11 -1 -1 -1 -1 0 26 2 -1 -1 22 5 13 -1 -1 18 25 -1 23 17 8 3 27 20 10 -1
32206 24 28 19 11 -1 -1 -1 -1 0 26 2 -1 -1 22 5 13 -1 -1 18 25 -1 23 17 8 3 27 20 10 -1
32206 24 28 19 11 -1 -1 -1 -1 0 26 2 -1 -1 22 5 13 -1 -1 18 25 -1 23 17 8 3 27 20 10 -1
32206 24 28 19 11 -1 -1 -1 -1 0 26 2 -1 -1 22 5 13 -1 -1 18 25 -1 23 17 8 3 27 20 10 -1
32206 24 28 19 11 -1 -1 -1 -1 0 26 2 -1 -1 22 5 13 -1 -1 18 25 -1 23 17 8 3 27 20 10 -1
33093 22 0 34 11 -1 -1 23 -1 19 2 28 -1 -1 5 27 13 -1 -1 18 25 -1 20 8 3 26 17 10 24 -1
33867 5 19 25 11 -1 -1 23 -1 34 28 0 -1 -1 27 17 13 22 -1 18 35 -1 20 3 26 2 8 10 24 -1
33867 5 19 25 11 -1 -1 23 -1 34 28 0 -1 -1 27 17 13 22 -1 18 35 -1 20 3 26 2 8 10 24 -1
33867 5 19 25 11 -1 -1 23 -1 34 28 0 -1 -1 27 17 13 22 -1 18 35 -1 20 3 26 2 8 10 24 -1
34410 5 19 25 11 -1 -1 23 -1 34 28 0 2 -1 38 27 13 22 -1 18 35 -1 20 8 3 26 17 10 24 -1
34752 5 19 25 11 -1 -1 23 -1 34 28 0 2 -1 38 39 13 22 -1 27 35 -1 20 8 3 26 17 10 24 -1
35151 5 19 25 11 -1 -1 20 -1 34 28 0 2 -1 38 39 13 22 -1 27 35 -1 10 8 3 26 17 24 40 -1
35151 5 19 25 11 -1 -1 20 -1 34 28 0 2 -1 38 39 13 22 -1 27 35 -1 10 8 3 26 17 24 40 -1
35336 22 19 25 11 -1 -1 20 -1 34 28 0 26 -1 5 27 13 40 -1 38 35 -1 10 17 8 3 39 24 42 -1
35372 22 19 25 11 -1 -1 20 -1 34 0 43 28 -1 5 27 13 40 -1 38 35 -1 10 17 8 3 39 24 42 -1
35375 5 19 25 11 20 -1 10 -1 34 0 43 28 -1 44 27 13 22 -1 38 35 -1 24 17 8 3 39 40 42 -1
35936 5 34 45 11 20 -1 10 -1 25 43 19 0 -1 38 39 13 22 -1 27 35 -1 24 8 3 28 17 40 42 -1
36468 5 25 46 11 20 -1 10 -1 45 19 34 0 -1 38 39 13 22 -1 27 35 -1 24 8 3 28 17 40 42 -1
36468 5 25 46 11 20 -1 10 -1 45 19 34 0 -1 38 39 13 22 -1 27 35 -1 24 8 3 28 17 40 42 -1
36468 5 25 46 11 20 -1 10 -1 45 19 34 0 -1 38 39 13 22 -1 27 35 -1 24 8 3 28 17 40 42 -1
37220 38 45 35 11 20 -1 10 -1 46 34 25 19 -1 27 17 13 5 -1 39 49 -1 24 3 28 0 8 40 42 -1
37278 27 45 35 5 20 -1 10 -1 46 34 25 19 -1 39 17 13 38 -1 50 49 -1 24 3 28 0 8 40 42 -1
37278 27 45 35 5 20 -1 10 -1 46 34 25 19 -1 39 17 13 38 -1 50 49 -1 24 3 28 0 8 40 42 -1
37612 27 45 35 52 10 20 24 -1 46 34 25 19 -1 39 17 13 38 -1 50 49 -1 40 3 28 0 8 5 42 -1
37863 27 45 35 52 24 10 53 -1 46 34 25 19 -1 39 17 13 38 20 50 49 -1 40 3 28 0 8 5 42 -1
37863 27 45 35 52 24 10 53 -1 46 34 25 19 -1 39 17 13 38 20 50 49 -1 40 3 28 0 8 5 42 -1
37863 27 45 35 52 24 10 53 -1 46 34 25 19 -1 39 17 13 38 20 50 49 -1 40 3 28 0 8 5 42 -1
37863 27 45 35 52 24 10 53 -1 46 34 25 19 -1 39 17 13 38 20 50 49 -1 40 3 28 0 8 5 42 -1
37863 27 45 35 52 24 10 53 -1 46 34 25 19 -1 39 17 13 38 20 50 49 -1 40 3 28 0 8 5 42 -1
38133 27 45 35 52 24 10 53 39 46 34 25 19 -1 17 8 13 38 20 50 49 -1 40 58 28 0 3 5 42 -1
38133 27 45 35 52 24 10 53 39 46 34 25 19 -1 17 8 13 38 20 50 49 -1 40 58 28 0 3 5 42 -1
38133 27 45 35 52 24 10 53 39 46 34 25 19 -1 17 8 13 38 20 50 49 -1 40 58 28 0 3 5 42 -1
38133 27 45 35 52 24 10 53 39 46 34 25 19 -1 17 8 13 38 20 50 49 -1 40 58 28 0 3 5 42 -1
38133 27 45 35 52 24 10 53 39 46 34 25 19 -1 17 8 13 38 20 50 49 -1 40 58 28 0 3 5 42 -1
