-1879 -1 -1 -1 -1 -1 -1 -1 -1 -1 -1 -1 -1 -1 -1 -1 -1 -1 -1 -1 -1
569 -1 -1 -1 -1 -1 -1 -1 -1 -1 -1 -1 -1 -1 -1 -1 -1 -1 0 -1 -1
1410 -1 -1 -1 -1 -1 -1 -1 -1 -1 -1 -1 -1 -1 -1 -1 1 -1 0 -1 -1
1492 0 -1 -1 -1 -1 -1 -1 -1 -1 -1 -1 -1 -1 -1 -1 1 -1 2 -1 -1
1770 0 -1 -1 -1 -1 -1 -1 -1 3 -1 -1 -1 -1 -1 -1 1 -1 2 -1 -1
4099 0 -1 -1 -1 -1 -1 -1 -1 3 -1 -1 -1 -1 -1 -1 1 4 2 -1 -1
4920 0 -1 -1 -1 -1 -1 -1 -1 3 -1 -1 5 -1 -1 -1 1 4 2 -1 -1
5456 0 -1 -1 -1 -1 -1 -1 -1 3 -1 -1 5 -1 -1 -1 1 4 6 -1 -1
6540 0 1 -1 -1 -1 -1 -1 -1 3 -1 -1 5 -1 -1 -1 7 4 6 -1 -1
6699 0 1 -1 -1 -1 8 -1 -1 3 -1 -1 5 -1 -1 -1 7 4 6 -1 -1
8377 9 1 -1 -1 -1 8 -1 -1 3 -1 -1 5 -1 -1 -1 7 4 0 6 -1
10342 10 1 -1 -1 -1 8 0 -1 3 -1 -1 5 -1 -1 -1 7 4 9 6 -1
11554 10 1 -1 -1 11 8 0 -1 3 -1 -1 5 -1 -1 -1 7 4 9 6 -1
12773 12 1 -1 -1 11 8 0 -1 3 9 -1 5 -1 -1 -1 7 4 10 6 -1
12908 12 1 -1 -1 11 8 0 -1 3 9 -1 5 -1 13 -1 7 4 10 6 -1
13314 12 14 -1 -1 11 8 0 -1 3 9 -1 5 -1 13 1 7 4 10 6 -1
13538 12 7 -1 -1 5 8 0 -1 3 9 -1 1 -1 13 14 4 15 10 11 -1
15235 12 7 -1 -1 5 8 9 -1 3 10 -1 1 -1 0 14 4 15 16 11 -1
15437 12 17 -1 -1 5 8 9 -1 3 10 -1 1 -1 0 14 7 4 16 11 -1
15437 12 17 -1 -1 5 8 9 -1 3 10 -1 1 -1 0 14 7 4 16 11 -1
15437 12 17 -1 -1 5 8 9 -1 3 10 -1 1 -1 0 14 7 4 16 11 -1
16853 12 17 -1 -1 11 8 20 -1 3 10 -1 5 -1 9 14 7 4 16 0 -1
17148 12 17 -1 -1 11 8 20 -1 21 10 -1 5 -1 9 14 7 4 16 0 -1
18005 12 17 -1 -1 11 20 9 -1 21 10 -1 5 -1 0 14 7 4 16 22 -1
18239 12 17 -1 -1 11 9 23 -1 21 10 -1 5 20 0 14 7 4 16 22 -1
18239 12 17 -1 -1 11 9 23 -1 21 10 -1 5 20 0 14 7 4 16 22 -1
18239 12 17 -1 -1 11 9 23 -1 21 10 -1 5 20 0 14 7 4 16 22 -1
18818 12 17 -1 -1 22 20 9 -1 21 10 -1 11 26 23 5 7 4 16 0 -1
20125 12 27 -1 -1 11 20 9 -1 21 10 -1 5 26 0 17 7 4 16 22 -1
21181 12 27 -1 -1 11 20 9 -1 21 10 -1 5 26 0 28 7 4 16 22 -1
22340 12 29 -1 -1 11 20 9 5 21 10 -1 28 26 0 27 7 4 16 22 -1
22340 12 29 -1 -1 11 20 9 5 21 10 -1 28 26 0 27 7 4 16 22 -1
23111 12 29 7 -1 11 20 9 5 21 10 -1 28 26 0 27 31 4 16 22 -1
23829 12 7 31 -1 11 20 9 28 21 10 -1 27 26 0 29 32 4 16 22 -1
24482 33 7 31 26 11 20 9 28 21 16 -1 27 10 0 29 32 4 12 22 -1
24482 33 7 31 26 11 20 9 28 21 16 -1 27 10 0 29 32 4 12 22 -1
24955 33 29 31 26 11 20 9 35 21 16 -1 28 10 0 27 32 4 12 22 -1
24955 33 29 31 26 11 20 9 35 21 16 -1 28 10 0 27 32 4 12 22 -1
24955 33 29 31 26 11 20 9 35 21 16 -1 28 10 0 27 32 4 12 22 -1
24955 33 29 31 26 11 20 9 35 21 16 -1 28 10 0 27 32 4 12 22 -1
25208 33 29 31 20 39 9 0 35 21 10 -1 28 26 22 27 32 4 16 11 -1
25208 33 29 31 20 39 9 0 35 21 10 -1 28 26 22 27 32 4 16 11 -1
25982 33 31 41 20 39 9 0 28 21 10 -1 27 26 22 29 32 4 16 11 35
25982 33 31 41 20 39 9 0 28 21 10 -1 27 26 22 29 32 4 16 11 35
25982 33 31 41 20 39 9 0 28 21 10 -1 27 26 22 29 32 4 16 11 35
25982 33 31 41 20 39 9 0 28 21 10 -1 27 26 22 29 32 4 16 11 35
25982 33 31 41 20 39 9 0 28 21 10 -1 27 26 22 29 32 4 16 11 35
25982 33 31 41 20 39 9 0 28 21 10 -1 27 26 22 29 32 4 16 11 35
26123 33 31 41 20 47 9 0 28 39 10 -1 27 26 22 29 32 4 16 11 35
26123 33 31 41 20 47 9 0 28 39 10 -1 27 26 22 29 32 4 16 11 35
26123 33 31 41 20 47 9 0 28 39 10 -1 27 26 22 29 32 4 16 11 35
26123 33 31 41 20 47 9 0 28 39 10 -1 27 26 22 29 32 4 16 11 35
