-789 -1 -1 -1 -1 -1 -1 -1 -1 -1 -1 -1 -1 -1 -1 -1 -1 -1 -1 -1 -1 -1 -1 -1 -1 -1 -1 -1 -1 -1 -1 -1 -1 -1 -1 -1 -1 -1 -1 -1 -1 -1 -1 -1 -1 -1 -1
689 -1 -1 -1 -1 -1 -1 -1 -1 -1 -1 -1 -1 -1 -1 -1 -1 -1 -1 -1 -1 -1 -1 -1 -1 -1 -1 -1 -1 -1 -1 -1 -1 0 -1 -1 -1 -1 -1 -1 -1 -1 -1 -1 -1 -1 -1
689 -1 -1 -1 -1 -1 -1 -1 -1 -1 -1 -1 -1 -1 -1 -1 -1 -1 -1 -1 -1 -1 -1 -1 -1 -1 -1 -1 -1 -1 -1 -1 -1 0 -1 -1 -1 -1 -1 -1 -1 -1 -1 -1 -1 -1 -1
2169 -1 -1 -1 -1 -1 -1 -1 -1 -1 -1 -1 -1 -1 -1 -1 -1 -1 -1 -1 -1 -1 -1 -1 -1 -1 -1 -1 -1 -1 -1 -1 -1 2 -1 -1 -1 -1 -1 -1 -1 -1 0 -1 -1 -1 -1
2469 -1 -1 -1 -1 -1 -1 -1 -1 -1 -1 -1 -1 -1 -1 -1 -1 -1 -1 0 -1 -1 -1 -1 -1 -1 -1 -1 -1 -1 -1 -1 -1 2 -1 -1 -1 -1 -1 -1 -1 -1 3 -1 -1 -1 -1
4608 -1 -1 -1 -1 -1 -1 -1 -1 -1 -1 -1 -1 -1 -1 -1 -1 -1 -1 0 -1 -1 -1 -1 -1 -1 -1 -1 -1 -1 -1 -1 -1 2 -1 -1 -1 4 -1 -1 -1 -1 3 -1 -1 -1 -1
5768 -1 -1 -1 -1 -1 -1 -1 -1 -1 -1 -1 -1 -1 -1 -1 -1 -1 -1 0 -1 -1 -1 -1 -1 -1 -1 -1 -1 -1 3 -1 -1 2 -1 -1 -1 4 -1 -1 -1 -1 5 -1 -1 -1 -1
8580 -1 -1 -1 -1 -1 -1 -1 -1 -1 -1 -1 -1 -1 -1 -1 -1 -1 -1 6 -1 -1 -1 -1 -1 -1 -1 -1 5 -1 3 -1 -1 2 -1 -1 -1 4 -1 -1 -1 -1 0 -1 -1 -1 -1
10002 -1 -1 -1 -1 -1 -1 -1 -1 -1 -1 -1 -1 -1 -1 -1 -1 -1 -1 6 -1 -1 -1 -1 5 -1 -1 -1 7 -1 3 -1 -1 2 -1 -1 -1 4 -1 -1 -1 -1 0 -1 -1 -1 -1
12063 -1 -1 -1 -1 -1 -1 -1 -1 -1 -1 -1 -1 -1 -1 -1 -1 -1 -1 6 -1 -1 -1 8 5 -1 -1 -1 7 -1 3 -1 -1 2 -1 -1 -1 4 -1 -1 -1 -1 0 -1 -1 -1 -1
14702 -1 -1 -1 -1 -1 -1 -1 -1 -1 -1 -1 -1 -1 -1 -1 -1 -1 -1 6 -1 -1 -1 8 5 -1 -1 -1 7 -1 3 -1 -1 2 -1 -1 -1 4 -1 -1 -1 -1 0 -1 -1 9 -1
14891 -1 -1 4 -1 -1 -1 -1 -1 -1 -1 -1 -1 -1 -1 -1 -1 -1 -1 6 -1 -1 -1 8 5 -1 -1 -1 7 -1 3 -1 -1 2 -1 -1 -1 10 -1 -1 -1 -1 0 -1 -1 9 -1
15978 -1 -1 4 -1 -1 -1 -1 -1 -1 -1 -1 -1 -1 -1 -1 -1 3 -1 6 -1 -1 -1 8 5 -1 -1 -1 7 -1 11 -1 -1 2 -1 -1 -1 10 -1 -1 -1 -1 0 -1 -1 9 -1
16994 -1 -1 4 10 -1 -1 -1 -1 -1 -1 -1 -1 -1 -1 -1 -1 3 -1 6 -1 -1 -1 8 5 -1 -1 -1 7 -1 11 -1 -1 2 -1 -1 -1 12 -1 -1 -1 -1 0 -1 -1 9 -1
17840 -1 -1 4 12 -1 -1 -1 -1 -1 -1 -1 -1 -1 -1 -1 -1 10 -1 6 -1 -1 -1 8 5 3 -1 -1 7 -1 11 -1 -1 2 -1 -1 -1 13 -1 -1 -1 -1 0 -1 -1 9 -1
18010 -1 -1 13 12 -1 -1 -1 -1 -1 -1 -1 -1 -1 -1 -1 -1 10 -1 6 -1 -1 -1 8 5 3 -1 -1 7 -1 11 4 -1 2 -1 -1 -1 14 -1 -1 -1 -1 0 -1 -1 9 -1
20754 -1 -1 13 12 -1 -1 -1 -1 -1 -1 -1 -1 -1 -1 -1 5 10 -1 15 -1 -1 -1 8 7 3 -1 -1 0 -1 11 4 -1 2 -1 -1 -1 14 -1 -1 -1 -1 6 -1 -1 9 -1
20754 -1 -1 13 12 -1 -1 -1 -1 -1 -1 -1 -1 -1 -1 -1 5 10 -1 15 -1 -1 -1 8 7 3 -1 -1 0 -1 11 4 -1 2 -1 -1 -1 14 -1 -1 -1 -1 6 -1 -1 9 -1
21737 -1 -1 13 12 -1 -1 -1 -1 -1 -1 -1 -1 -1 -1 -1 5 10 -1 15 -1 -1 -1 8 7 3 -1 -1 17 -1 11 4 -1 2 -1 -1 -1 14 -1 -1 0 -1 6 -1 -1 9 -1
22006 -1 -1 4 14 -1 -1 -1 -1 -1 -1 -1 -1 -1 -1 -1 5 12 -1 15 -1 -1 -1 8 7 10 -1 -1 17 -1 11 18 -1 2 -1 -1 -1 13 -1 -1 0 -1 6 -1 -1 9 -1
23376 -1 -1 4 14 -1 -1 -1 -1 -1 -1 -1 -1 -1 -1 -1 5 12 -1 19 -1 -1 -1 8 7 10 -1 -1 17 -1 11 18 -1 2 -1 -1 15 13 -1 -1 0 -1 6 -1 -1 9 -1
25445 -1 -1 4 14 -1 -1 -1 -1 -1 -1 -1 -1 -1 -1 -1 5 12 -1 19 -1 20 -1 8 7 10 -1 -1 17 -1 11 18 -1 2 -1 -1 15 13 -1 -1 0 -1 6 -1 -1 9 -1
26786 -1 -1 4 12 -1 -1 -1 -1 -1 -1 -1 -1 -1 -1 -1 7 10 -1 19 -1 20 13 8 21 11 -1 -1 17 -1 5 18 -1 2 -1 -1 15 14 -1 -1 0 -1 6 -1 -1 9 -1
26786 -1 -1 4 12 -1 -1 -1 -1 -1 -1 -1 -1 -1 -1 -1 7 10 -1 19 -1 20 13 8 21 11 -1 -1 17 -1 5 18 -1 2 -1 -1 15 14 -1 -1 0 -1 6 -1 -1 9 -1
26910 -1 -1 4 12 -1 -1 -1 -1 -1 -1 -1 -1 -1 -1 -1 23 11 -1 19 -1 20 13 8 21 5 -1 -1 17 -1 7 18 -1 2 -1 -1 15 14 -1 -1 0 -1 6 -1 -1 9 -1
27219 -1 -1 4 12 -1 -1 -1 -1 -1 -1 -1 -1 -1 -1 -1 24 11 -1 19 -1 20 13 8 21 5 -1 -1 17 -1 7 18 -1 2 -1 -1 15 14 -1 -1 0 -1 6 -1 -1 9 -1
27219 -1 -1 4 12 -1 -1 -1 -1 -1 -1 -1 -1 -1 -1 -1 24 11 -1 19 -1 20 13 8 21 5 -1 -1 17 -1 7 18 -1 2 -1 -1 15 14 -1 -1 0 -1 6 -1 -1 9 -1
28693 -1 -1 4 12 -1 -1 -1 -1 -1 -1 -1 -1 -1 -1 -1 24 11 -1 19 -1 20 13 8 21 5 -1 -1 17 -1 7 18 0 2 -1 -1 15 14 -1 -1 6 -1 26 -1 -1 9 -1
28693 -1 -1 4 12 -1 -1 -1 -1 -1 -1 -1 -1 -1 -1 -1 24 11 -1 19 -1 20 13 8 21 5 -1 -1 17 -1 7 18 0 2 -1 -1 15 14 -1 -1 6 -1 26 -1 -1 9 -1
30176 15 -1 4 12 -1 -1 -1 -1 -1 -1 -1 -1 -1 -1 -1 24 11 -1 28 -1 19 13 8 21 5 -1 -1 17 -1 7 18 0 2 -1 -1 20 14 -1 -1 6 -1 26 -1 -1 9 -1
31139 15 -1 4 12 -1 -1 -1 -1 -1 -1 -1 -1 -1 -1 -1 24 11 -1 28 -1 19 13 8 21 5 -1 -1 17 -1 7 18 29 2 -1 -1 20 14 -1 -1 6 -1 26 -1 -1 9 -1
31556 15 -1 4 12 -1 -1 -1 -1 -1 -1 -1 -1 -1 -1 -1 24 11 -1 28 -1 19 13 8 21 5 -1 -1 17 -1 7 30 29 2 18 -1 20 14 -1 -1 6 -1 26 -1 -1 9 -1
32421 15 -1 4 12 -1 -1 -1 -1 -1 -1 -1 -1 -1 -1 -1 24 5 -1 28 -1 19 13 8 21 31 -1 -1 17 -1 7 30 29 2 18 -1 20 14 -1 -1 6 -1 26 11 -1 9 -1
32693 15 -1 4 12 -1 -1 -1 -1 -1 -1 -1 -1 -1 -1 -1 24 5 -1 28 -1 19 13 8 21 31 -1 -1 17 -1 7 30 29 20 18 -1 32 14 -1 -1 6 -1 26 11 -1 9 -1
33838 15 -1 4 12 -1 -1 -1 -1 -1 -1 -1 -1 -1 33 -1 24 5 -1 28 -1 19 13 8 21 31 -1 -1 17 -1 7 30 29 20 18 -1 32 14 -1 -1 6 -1 26 11 -1 9 -1
34155 15 -1 4 12 -1 -1 -1 -1 -1 -1 -1 -1 -1 33 -1 24 5 -1 28 -1 19 13 8 21 31 -1 -1 17 -1 7 30 34 20 18 -1 32 14 -1 29 6 -1 26 11 -1 9 -1
34155 15 -1 4 12 -1 -1 -1 -1 -1 -1 -1 -1 -1 33 -1 24 5 -1 28 -1 19 13 8 21 31 -1 -1 17 -1 7 30 34 20 18 -1 32 14 -1 29 6 -1 26 11 -1 9 -1
34155 15 -1 4 12 -1 -1 -1 -1 -1 -1 -1 -1 -1 33 -1 24 5 -1 28 -1 19 13 8 21 31 -1 -1 17 -1 7 30 34 20 18 -1 32 14 -1 29 6 -1 26 11 -1 9 -1
35474 15 -1 4 37 -1 -1 -1 -1 -1 -1 -1 -1 -1 33 -1 24 5 -1 28 -1 19 13 8 21 31 -1 -1 17 -1 7 30 34 20 18 -1 32 12 -1 29 6 -1 26 11 -1 9 -1
36446 15 -1 38 12 -1 -1 -1 -1 -1 -1 -1 -1 -1 11 -1 7 33 -1 28 -1 19 4 8 24 31 -1 -1 17 -1 5 30 34 20 18 -1 32 13 -1 29 6 21 26 37 -1 9 -1
36751 15 -1 38 37 -1 -1 -1 -1 -1 -1 -1 -1 -1 33 -1 24 5 -1 28 -1 19 13 8 21 31 -1 -1 17 -1 7 30 34 20 4 -1 32 12 -1 29 6 39 26 11 -1 9 -1
37885 15 -1 38 12 -1 -1 -1 -1 -1 -1 -1 -1 -1 11 -1 7 33 -1 28 -1 19 13 8 21 31 -1 -1 17 -1 5 30 34 20 4 -1 32 40 -1 29 6 39 26 37 -1 9 -1
37885 15 -1 38 12 -1 -1 -1 -1 -1 -1 -1 -1 -1 11 -1 7 33 -1 28 -1 19 13 8 21 31 -1 -1 17 -1 5 30 34 20 4 -1 32 40 -1 29 6 39 26 37 -1 9 -1
38585 15 -1 38 12 -1 -1 -1 -1 -1 -1 -1 -1 30 11 -1 7 33 -1 28 -1 19 13 42 21 31 -1 -1 17 -1 5 8 34 20 4 -1 32 40 -1 29 6 39 26 37 -1 9 -1
38585 15 -1 38 12 -1 -1 -1 -1 -1 -1 -1 -1 30 11 -1 7 33 -1 28 -1 19 13 42 21 31 -1 -1 17 -1 5 8 34 20 4 -1 32 40 -1 29 6 39 26 37 -1 9 -1
38585 15 -1 38 12 -1 -1 -1 -1 -1 -1 -1 -1 30 11 -1 7 33 -1 28 -1 19 13 42 21 31 -1 -1 17 -1 5 8 34 20 4 -1 32 40 -1 29 6 39 26 37 -1 9 -1
39808 15 -1 38 12 -1 20 -1 -1 -1 -1 -1 -1 30 11 -1 7 33 -1 26 -1 28 13 42 21 31 -1 -1 17 -1 5 8 34 19 4 -1 32 40 -1 45 29 39 6 37 -1 9 -1
39808 15 -1 38 12 -1 20 -1 -1 -1 -1 -1 -1 30 11 -1 7 33 -1 26 -1 28 13 42 21 31 -1 -1 17 -1 5 8 34 19 4 -1 32 40 -1 45 29 39 6 37 -1 9 -1
39808 15 -1 38 12 -1 20 -1 -1 -1 -1 -1 -1 30 11 -1 7 33 -1 26 -1 28 13 42 21 31 -1 -1 17 -1 5 8 34 19 4 -1 32 40 -1 45 29 39 6 37 -1 9 -1
41034 15 -1 38 12 -1 20 -1 -1 -1 -1 -1 -1 30 11 -1 21 33 -1 28 -1 48 13 42 39 31 -1 -1 17 -1 7 8 34 19 4 -1 32 40 -1 29 6 45 26 37 -1 9 -1
41093 15 -1 38 12 -1 19 -1 -1 -1 -1 -1 -1 30 11 -1 21 33 -1 49 -1 28 13 42 39 31 -1 -1 17 -1 7 8 34 48 4 -1 20 40 -1 29 6 45 26 37 -1 9 -1
41093 15 -1 38 12 -1 19 -1 -1 -1 -1 -1 -1 30 11 -1 21 33 -1 49 -1 28 13 42 39 31 -1 -1 17 -1 7 8 34 48 4 -1 20 40 -1 29 6 45 26 37 -1 9 -1
41093 15 -1 38 12 -1 19 -1 -1 -1 -1 -1 -1 30 11 -1 21 33 -1 49 -1 28 13 42 39 31 -1 -1 17 -1 7 8 34 48 4 -1 20 40 -1 29 6 45 26 37 -1 9 -1
41093 15 -1 38 12 -1 19 -1 -1 -1 -1 -1 -1 30 11 -1 21 33 -1 49 -1 28 13 42 39 31 -1 -1 17 -1 7 8 34 48 4 -1 20 40 -1 29 6 45 26 37 -1 9 -1
41226 15 -1 38 12 -1 19 -1 -1 -1 -1 -1 -1 4 11 -1 21 33 -1 49 -1 28 13 42 39 31 -1 -1 17 -1 7 8 34 48 53 -1 20 40 -1 29 6 45 26 37 -1 9 -1
42160 15 -1 38 12 -1 19 -1 -1 -1 -1 -1 -1 4 11 -1 21 33 -1 26 -1 28 13 42 39 31 -1 -1 17 -1 7 8 34 48 53 -1 20 40 -1 29 54 45 6 37 -1 9 -1
42160 15 -1 38 12 -1 19 -1 -1 -1 -1 -1 -1 4 11 -1 21 33 -1 26 -1 28 13 42 39 31 -1 -1 17 -1 7 8 34 48 53 -1 20 40 -1 29 54 45 6 37 -1 9 -1
42160 15 -1 38 12 -1 19 -1 -1 -1 -1 -1 -1 4 11 -1 21 33 -1 26 -1 28 13 42 39 31 -1 -1 17 -1 7 8 34 48 53 -1 20 40 -1 29 54 45 6 37 -1 9 -1
43879 15 -1 38 12 -1 19 -1 -1 -1 -1 8 -1 4 11 -1 21 33 -1 26 -1 28 13 57 39 31 -1 -1 17 -1 7 42 34 48 53 -1 20 40 -1 29 54 45 6 37 -1 9 -1
44207 15 -1 38 12 -1 19 -1 -1 -1 -1 8 -1 4 11 -1 21 33 -1 26 -1 28 13 57 39 31 -1 -1 17 -1 7 42 29 48 53 -1 20 40 -1 54 6 45 58 37 -1 9 -1
44801 15 -1 38 40 -1 19 -1 -1 -1 -1 8 -1 59 11 -1 21 33 -1 26 -1 28 53 57 39 31 -1 -1 17 -1 7 42 29 48 4 12 20 13 -1 54 6 45 58 37 -1 9 -1
45827 15 -1 38 40 -1 19 -1 -1 -1 -1 8 -1 59 33 -1 21 7 -1 26 -1 28 53 57 39 31 -1 -1 17 37 60 42 29 48 4 12 20 13 -1 54 6 45 58 11 -1 9 -1
46802 15 -1 38 40 -1 19 -1 -1 -1 -1 8 -1 59 33 -1 61 7 -1 26 -1 28 53 57 21 31 -1 -1 17 37 60 42 29 48 4 12 20 13 -1 54 6 45 58 11 -1 9 -1
46802 15 -1 38 40 -1 19 -1 -1 -1 -1 8 -1 59 33 -1 61 7 -1 26 -1 28 53 57 21 31 -1 -1 17 37 60 42 29 48 4 12 20 13 -1 54 6 45 58 11 -1 9 -1
46802 15 -1 38 40 -1 19 -1 -1 -1 -1 8 -1 59 33 -1 61 7 -1 26 -1 28 53 57 21 31 -1 -1 17 37 60 42 29 48 4 12 20 13 -1 54 6 45 58 11 -1 9 -1
46981 15 -1 38 40 -1 19 -1 -1 -1 -1 8 -1 59 33 -1 61 7 -1 26 -1 28 4 57 21 31 -1 -1 17 37 60 42 29 48 64 12 20 13 -1 54 6 45 58 11 -1 9 -1
46981 15 -1 38 40 -1 19 -1 -1 -1 -1 8 -1 59 33 -1 61 7 -1 26 -1 28 4 57 21 31 -1 -1 17 37 60 42 29 48 64 12 20 13 -1 54 6 45 58 11 -1 9 -1
46981 15 -1 38 40 -1 19 -1 -1 -1 -1 8 -1 59 33 -1 61 7 -1 26 -1 28 4 57 21 31 -1 -1 17 37 60 42 29 48 64 12 20 13 -1 54 6 45 58 11 -1 9 -1
46981 15 -1 38 40 -1 19 -1 -1 -1 -1 8 -1 59 33 -1 61 7 -1 26 -1 28 4 57 21 31 -1 -1 17 37 60 42 29 48 64 12 20 13 -1 54 6 45 58 11 -1 9 -1
48563 15 -1 38 13 -1 19 -1 -1 -1 -1 8 -1 59 11 -1 61 7 -1 26 -1 28 64 57 21 31 -1 33 17 12 60 42 29 48 68 40 20 4 -1 54 6 45 58 37 -1 9 -1
48563 15 -1 38 13 -1 19 -1 -1 -1 -1 8 -1 59 11 -1 61 7 -1 26 -1 28 64 57 21 31 -1 33 17 12 60 42 29 48 68 40 20 4 -1 54 6 45 58 37 -1 9 -1
48563 15 -1 38 13 -1 19 -1 -1 -1 -1 8 -1 59 11 -1 61 7 -1 26 -1 28 64 57 21 31 -1 33 17 12 60 42 29 48 68 40 20 4 -1 54 6 45 58 37 -1 9 -1
49607 15 -1 38 13 -1 19 -1 -1 -1 -1 8 -1 59 11 -1 61 7 -1 26 -1 28 64 57 21 31 -1 33 58 12 60 42 29 48 68 40 20 4 -1 54 6 45 71 37 -1 9 -1
50013 15 -1 38 13 -1 19 -1 -1 -1 -1 72 -1 8 11 -1 61 7 -1 26 -1 28 68 57 21 31 -1 33 58 12 60 42 29 48 59 40 20 4 -1 54 6 45 71 37 -1 9 -1
50013 15 -1 38 13 -1 19 -1 -1 -1 -1 72 -1 8 11 -1 61 7 -1 26 -1 28 68 57 21 31 -1 33 58 12 60 42 29 48 59 40 20 4 -1 54 6 45 71 37 -1 9 -1
50013 15 -1 38 13 -1 19 -1 -1 -1 -1 72 -1 8 11 -1 61 7 -1 26 -1 28 68 57 21 31 -1 33 58 12 60 42 29 48 59 40 20 4 -1 54 6 45 71 37 -1 9 -1
50013 15 -1 38 13 -1 19 -1 -1 -1 -1 72 -1 8 11 -1 61 7 -1 26 -1 28 68 57 21 31 -1 33 58 12 60 42 29 48 59 40 20 4 -1 54 6 45 71 37 -1 9 -1
50013 15 -1 38 13 -1 19 -1 -1 -1 -1 72 -1 8 11 -1 61 7 -1 26 -1 28 68 57 21 31 -1 33 58 12 60 42 29 48 59 40 20 4 -1 54 6 45 71 37 -1 9 -1
50014 15 -1 38 77 -1 19 -1 -1 -1 -1 72 -1 8 11 -1 61 7 -1 26 -1 28 68 57 21 31 -1 33 58 12 60 42 29 48 59 40 20 4 -1 54 6 45 71 37 -1 9 -1
50014 15 -1 38 77 -1 19 -1 -1 -1 -1 72 -1 8 11 -1 61 7 -1 26 -1 28 68 57 21 31 -1 33 58 12 60 42 29 48 59 40 20 4 -1 54 6 45 71 37 -1 9 -1
50014 15 -1 38 77 -1 19 -1 -1 -1 -1 72 -1 8 11 -1 61 7 -1 26 -1 28 68 57 21 31 -1 33 58 12 60 42 29 48 59 40 20 4 -1 54 6 45 71 37 -1 9 -1
50014 15 -1 38 77 -1 19 -1 -1 -1 -1 72 -1 8 11 -1 61 7 -1 26 -1 28 68 57 21 31 -1 33 58 12 60 42 29 48 59 40 20 4 -1 54 6 45 71 37 -1 9 -1
50014 15 -1 38 77 -1 19 -1 -1 -1 -1 72 -1 8 11 -1 61 7 -1 26 -1 28 68 57 21 31 -1 33 58 12 60 42 29 48 59 40 20 4 -1 54 6 45 71 37 -1 9 -1
50677 15 -1 38 77 -1 20 -1 -1 -1 -1 72 -1 8 11 -1 61 7 -1 28 -1 48 68 57 45 31 21 33 71 12 60 42 54 19 59 40 82 4 -1 6 58 29 26 37 -1 9 -1
51798 15 -1 38 77 -1 20 -1 -1 -1 -1 42 -1 72 11 -1 61 7 68 28 -1 48 59 9 45 31 21 33 71 12 60 57 54 19 8 40 82 4 -1 6 58 29 26 37 -1 83 -1
53304 15 -1 38 4 -1 20 -1 -1 -1 -1 57 -1 42 11 -1 61 7 59 28 -1 48 8 83 45 31 21 33 71 12 60 9 54 19 72 40 82 68 -1 6 58 29 26 37 -1 84 -1
53506 15 85 38 4 -1 20 -1 -1 -1 -1 57 -1 42 11 -1 61 7 59 28 -1 48 8 83 45 31 21 33 71 12 60 9 54 19 72 40 82 68 -1 6 58 29 26 37 -1 84 -1
53506 15 85 38 4 -1 20 -1 -1 -1 -1 57 -1 42 11 -1 61 7 59 28 -1 48 8 83 45 31 21 33 71 12 60 9 54 19 72 40 82 68 -1 6 58 29 26 37 -1 84 -1
53506 15 85 38 4 -1 20 -1 -1 -1 -1 57 -1 42 11 -1 61 7 59 28 -1 48 8 83 45 31 21 33 71 12 60 9 54 19 72 40 82 68 -1 6 58 29 26 37 -1 84 -1
54353 15 85 38 4 -1 20 -1 -1 -1 -1 57 -1 42 11 -1 61 7 59 28 -1 48 8 83 45 31 21 33 71 12 60 9 6 19 72 40 82 68 -1 58 88 54 26 37 29 84 -1
54353 15 85 38 4 -1 20 -1 -1 -1 -1 57 -1 42 11 -1 61 7 59 28 -1 48 8 83 45 31 21 33 71 12 60 9 6 19 72 40 82 68 -1 58 88 54 26 37 29 84 -1
54353 15 85 38 4 -1 20 -1 -1 -1 -1 57 -1 42 11 -1 61 7 59 28 -1 48 8 83 45 31 21 33 71 12 60 9 6 19 72 40 82 68 -1 58 88 54 26 37 29 84 -1
54482 15 85 38 40 -1 20 -1 -1 -1 -1 57 -1 72 11 -1 61 7 68 28 -1 48 59 83 45 31 21 33 71 91 60 9 6 19 8 12 82 4 -1 58 88 54 26 37 29 84 -1
55001 15 85 38 40 -1 20 -1 -1 -1 -1 57 -1 72 11 -1 92 7 68 28 -1 48 59 83 21 31 61 33 71 91 60 9 54 19 8 12 82 4 -1 6 88 29 26 37 45 84 -1
55001 15 85 38 40 -1 20 -1 -1 -1 -1 57 -1 72 11 -1 92 7 68 28 -1 48 59 83 21 31 61 33 71 91 60 9 54 19 8 12 82 4 -1 6 88 29 26 37 45 84 -1
55001 15 85 38 40 -1 20 -1 -1 -1 -1 57 -1 72 11 -1 92 7 68 28 -1 48 59 83 21 31 61 33 71 91 60 9 54 19 8 12 82 4 -1 6 88 29 26 37 45 84 -1
55001 15 85 38 40 -1 20 -1 -1 -1 -1 57 -1 72 11 -1 92 7 68 28 -1 48 59 83 21 31 61 33 71 91 60 9 54 19 8 12 82 4 -1 6 88 29 26 37 45 84 -1
55059 15 85 38 4 -1 20 -1 -1 -1 -1 9 -1 57 37 -1 92 7 59 28 -1 48 8 83 21 31 61 33 71 12 60 96 54 19 72 40 82 68 -1 6 88 29 26 91 45 84 -1
55417 15 85 38 4 -1 82 -1 -1 -1 -1 9 -1 57 33 -1 61 60 59 48 -1 19 8 83 45 31 21 7 26 12 92 96 6 20 72 40 97 68 -1 88 71 54 28 37 29 84 -1
55417 15 85 38 4 -1 82 -1 -1 -1 -1 9 -1 57 33 -1 61 60 59 48 -1 19 8 83 45 31 21 7 26 12 92 96 6 20 72 40 97 68 -1 88 71 54 28 37 29 84 -1
55417 15 85 38 4 -1 82 -1 -1 -1 -1 9 -1 57 33 -1 61 60 59 48 -1 19 8 83 45 31 21 7 26 12 92 96 6 20 72 40 97 68 -1 88 71 54 28 37 29 84 -1
56100 15 85 38 40 -1 82 -1 -1 -1 -1 9 -1 57 7 68 21 92 59 48 -1 19 8 83 29 31 45 60 26 37 61 96 88 20 72 12 97 4 -1 100 71 6 28 33 54 84 -1
56100 15 85 38 40 -1 82 -1 -1 -1 -1 9 -1 57 7 68 21 92 59 48 -1 19 8 83 29 31 45 60 26 37 61 96 88 20 72 12 97 4 -1 100 71 6 28 33 54 84 -1
56100 15 85 38 40 -1 82 -1 -1 -1 -1 9 -1 57 7 68 21 92 59 48 -1 19 8 83 29 31 45 60 26 37 61 96 88 20 72 12 97 4 -1 100 71 6 28 33 54 84 -1
56100 15 85 38 40 -1 82 -1 -1 -1 -1 9 -1 57 7 68 21 92 59 48 -1 19 8 83 29 31 45 60 26 37 61 96 88 20 72 12 97 4 -1 100 71 6 28 33 54 84 -1
56100 15 85 38 40 -1 82 -1 -1 -1 -1 9 -1 57 7 68 21 92 59 48 -1 19 8 83 29 31 45 60 26 37 61 96 88 20 72 12 97 4 -1 100 71 6 28 33 54 84 -1
56100 15 85 38 40 -1 82 -1 -1 -1 -1 9 -1 57 7 68 21 92 59 48 -1 19 8 83 29 31 45 60 26 37 61 96 88 20 72 12 97 4 -1 100 71 6 28 33 54 84 -1
56556 15 85 38 40 -1 82 -1 -1 -1 -1 9 -1 57 7 68 21 92 59 28 -1 48 8 83 29 31 45 60 71 37 61 96 6 20 72 12 97 4 -1 88 100 106 26 33 54 84 -1
57786 15 85 38 40 -1 82 -1 -1 -1 -1 57 -1 72 7 68 21 92 59 28 9 48 8 83 29 31 45 60 71 37 61 96 6 20 107 12 97 4 -1 88 100 106 26 33 54 84 -1
57786 15 85 38 40 -1 82 -1 -1 -1 -1 57 -1 72 7 68 21 92 59 28 9 48 8 83 29 31 45 60 71 37 61 96 6 20 107 12 97 4 -1 88 100 106 26 33 54 84 -1
57786 15 85 38 40 -1 82 -1 -1 -1 -1 57 -1 72 7 68 21 92 59 28 9 48 8 83 29 31 45 60 71 37 61 96 6 20 107 12 97 4 -1 88 100 106 26 33 54 84 -1
58166 15 85 38 110 -1 82 -1 -1 -1 -1 57 -1 72 7 68 21 92 59 28 9 48 8 83 29 31 45 60 71 37 61 96 6 20 107 40 97 4 -1 88 100 106 26 33 54 84 -1
59217 15 85 38 110 -1 82 -1 -1 -1 -1 111 -1 72 7 68 21 92 59 28 57 48 8 83 29 31 45 60 71 37 61 9 6 20 107 40 97 4 -1 88 100 106 26 33 54 84 -1
59217 15 85 38 110 -1 82 -1 -1 -1 -1 111 -1 72 7 68 21 92 59 28 57 48 8 83 29 31 45 60 71 37 61 9 6 20 107 40 97 4 -1 88 100 106 26 33 54 84 -1
59217 15 85 38 110 -1 82 -1 -1 -1 -1 111 -1 72 7 68 21 92 59 28 57 48 8 83 29 31 45 60 71 37 61 9 6 20 107 40 97 4 -1 88 100 106 26 33 54 84 -1
59965 15 85 38 110 -1 82 -1 -1 -1 -1 111 -1 72 33 68 21 92 59 28 57 48 8 83 29 31 45 60 71 40 61 9 6 20 107 114 97 4 -1 88 100 106 26 37 54 84 7
60478 15 85 38 115 -1 82 -1 -1 -1 -1 111 -1 72 33 4 21 92 68 28 57 48 8 83 29 31 45 60 71 40 61 9 6 20 107 114 97 110 -1 88 100 106 26 37 54 84 7
61019 15 85 38 115 -1 82 110 -1 -1 -1 111 -1 72 33 4 21 92 68 28 57 48 8 83 29 31 45 60 71 40 61 9 6 20 107 114 97 116 -1 88 100 106 26 37 54 84 7
61189 15 85 38 115 -1 82 110 -1 -1 -1 111 -1 72 33 4 21 92 68 28 57 48 8 83 117 31 45 60 71 40 61 9 6 20 107 114 97 116 -1 88 100 106 26 37 54 84 7
61189 15 85 38 115 -1 82 110 -1 -1 -1 111 -1 72 33 4 21 92 68 28 57 48 8 83 117 31 45 60 71 40 61 9 6 20 107 114 97 116 -1 88 100 106 26 37 54 84 7
61496 15 85 38 115 -1 82 110 -1 -1 -1 111 -1 72 33 4 45 92 68 28 57 48 8 83 117 61 54 60 26 40 21 9 88 20 107 114 97 116 -1 100 71 6 119 37 106 84 7
61496 15 85 38 115 -1 82 110 -1 -1 -1 111 -1 72 33 4 45 92 68 28 57 48 8 83 117 61 54 60 26 40 21 9 88 20 107 114 97 116 -1 100 71 6 119 37 106 84 7
61496 15 85 38 115 -1 82 110 -1 -1 -1 111 -1 72 33 4 45 92 68 28 57 48 8 83 117 61 54 60 26 40 21 9 88 20 107 114 97 116 -1 100 71 6 119 37 106 84 7
61611 15 85 8 114 -1 82 115 -1 -1 -1 111 -1 72 33 116 45 92 4 28 57 48 68 83 117 61 54 60 26 122 21 9 88 20 107 40 97 110 -1 100 71 6 119 37 106 84 7
