22592 -1 -1 -1 -1 -1 -1 -1 -1 -1 -1 -1 -1 -1 -1 -1 -1 -1 -1 -1 -1 -1 -1 -1 -1 -1 -1 -1 -1 -1 -1 -1 -1 -1 -1 -1 -1 -1 -1 -1 -1 -1 -1 -1 -1 -1 -1 -1
23363 -1 -1 -1 -1 -1 -1 -1 -1 -1 -1 -1 -1 -1 -1 -1 -1 -1 -1 -1 -1 -1 -1 -1 -1 -1 -1 -1 -1 -1 -1 -1 -1 -1 -1 -1 -1 0 -1 -1 -1 -1 -1 -1 -1 -1 -1 -1
23928 -1 -1 -1 -1 -1 -1 -1 -1 -1 -1 -1 -1 -1 -1 -1 -1 -1 -1 -1 -1 -1 1 -1 -1 -1 -1 -1 -1 -1 -1 -1 -1 -1 -1 -1 -1 0 -1 -1 -1 -1 -1 -1 -1 -1 -1 -1
24958 -1 -1 -1 -1 -1 -1 -1 0 -1 -1 -1 -1 -1 -1 -1 -1 -1 -1 -1 -1 -1 1 -1 -1 -1 -1 -1 -1 -1 -1 -1 -1 -1 -1 -1 -1 2 -1 -1 -1 -1 -1 -1 -1 -1 -1 -1
25446 -1 -1 -1 -1 -1 -1 -1 0 -1 -1 3 -1 -1 -1 -1 -1 -1 -1 -1 -1 -1 1 -1 -1 -1 -1 -1 -1 -1 -1 -1 -1 -1 -1 -1 -1 2 -1 -1 -1 -1 -1 -1 -1 -1 -1 -1
25483 -1 -1 4 -1 -1 -1 -1 0 -1 -1 3 -1 -1 -1 -1 -1 -1 -1 -1 -1 -1 1 -1 -1 -1 -1 -1 -1 -1 -1 -1 -1 -1 -1 -1 -1 2 -1 -1 -1 -1 -1 -1 -1 -1 -1 -1
27558 -1 -1 4 -1 -1 -1 -1 0 5 -1 3 -1 -1 -1 -1 -1 -1 -1 -1 -1 -1 1 -1 -1 -1 -1 -1 -1 -1 -1 -1 -1 -1 -1 -1 -1 2 -1 -1 -1 -1 -1 -1 -1 -1 -1 -1
28453 -1 -1 4 -1 -1 -1 -1 6 5 -1 3 2 -1 -1 -1 -1 -1 -1 -1 -1 -1 1 -1 -1 -1 -1 -1 -1 -1 -1 -1 -1 -1 -1 -1 -1 0 -1 -1 -1 -1 -1 -1 -1 -1 -1 -1
29106 -1 -1 4 -1 -1 -1 -1 6 5 -1 3 2 -1 -1 -1 -1 -1 -1 -1 0 -1 1 -1 -1 -1 -1 -1 -1 -1 -1 -1 -1 -1 -1 -1 -1 7 -1 -1 -1 -1 -1 -1 -1 -1 -1 -1
29515 -1 -1 4 -1 -1 -1 7 6 5 -1 3 2 -1 -1 -1 -1 -1 -1 -1 8 -1 1 -1 -1 -1 -1 -1 -1 -1 -1 -1 -1 -1 -1 -1 -1 0 -1 -1 -1 -1 -1 -1 -1 -1 -1 -1
31269 -1 -1 4 -1 -1 -1 7 6 5 -1 3 2 -1 -1 -1 -1 -1 -1 -1 8 -1 1 -1 -1 -1 -1 -1 -1 -1 -1 -1 -1 -1 -1 9 -1 0 -1 -1 -1 -1 -1 -1 -1 -1 -1 -1
31269 -1 -1 4 -1 -1 -1 7 6 5 -1 3 2 -1 -1 -1 -1 -1 -1 -1 8 -1 1 -1 -1 -1 -1 -1 -1 -1 -1 -1 -1 -1 -1 9 -1 0 -1 -1 -1 -1 -1 -1 -1 -1 -1 -1
31665 -1 -1 4 -1 -1 -1 7 6 5 -1 3 2 -1 -1 -1 -1 -1 -1 -1 8 -1 1 -1 -1 -1 -1 -1 -1 -1 -1 -1 11 -1 -1 9 -1 0 -1 -1 -1 -1 -1 -1 -1 -1 -1 -1
33667 7 -1 4 -1 -1 -1 0 9 12 -1 3 2 -1 -1 -1 -1 -1 -1 -1 6 -1 1 -1 -1 -1 -1 -1 -1 -1 -1 -1 11 -1 -1 5 -1 8 -1 -1 -1 -1 -1 -1 -1 -1 -1 -1
35003 7 -1 4 6 -1 -1 0 9 12 -1 3 2 -1 -1 -1 -1 -1 -1 -1 13 -1 1 -1 -1 -1 -1 -1 -1 -1 -1 -1 11 -1 -1 5 -1 8 -1 -1 -1 -1 -1 -1 -1 -1 -1 -1
35578 7 -1 4 8 -1 -1 0 9 12 -1 3 2 -1 -1 -1 13 -1 -1 -1 6 -1 1 -1 -1 -1 -1 -1 -1 -1 -1 -1 11 -1 -1 5 -1 14 -1 -1 -1 -1 -1 -1 -1 -1 -1 -1
37081 0 -1 4 6 -1 -1 14 9 12 -1 3 7 -1 -1 -1 15 -1 -1 -1 13 -1 1 -1 -1 -1 -1 -1 -1 -1 -1 -1 11 -1 -1 5 -1 8 2 -1 -1 -1 -1 -1 -1 -1 -1 -1
37560 0 -1 4 6 -1 -1 14 9 12 -1 3 7 -1 -1 -1 15 -1 16 -1 13 -1 1 -1 -1 -1 -1 -1 -1 -1 -1 -1 11 -1 -1 5 -1 8 2 -1 -1 -1 -1 -1 -1 -1 -1 -1
39419 0 -1 4 6 -1 -1 14 9 12 -1 3 7 -1 -1 -1 15 -1 16 -1 13 -1 1 -1 -1 -1 -1 -1 -1 -1 -1 5 11 -1 -1 17 -1 8 2 -1 -1 -1 -1 -1 -1 -1 -1 -1
39697 0 -1 4 6 -1 -1 14 9 12 -1 3 7 -1 -1 -1 15 -1 16 -1 13 -1 1 -1 -1 -1 -1 -1 -1 -1 -1 5 11 -1 -1 17 -1 8 2 -1 -1 -1 -1 18 -1 -1 -1 -1
41317 0 -1 4 13 -1 -1 8 19 12 -1 3 7 -1 -1 -1 9 -1 16 -1 15 -1 1 -1 -1 -1 -1 -1 -1 -1 -1 5 11 -1 -1 17 -1 6 2 -1 -1 -1 -1 18 14 -1 -1 -1
42489 0 -1 4 13 -1 -1 8 19 20 -1 3 7 12 -1 -1 9 -1 16 -1 15 -1 1 -1 -1 -1 -1 -1 -1 -1 -1 5 11 -1 -1 17 -1 6 2 -1 -1 -1 -1 18 14 -1 -1 -1
43248 0 -1 4 13 -1 -1 8 19 20 -1 3 7 12 -1 -1 9 -1 16 -1 15 -1 1 -1 11 -1 -1 -1 -1 -1 -1 5 21 -1 -1 17 -1 6 2 -1 -1 -1 -1 18 14 -1 -1 -1
43248 0 -1 4 13 -1 -1 8 19 20 -1 3 7 12 -1 -1 9 -1 16 -1 15 -1 1 -1 11 -1 -1 -1 -1 -1 -1 5 21 -1 -1 17 -1 6 2 -1 -1 -1 -1 18 14 -1 -1 -1
43248 0 -1 4 13 -1 -1 8 19 20 -1 3 7 12 -1 -1 9 -1 16 -1 15 -1 1 -1 11 -1 -1 -1 -1 -1 -1 5 21 -1 -1 17 -1 6 2 -1 -1 -1 -1 18 14 -1 -1 -1
43429 0 -1 4 13 -1 -1 8 19 20 -1 3 7 12 -1 -1 9 -1 16 -1 15 24 1 -1 11 -1 -1 -1 -1 -1 -1 5 21 -1 -1 17 -1 6 2 -1 -1 -1 -1 18 14 -1 -1 -1
44770 0 -1 4 13 -1 -1 8 19 17 -1 3 7 12 -1 20 9 -1 16 -1 15 24 1 -1 11 -1 -1 -1 -1 -1 -1 5 21 -1 -1 25 -1 6 2 -1 -1 -1 -1 18 14 -1 -1 -1
45235 14 -1 4 15 -1 -1 6 19 17 -1 3 0 12 -1 20 9 -1 16 -1 26 24 1 2 11 -1 -1 -1 -1 -1 -1 5 21 -1 -1 25 -1 13 7 -1 -1 -1 -1 18 8 -1 -1 -1
45235 14 -1 4 15 -1 -1 6 19 17 -1 3 0 12 -1 20 9 -1 16 -1 26 24 1 2 11 -1 -1 -1 -1 -1 -1 5 21 -1 -1 25 -1 13 7 -1 -1 -1 -1 18 8 -1 -1 -1
46177 14 -1 4 15 -1 -1 6 19 17 -1 3 0 12 -1 20 9 -1 16 21 26 24 1 28 11 -1 -1 -1 -1 -1 -1 5 18 -1 -1 25 -1 13 7 -1 -1 -1 -1 2 8 -1 -1 -1
47592 14 -1 4 15 -1 -1 6 19 17 -1 3 0 12 -1 20 9 -1 16 21 26 24 1 28 11 -1 -1 -1 -1 -1 -1 5 18 -1 29 25 -1 13 7 -1 -1 -1 -1 2 8 -1 -1 -1
48832 14 -1 4 26 -1 -1 13 5 17 -1 3 0 12 -1 20 19 -1 16 21 9 24 1 28 11 -1 -1 -1 -1 -1 -1 30 18 -1 29 25 -1 15 7 -1 -1 -1 8 2 6 -1 -1 -1
49003 14 -1 4 15 -1 -1 31 5 17 -1 3 0 12 -1 20 19 -1 16 21 26 24 1 28 11 -1 -1 -1 -1 -1 -1 30 18 -1 29 25 -1 13 7 9 -1 -1 8 2 6 -1 -1 -1
49018 14 -1 11 15 -1 -1 31 5 17 -1 3 0 12 -1 20 19 -1 16 18 26 24 1 28 21 -1 -1 -1 -1 -1 -1 30 32 -1 29 25 -1 13 7 9 -1 -1 8 2 6 -1 -1 -1
50701 14 -1 11 26 -1 -1 13 30 20 -1 3 0 12 -1 33 5 -1 16 18 9 24 1 28 21 -1 -1 -1 -1 8 -1 29 32 -1 25 17 -1 15 7 19 -1 -1 6 2 31 -1 -1 -1
51884 14 8 11 9 -1 -1 15 29 20 -1 3 0 12 -1 33 30 -1 16 18 19 24 1 28 21 -1 -1 -1 -1 6 -1 34 32 -1 25 17 -1 26 7 5 -1 -1 31 2 13 -1 -1 -1
52205 14 8 11 9 -1 -1 15 29 20 -1 3 0 12 -1 33 30 -1 16 18 19 24 1 7 21 -1 -1 -1 -1 6 -1 34 2 -1 25 17 -1 26 35 5 -1 -1 31 28 13 -1 -1 -1
52205 14 8 11 9 -1 -1 15 29 20 -1 3 0 12 -1 33 30 -1 16 18 19 24 1 7 21 -1 -1 -1 -1 6 -1 34 2 -1 25 17 -1 26 35 5 -1 -1 31 28 13 -1 -1 -1
52831 0 14 11 9 -1 -1 15 29 20 -1 3 37 12 -1 33 30 -1 16 18 19 24 1 7 21 -1 13 -1 -1 8 -1 34 2 -1 25 17 -1 26 35 5 -1 -1 6 28 31 -1 -1 -1
52986 37 0 11 9 -1 -1 15 29 20 -1 3 7 12 -1 33 30 -1 16 18 19 24 1 38 21 -1 13 -1 -1 14 -1 34 2 -1 25 17 -1 26 35 5 -1 -1 6 28 31 -1 -1 -1
52986 37 0 11 9 -1 -1 15 29 20 -1 3 7 12 -1 33 30 -1 16 18 19 24 1 38 21 -1 13 -1 -1 14 -1 34 2 -1 25 17 -1 26 35 5 -1 -1 6 28 31 -1 -1 -1
53075 37 0 11 40 -1 -1 15 29 20 -1 3 7 12 -1 33 30 -1 16 18 9 24 1 38 21 -1 13 -1 -1 14 -1 34 2 19 25 17 -1 26 35 5 -1 -1 6 28 31 -1 -1 -1
53308 0 14 11 40 -1 -1 15 29 20 7 3 37 12 -1 33 30 -1 16 18 9 24 1 38 21 -1 41 -1 -1 6 -1 34 2 19 25 17 -1 26 35 5 -1 -1 31 28 13 -1 -1 -1
53403 0 14 11 40 -1 -1 15 29 20 38 3 7 12 -1 33 30 37 16 18 9 24 1 42 21 -1 41 -1 -1 6 -1 34 2 19 25 17 -1 26 35 5 -1 -1 31 28 13 -1 -1 -1
54377 0 14 11 40 -1 -1 15 29 33 38 3 7 12 -1 43 30 37 16 18 9 24 1 42 21 -1 41 -1 17 6 -1 34 2 19 25 20 -1 26 35 5 -1 -1 31 28 13 -1 -1 -1
54377 0 14 11 40 -1 -1 15 29 33 38 3 7 12 -1 43 30 37 16 18 9 24 1 42 21 -1 41 -1 17 6 -1 34 2 19 25 20 -1 26 35 5 -1 -1 31 28 13 -1 -1 -1
55062 0 14 16 40 -1 -1 15 29 33 38 3 7 12 -1 43 30 37 45 21 9 24 1 42 11 -1 41 -1 17 6 -1 34 2 19 25 20 -1 26 35 5 -1 -1 31 28 13 -1 -1 -1
55280 0 46 16 26 -1 -1 41 29 33 38 3 7 12 -1 43 30 37 45 21 9 24 1 42 11 -1 13 -1 17 14 -1 34 2 19 25 20 -1 15 35 5 -1 -1 6 28 31 -1 -1 -1
55280 0 46 16 26 -1 -1 41 29 33 38 3 7 12 -1 43 30 37 45 21 9 24 1 42 11 -1 13 -1 17 14 -1 34 2 19 25 20 -1 15 35 5 -1 -1 6 28 31 -1 -1 -1
55831 46 14 16 9 -1 -1 15 29 33 38 3 7 12 -1 43 30 37 45 21 48 24 1 42 11 -1 41 -1 17 6 0 34 2 19 25 20 -1 26 35 5 -1 -1 31 28 13 -1 -1 -1
55831 46 14 16 9 -1 -1 15 29 33 38 3 7 12 -1 43 30 37 45 21 48 24 1 42 11 -1 41 -1 17 6 0 34 2 19 25 20 -1 26 35 5 -1 -1 31 28 13 -1 -1 -1
57079 46 14 16 9 -1 -1 26 29 33 38 3 7 12 -1 43 30 37 45 21 48 24 1 42 11 -1 15 -1 17 6 0 34 2 19 25 20 -1 50 35 5 -1 -1 13 28 41 -1 -1 -1
57079 46 14 16 9 -1 -1 26 29 33 38 3 7 12 -1 43 30 37 45 21 48 24 1 42 11 -1 15 -1 17 6 0 34 2 19 25 20 -1 50 35 5 -1 -1 13 28 41 -1 -1 -1
57079 46 14 16 9 -1 -1 26 29 33 38 3 7 12 -1 43 30 37 45 21 48 24 1 42 11 -1 15 -1 17 6 0 34 2 19 25 20 -1 50 35 5 -1 -1 13 28 41 -1 -1 -1
58311 46 14 16 9 -1 -1 26 29 33 38 3 7 12 -1 43 30 37 45 21 48 34 1 42 11 -1 15 -1 53 6 0 25 2 19 17 20 -1 50 35 5 -1 -1 13 28 41 -1 -1 -1
59194 46 14 16 50 -1 -1 15 29 33 38 3 7 12 -1 43 5 37 45 21 9 34 1 42 11 -1 41 -1 53 6 0 25 2 48 17 20 -1 26 35 19 -1 -1 13 28 54 30 -1 -1
59194 46 14 16 50 -1 -1 15 29 33 38 3 7 12 -1 43 5 37 45 21 9 34 1 42 11 -1 41 -1 53 6 0 25 2 48 17 20 -1 26 35 19 -1 -1 13 28 54 30 -1 -1
59598 46 14 16 50 -1 -1 15 29 33 38 3 7 12 -1 43 5 37 45 21 9 34 1 42 11 6 41 -1 53 13 0 25 2 48 17 20 -1 26 35 19 -1 -1 54 28 56 30 -1 -1
59598 46 14 16 50 -1 -1 15 29 33 38 3 7 12 -1 43 5 37 45 21 9 34 1 42 11 6 41 -1 53 13 0 25 2 48 17 20 -1 26 35 19 -1 -1 54 28 56 30 -1 -1
59598 46 14 16 50 -1 -1 15 29 33 38 3 7 12 -1 43 5 37 45 21 9 34 1 42 11 6 41 -1 53 13 0 25 2 48 17 20 -1 26 35 19 -1 -1 54 28 56 30 -1 -1
60125 14 59 16 50 -1 -1 15 29 33 7 3 37 12 -1 43 5 0 45 21 9 34 1 42 11 6 41 -1 53 13 46 25 2 48 17 20 -1 26 35 19 -1 -1 54 28 56 30 -1 -1
60786 59 6 16 9 -1 -1 26 34 33 37 3 0 12 -1 43 30 46 45 2 48 60 1 7 21 13 15 -1 53 54 14 25 28 19 17 20 -1 50 35 5 -1 -1 56 42 41 29 -1 -1
62041 6 13 16 48 -1 -1 50 60 33 0 3 46 12 37 43 29 14 45 2 19 25 1 7 21 54 26 -1 53 56 59 61 28 5 17 20 -1 9 35 30 -1 -1 41 42 15 34 -1 -1
62093 6 13 16 48 -1 -1 50 60 33 0 3 46 12 37 43 29 14 45 62 19 25 1 7 21 54 26 -1 53 56 59 61 2 5 17 20 -1 9 35 30 -1 -1 41 28 15 34 -1 -1
62093 6 13 16 48 -1 -1 50 60 33 0 3 46 12 37 43 29 14 45 62 19 25 1 7 21 54 26 -1 53 56 59 61 2 5 17 20 -1 9 35 30 -1 -1 41 28 15 34 -1 -1
62395 6 13 16 48 -1 -1 50 60 33 64 3 46 12 37 43 29 14 45 62 19 25 1 7 21 54 26 -1 53 56 59 61 2 5 17 20 -1 9 35 30 -1 -1 41 28 15 34 -1 -1
62395 6 13 16 48 -1 -1 50 60 33 64 3 46 12 37 43 29 14 45 62 19 25 1 7 21 54 26 -1 53 56 59 61 2 5 17 20 -1 9 35 30 -1 -1 41 28 15 34 -1 -1
62869 59 6 16 48 -1 -1 50 60 33 64 3 46 12 37 43 29 14 45 62 19 25 1 7 21 13 26 -1 53 54 66 61 2 5 17 20 -1 9 35 30 -1 -1 56 28 15 34 -1 -1
64437 6 13 16 19 -1 -1 9 25 43 64 3 46 67 37 12 34 66 45 62 5 61 1 7 21 54 50 -1 20 56 59 17 2 30 53 33 -1 48 35 29 -1 -1 15 28 26 60 -1 -1
64437 6 13 16 19 -1 -1 9 25 43 64 3 46 67 37 12 34 66 45 62 5 61 1 7 21 54 50 -1 20 56 59 17 2 30 53 33 -1 48 35 29 -1 -1 15 28 26 60 -1 -1
65059 59 6 16 19 -1 -1 9 25 43 64 3 46 67 37 12 34 66 45 62 5 61 1 7 21 13 50 -1 20 54 69 17 2 30 53 33 -1 48 35 29 -1 -1 56 28 15 60 -1 -1
65396 59 6 16 19 -1 -1 48 25 43 64 3 46 67 37 12 34 66 45 62 5 61 50 7 21 13 9 -1 20 54 69 17 2 30 53 33 -1 70 35 29 -1 -1 56 28 15 60 -1 -1
65396 59 6 16 19 -1 -1 48 25 43 64 3 46 67 37 12 34 66 45 62 5 61 50 7 21 13 9 -1 20 54 69 17 2 30 53 33 -1 70 35 29 -1 -1 56 28 15 60 -1 -1
66654 6 13 16 5 -1 -1 70 25 43 46 3 66 67 64 12 34 69 45 2 30 61 9 37 21 54 48 -1 20 56 59 17 28 72 53 33 -1 19 35 29 -1 -1 15 7 50 60 -1 -1
67138 59 6 16 5 -1 -1 70 25 43 64 3 46 67 37 12 34 66 45 2 30 61 9 7 21 54 48 -1 20 56 69 17 28 72 53 33 -1 19 35 29 -1 -1 15 73 50 60 -1 13
67978 6 13 16 5 -1 -1 70 25 43 46 3 66 67 37 12 34 69 45 2 30 61 9 7 21 56 48 -1 20 15 59 17 28 72 53 33 -1 19 64 29 -1 -1 50 73 74 60 -1 54
68287 6 13 21 5 -1 -1 70 25 43 46 3 66 67 37 12 34 69 45 2 30 61 9 7 75 56 48 -1 20 15 59 17 28 72 53 33 -1 19 64 29 -1 -1 50 73 74 60 -1 54
69550 13 54 21 30 -1 -1 19 76 43 66 3 69 67 64 12 60 59 45 2 72 61 48 37 75 15 70 -1 20 50 6 17 28 29 53 33 -1 5 46 34 -1 -1 74 73 9 25 -1 56
69550 13 54 21 30 -1 -1 19 76 43 66 3 69 67 64 12 60 59 45 2 72 61 48 37 75 15 70 -1 20 50 6 17 28 29 53 33 -1 5 46 34 -1 -1 74 73 9 25 -1 56
70150 54 56 21 30 -1 -1 19 76 43 69 3 59 67 64 12 60 6 45 2 72 61 48 37 75 78 70 -1 20 50 13 17 28 29 53 33 -1 5 66 34 -1 -1 74 73 9 25 -1 15
70150 54 56 21 30 -1 -1 19 76 43 69 3 59 67 64 12 60 6 45 2 72 61 48 37 75 78 70 -1 20 50 13 17 28 29 53 33 -1 5 66 34 -1 -1 74 73 9 25 -1 15
70610 56 15 21 72 -1 -1 5 61 43 69 3 59 67 64 12 25 6 45 2 29 17 70 37 75 50 19 -1 20 74 54 53 28 34 80 33 13 30 66 60 -1 -1 9 73 48 76 -1 78
70610 56 15 21 72 -1 -1 5 61 43 69 3 59 67 64 12 25 6 45 2 29 17 70 37 75 50 19 -1 20 74 54 53 28 34 80 33 13 30 66 60 -1 -1 9 73 48 76 -1 78
71166 15 78 21 29 66 -1 30 61 43 59 3 6 67 64 12 25 13 45 2 82 17 19 37 75 74 5 -1 20 9 56 53 28 34 80 33 54 72 69 60 -1 -1 48 73 70 76 -1 50
71789 78 50 21 29 66 -1 30 61 43 59 3 13 67 64 12 25 54 45 2 82 17 19 37 75 9 5 -1 20 48 15 53 28 34 80 33 56 72 69 60 -1 -1 83 73 70 76 -1 74
71871 78 50 21 29 66 -1 30 61 43 59 3 13 67 64 12 25 54 45 2 82 17 19 37 75 9 5 -1 20 48 15 53 28 34 80 33 84 72 69 60 -1 -1 83 73 70 76 56 74
72166 85 78 21 29 66 -1 30 61 43 59 50 13 67 64 12 25 54 45 2 82 17 19 37 75 9 5 -1 20 48 15 53 28 34 80 33 84 72 69 60 -1 -1 83 73 70 76 56 74
72166 85 78 21 29 66 -1 30 61 43 59 50 13 67 64 12 25 54 45 2 82 17 19 37 75 9 5 -1 20 48 15 53 28 34 80 33 84 72 69 60 -1 -1 83 73 70 76 56 74
72256 85 78 21 29 64 -1 30 61 43 69 50 59 67 87 12 25 13 45 2 82 17 19 37 75 9 5 -1 20 48 15 53 28 34 80 33 54 72 66 60 -1 -1 83 73 70 76 56 74
72256 85 78 21 29 64 -1 30 61 43 69 50 59 67 87 12 25 13 45 2 82 17 19 37 75 9 5 -1 20 48 15 53 28 34 80 33 54 72 66 60 -1 -1 83 73 70 76 56 74
72291 15 85 21 29 87 -1 30 61 43 66 78 69 67 37 12 25 59 45 75 82 17 19 73 89 74 5 -1 20 9 56 53 2 34 80 33 13 72 64 60 -1 -1 83 28 70 76 54 50
72291 15 85 21 29 87 -1 30 61 43 66 78 69 67 37 12 25 59 45 75 82 17 19 73 89 74 5 -1 20 9 56 53 2 34 80 33 13 72 64 60 -1 -1 83 28 70 76 54 50
72689 85 78 21 29 87 -1 30 61 43 66 50 69 67 37 12 25 59 45 75 82 17 19 73 89 9 5 -1 20 91 15 53 2 34 80 33 13 72 64 60 -1 -1 83 28 70 76 54 74
72828 15 85 21 29 87 -1 30 61 43 92 78 66 67 37 12 25 69 45 75 82 17 19 73 89 74 5 -1 20 9 54 53 2 34 80 33 59 72 64 60 -1 -1 91 28 83 76 13 50
72828 15 85 21 29 87 -1 30 61 43 92 78 66 67 37 12 25 69 45 75 82 17 19 73 89 74 5 -1 20 9 54 53 2 34 80 33 59 72 64 60 -1 -1 91 28 83 76 13 50
72828 15 85 21 29 87 -1 30 61 43 92 78 66 67 37 12 25 69 45 75 82 17 19 73 89 74 5 -1 20 9 54 53 2 34 80 33 59 72 64 60 -1 -1 91 28 83 76 13 50
72828 15 85 21 29 87 -1 30 61 43 92 78 66 67 37 12 25 69 45 75 82 17 19 73 89 74 5 -1 20 9 54 53 2 34 80 33 59 72 64 60 -1 -1 91 28 83 76 13 50
72832 85 78 21 29 87 -1 96 61 43 66 50 69 67 37 12 25 59 45 75 82 17 5 73 89 9 30 -1 20 91 15 53 2 34 80 33 13 72 92 60 -1 -1 83 28 19 76 54 74
73234 85 78 21 29 92 -1 96 61 43 69 50 59 67 37 12 25 13 45 75 82 17 5 73 89 9 30 -1 20 91 15 53 2 34 80 33 97 72 66 60 -1 -1 83 28 19 76 54 74
73344 15 85 21 29 92 -1 30 61 43 69 78 59 67 37 12 25 98 45 75 82 17 19 73 89 74 5 -1 20 9 54 53 2 34 80 33 13 72 66 60 -1 -1 91 28 83 76 97 50
73344 15 85 21 29 92 -1 30 61 43 69 78 59 67 37 12 25 98 45 75 82 17 19 73 89 74 5 -1 20 9 54 53 2 34 80 33 13 72 66 60 -1 -1 91 28 83 76 97 50
73344 15 85 21 29 92 -1 30 61 43 69 78 59 67 37 12 25 98 45 75 82 17 19 73 89 74 5 -1 20 9 54 53 2 34 80 33 13 72 66 60 -1 -1 91 28 83 76 97 50
73512 15 85 21 29 92 -1 30 61 43 69 78 59 67 37 12 25 98 45 2 82 17 19 101 75 74 5 -1 20 9 54 53 28 34 80 33 13 72 66 60 -1 -1 91 73 83 76 97 50
73514 102 85 21 29 66 -1 30 61 43 59 78 98 67 92 12 25 13 45 2 82 17 19 37 75 74 5 -1 20 9 15 53 28 34 80 33 97 72 69 60 73 -1 91 101 83 76 54 50
73514 102 85 21 29 66 -1 30 61 43 59 78 98 67 92 12 25 13 45 2 82 17 19 37 75 74 5 -1 20 9 15 53 28 34 80 33 97 72 69 60 73 -1 91 101 83 76 54 50
73907 15 85 21 29 66 -1 30 61 43 59 78 98 67 92 12 25 13 45 2 82 17 19 37 75 74 5 -1 20 9 54 53 28 34 80 33 104 72 69 60 73 -1 91 101 83 76 97 50
73907 15 85 21 29 66 -1 30 61 43 59 78 98 67 92 12 25 13 45 2 82 17 19 37 75 74 5 -1 20 9 54 53 28 34 80 33 104 72 69 60 73 -1 91 101 83 76 97 50
74876 85 78 21 82 69 -1 72 61 43 98 50 13 67 92 12 106 104 45 2 34 17 5 37 75 9 30 66 20 91 15 53 28 60 80 33 97 29 59 25 73 -1 83 101 19 76 54 74
74876 85 78 21 82 69 -1 72 61 43 98 50 13 67 92 12 106 104 45 2 34 17 5 37 75 9 30 66 20 91 15 53 28 60 80 33 97 29 59 25 73 -1 83 101 19 76 54 74
74876 85 78 21 82 69 -1 72 61 43 98 50 13 67 92 12 106 104 45 2 34 17 5 37 75 9 30 66 20 91 15 53 28 60 80 33 97 29 59 25 73 -1 83 101 19 76 54 74
75407 78 109 21 82 69 -1 72 61 43 13 50 104 67 92 12 106 97 45 2 34 17 5 37 75 9 30 66 20 91 85 53 28 60 80 33 54 29 59 25 73 -1 83 101 19 76 15 74
75639 109 50 21 82 59 -1 72 61 43 104 74 97 67 66 12 106 54 45 28 34 17 5 92 2 110 30 69 20 91 78 53 73 60 80 33 15 29 13 25 101 -1 83 37 19 76 85 9
75639 109 50 21 82 59 -1 72 61 43 104 74 97 67 66 12 106 54 45 28 34 17 5 92 2 110 30 69 20 91 78 53 73 60 80 33 15 29 13 25 101 -1 83 37 19 76 85 9
76175 109 50 21 82 59 -1 72 17 43 104 74 97 67 66 12 76 54 45 28 34 53 5 92 2 110 30 69 112 91 78 80 73 25 20 33 15 29 13 106 101 -1 83 37 19 61 85 9
76175 109 50 21 82 59 -1 72 17 43 104 74 97 67 66 12 76 54 45 28 34 53 5 92 2 110 30 69 112 91 78 80 73 25 20 33 15 29 13 106 101 -1 83 37 19 61 85 9
76526 50 114 21 82 13 -1 72 17 43 97 74 54 67 69 12 76 15 45 28 34 53 5 66 2 110 30 59 112 91 109 80 73 25 20 33 85 29 104 106 101 -1 83 92 19 61 78 9
76526 50 114 21 82 13 -1 72 17 43 97 74 54 67 69 12 76 15 45 28 34 53 5 66 2 110 30 59 112 91 109 80 73 25 20 33 85 29 104 106 101 -1 83 92 19 61 78 9
76526 50 114 21 82 13 -1 72 17 43 97 74 54 67 69 12 76 15 45 28 34 53 5 66 2 110 30 59 112 91 109 80 73 25 20 33 85 29 104 106 101 -1 83 92 19 61 78 9
77644 114 74 21 34 13 -1 29 53 12 97 9 54 117 69 67 61 15 45 28 25 80 30 66 2 91 72 59 33 83 50 20 73 106 112 43 78 82 104 76 101 -1 19 92 5 17 109 110
78280 114 74 21 34 13 -1 29 53 12 97 9 54 117 69 67 61 15 45 28 25 80 30 66 2 91 72 59 33 83 50 118 73 106 112 43 78 82 104 76 101 -1 19 92 5 17 109 110
78280 114 74 21 34 13 -1 29 53 12 97 9 54 117 69 67 61 15 45 28 25 80 30 66 2 91 72 59 33 83 50 118 73 106 112 43 78 82 104 76 101 -1 19 92 5 17 109 110
78280 114 74 21 34 13 -1 29 53 12 97 9 54 117 69 67 61 15 45 28 25 80 30 66 2 91 72 59 33 83 50 118 73 106 112 43 78 82 104 76 101 -1 19 92 5 17 109 110
78280 114 74 21 34 13 -1 29 53 12 97 9 54 117 69 67 61 15 45 28 25 80 30 66 2 91 72 59 33 83 50 118 73 106 112 43 78 82 104 76 101 -1 19 92 5 17 109 110
78403 74 9 21 122 104 -1 82 53 12 54 110 15 117 69 67 61 78 45 28 25 80 72 66 2 83 29 13 33 19 114 118 73 106 112 43 109 34 97 76 101 -1 5 92 30 17 50 91
78403 74 9 21 122 104 -1 82 53 12 54 110 15 117 69 67 61 78 45 28 25 80 72 66 2 83 29 13 33 19 114 118 73 106 112 43 109 34 97 76 101 -1 5 92 30 17 50 91
