-2018 -1 -1 -1 -1 -1 -1 -1 -1 -1 -1 -1 -1 -1 -1 -1 -1 -1 -1 -1 -1 -1 -1 -1 -1 -1 -1 -1
-172 -1 -1 -1 -1 -1 -1 0 -1 -1 -1 -1 -1 -1 -1 -1 -1 -1 -1 -1 -1 -1 -1 -1 -1 -1 -1 -1
994 1 -1 -1 -1 -1 -1 0 -1 -1 -1 -1 -1 -1 -1 -1 -1 -1 -1 -1 -1 -1 -1 -1 -1 -1 -1 -1
994 1 -1 -1 -1 -1 -1 0 -1 -1 -1 -1 -1 -1 -1 -1 -1 -1 -1 -1 -1 -1 -1 -1 -1 -1 -1 -1
1236 1 -1 -1 -1 -1 -1 3 -1 -1 -1 -1 -1 -1 -1 -1 -1 -1 -1 -1 -1 -1 -1 0 -1 -1 -1 -1
2908 1 -1 -1 -1 -1 -1 4 -1 -1 -1 -1 -1 -1 -1 -1 -1 -1 -1 -1 -1 -1 -1 0 -1 -1 -1 -1
2908 1 -1 -1 -1 -1 -1 4 -1 -1 -1 -1 -1 -1 -1 -1 -1 -1 -1 -1 -1 -1 -1 0 -1 -1 -1 -1
2974 1 -1 -1 -1 -1 -1 4 -1 -1 -1 -1 -1 -1 -1 -1 -1 -1 6 -1 -1 -1 -1 0 -1 -1 -1 -1
3851 1 -1 -1 -1 -1 -1 4 -1 -1 -1 -1 -1 -1 -1 -1 -1 -1 6 -1 -1 -1 7 0 -1 -1 -1 -1
3896 1 -1 -1 -1 -1 -1 4 -1 -1 -1 -1 -1 -1 -1 8 -1 -1 6 -1 -1 -1 7 0 -1 -1 -1 -1
3896 1 -1 -1 -1 -1 -1 4 -1 -1 -1 -1 -1 -1 -1 8 -1 -1 6 -1 -1 -1 7 0 -1 -1 -1 -1
5626 10 -1 -1 -1 -1 -1 4 -1 -1 -1 -1 -1 -1 -1 8 -1 -1 1 -1 -1 -1 7 0 -1 -1 -1 -1
6284 10 -1 -1 -1 -1 -1 4 -1 -1 -1 -1 -1 -1 -1 8 -1 -1 1 -1 -1 -1 7 0 -1 -1 -1 11
7654 10 -1 -1 -1 -1 -1 0 -1 -1 -1 -1 4 -1 -1 8 -1 -1 1 -1 -1 -1 7 12 -1 -1 -1 11
7654 10 -1 -1 -1 -1 -1 0 -1 -1 -1 -1 4 -1 -1 8 -1 -1 1 -1 -1 -1 7 12 -1 -1 -1 11
7654 10 -1 -1 -1 -1 -1 0 -1 -1 -1 -1 4 -1 -1 8 -1 -1 1 -1 -1 -1 7 12 -1 -1 -1 11
10464 10 -1 -1 -1 -1 -1 4 -1 -1 -1 -1 15 -1 -1 8 11 -1 1 -1 -1 -1 7 0 -1 -1 -1 12
11947 10 -1 -1 -1 -1 -1 4 -1 -1 -1 -1 15 -1 -1 8 11 16 1 -1 -1 -1 7 0 -1 -1 -1 12
12235 10 -1 -1 -1 -1 -1 4 -1 -1 -1 -1 15 -1 1 8 11 16 17 -1 -1 -1 7 0 -1 -1 -1 12
12903 10 -1 -1 -1 -1 -1 0 -1 -1 -1 -1 4 -1 1 8 11 16 17 -1 -1 -1 7 18 -1 -1 15 12
13502 10 -1 -1 19 -1 -1 0 -1 -1 -1 -1 4 -1 1 8 11 16 17 -1 -1 -1 7 18 -1 -1 15 12
13502 10 -1 -1 19 -1 -1 0 -1 -1 -1 -1 4 -1 1 8 11 16 17 -1 -1 -1 7 18 -1 -1 15 12
14119 21 17 -1 19 -1 -1 0 -1 -1 -1 -1 4 -1 10 8 11 16 1 -1 -1 -1 7 18 -1 -1 15 12
16025 21 17 -1 19 -1 -1 0 -1 -1 -1 -1 4 -1 10 8 11 16 1 -1 -1 22 7 18 -1 -1 15 12
17190 10 23 -1 19 -1 -1 0 -1 -1 -1 -1 4 -1 1 8 11 16 17 -1 7 22 21 18 -1 -1 15 12
17190 10 23 -1 19 -1 -1 0 -1 -1 -1 -1 4 -1 1 8 11 16 17 -1 7 22 21 18 -1 -1 15 12
17190 10 23 -1 19 -1 -1 0 -1 -1 -1 -1 4 -1 1 8 11 16 17 -1 7 22 21 18 -1 -1 15 12
17594 10 23 -1 19 -1 -1 4 0 -1 -1 -1 22 -1 1 8 11 16 17 -1 7 15 21 18 -1 -1 26 12
18610 27 23 -1 19 -1 -1 4 0 -1 -1 -1 22 -1 10 8 11 16 1 -1 7 15 21 18 -1 -1 26 12
18610 27 23 -1 19 -1 -1 4 0 -1 -1 -1 22 -1 10 8 11 16 1 -1 7 15 21 18 -1 -1 26 12
19891 29 23 27 19 -1 -1 4 0 -1 -1 -1 22 -1 10 8 11 16 1 -1 7 15 21 18 -1 -1 26 12
20439 29 23 27 19 -1 -1 4 0 -1 -1 -1 22 -1 10 8 12 16 1 -1 7 15 21 18 -1 -1 26 30
20632 10 23 29 19 -1 7 4 0 -1 -1 -1 22 -1 31 8 12 16 1 -1 21 15 27 18 -1 -1 26 30
21423 29 23 27 19 -1 32 4 0 -1 31 -1 22 -1 10 8 12 16 1 -1 7 15 21 18 -1 -1 26 30
21745 27 1 33 23 -1 32 4 0 -1 10 -1 22 -1 29 8 19 16 31 -1 7 15 21 30 -1 -1 26 12
21745 27 1 33 23 -1 32 4 0 -1 10 -1 22 -1 29 8 19 16 31 -1 7 15 21 30 -1 -1 26 12
22341 27 1 33 23 -1 32 4 0 -1 10 -1 22 -1 29 8 19 16 35 -1 7 15 21 30 -1 -1 26 12
22535 27 1 33 23 -1 32 4 0 -1 10 -1 22 -1 29 8 19 16 35 -1 36 15 21 30 -1 -1 26 12
22706 29 23 27 37 -1 32 4 0 -1 35 -1 22 -1 10 8 19 16 1 -1 36 15 33 30 -1 -1 26 12
23306 29 23 27 37 -1 32 4 0 -1 35 -1 22 -1 10 38 19 16 1 -1 36 15 33 30 -1 -1 26 12
23306 29 23 27 37 -1 32 4 0 -1 35 -1 22 -1 10 38 19 16 1 -1 36 15 33 30 -1 -1 26 12
23890 29 23 27 37 -1 32 4 0 -1 35 -1 22 1 10 38 19 16 40 -1 36 15 33 30 -1 -1 26 12
24822 29 23 27 37 -1 32 4 0 -1 35 -1 22 1 10 38 19 16 40 -1 36 41 33 30 -1 -1 15 12
25078 29 23 27 37 -1 32 4 0 -1 35 -1 22 1 10 38 42 16 40 -1 36 41 33 30 -1 -1 15 12
25078 29 23 27 37 -1 32 4 0 -1 35 -1 22 1 10 38 42 16 40 -1 36 41 33 30 -1 -1 15 12
25878 29 23 27 44 -1 32 4 0 -1 35 -1 22 1 10 38 42 16 40 -1 36 41 33 30 -1 -1 15 12
26550 27 23 33 44 -1 32 4 0 -1 10 -1 22 40 29 38 42 16 35 -1 36 41 45 30 -1 -1 15 12
27199 27 23 33 44 -1 32 4 0 -1 10 -1 22 40 29 38 42 16 35 -1 46 41 45 30 -1 -1 15 12
28127 27 23 47 44 -1 32 4 0 -1 10 -1 22 40 29 38 42 16 35 -1 46 41 45 30 -1 -1 15 12
28127 27 23 47 44 -1 32 4 0 -1 10 -1 22 40 29 38 42 16 35 -1 46 41 45 30 -1 -1 15 12
