1200
-27 -968
-10 974
2 -322
-7 18
-17 -643
25 -844
9 -512
12 -573
-6 -813
5 -260
14 -235
-15 654
20 -527
-18 686
-11 -48
-23 932
-8 797
-32 -584
-21 238
-26 94
27 436
4 -414
27 -779
-3 141
-27 -797
19 21
10 -821
28 466
0 -915
24 934
-23 -348
-13 582
1 185
-1 -614
14 -568
-21 -495
5 778
-18 304
-32 152
25 457
14 325
28 371
15 -897
23 716
-30 -60
-25 -726
17 442
17 553
16 366
32 538
21 -69
-21 178
28 -866
32 197
-26 926
-28 690
2 -918
-19 -270
22 -150
1 983
19 559
-27 -618
-26 -912
23 -420
-27 -125
-10 -236
-29 161
-6 515
27 423
28 631
-16 -172
22 -987
31 333
-26 -344
-25 -811
14 -27
-13 -641
1 -788
11 -710
-16 462
-18 959
16 -517
-25 -345
-14 927
4 710
-27 -111
-17 -707
10 -40
-31 206
-24 321
-5 766
-25 -345
11 160
-25 -915
-31 220
-22 -873
31 -227
3 761
-27 657
-19 18
-27 -340
1 367
-15 -679
8 -909
31 -58
-2 971
8 217
-25 834
-16 5
13 -173
9 -535
3 -134
19 -899
18 715
31 266
6 -925
-13 -898
-2 928
-11 -231
23 0
24 -58
14 420
31 60
21 536
-22 -877
2 801
-9 -683
-3 387
-18 781
-28 225
-17 297
-14 -563
20 -745
-25 383
23 384
1 784
-10 -695
-18 997
-24 -104
6 -59
5 -154
-26 168
-18 896
-22 -369
21 119
8 -862
28 180
9 326
11 989
28 508
17 -957
-15 161
13 -65
-1 273
6 641
-22 -126
-20 443
-23 -349
25 -941
24 -570
3 161
21 -919
-5 -808
-16 -224
-16 116
9 16
10 -473
-22 -444
-2 -714
-17 -196
16 43
-16 414
16 -281
-7 -224
14 370
-9 4
18 -177
18 873
12 -996
-13 -805
-17 933
30 328
25 -613
-13 -591
19 -286
-5 649
31 -597
0 755
-26 -409
-8 461
-21 -263
-22 1004
29 -450
-22 623
-30 477
3 -278
-4 -460
-20 -692
10 -65
14 -351
-30 490
31 -83
22 -176
19 -473
-4 692
21 -113
27 452
8 -11
31 719
1 -933
-15 942
-14 44
8 889
-28 -591
-32 629
14 472
31 -132
-24 -525
-16 -988
20 -894
-26 -499
-9 645
11 -115
29 979
18 -292
10 -249
5 -652
20 -405
-1 171
0 -989
14 111
5 382
30 -129
4 -329
10 -629
30 -901
-29 332
21 -662
-8 889
-8 -717
-14 363
-18 -802
-30 -147
-27 -53
29 -154
-31 823
23 489
-8 448
-11 551
-27 -756
-12 -591
16 843
-4 136
-24 -43
-9 498
31 -427
4 323
2 -965
-15 125
-23 199
-14 -11
27 440
19 178
-32 326
-15 -530
-25 -886
-21 -38
-32 156
-2 138
-4 -927
10 -647
2 -41
12 -533
24 363
16 25
-19 -437
-18 46
-19 -21
-4 890
-20 953
-11 387
-12 776
-18 -488
-21 958
0 -492
7 797
-27 727
-6 -952
-17 -250
17 -215
-11 484
-30 -212
-23 -650
9 243
-1 72
-11 601
-20 -786
-11 -729
-30 772
-20 936
-19 261
15 -347
29 439
-25 -868
-2 673
-21 475
26 -198
-7 -361
1 30
9 -608
27 -460
21 -464
9 -679
5 -472
16 -963
-18 373
5 147
-17 285
-23 777
14 -762
-15 -130
-4 558
-22 488
-20 -664
27 590
13 -405
23 258
30 933
16 -13
-20 183
-12 413
-2 370
-5 583
-7 -902
-26 71
-22 -777
-29 610
2 125
-1 490
29 79
7 238
-16 -326
-17 854
30 74
18 -981
-1 -135
8 813
-32 -7
13 -647
6 -319
4 499
-22 -123
-8 -802
25 671
-3 -25
-13 -769
-2 936
2 708
22 -488
15 -956
11 -498
17 12
-18 168
-10 686
-17 119
14 -544
12 -217
-4 191
7 -152
30 -307
-22 74
-23 548
24 390
-7 -275
-17 1013
-8 993
-8 239
-16 -196
28 -15
1 -73
4 -168
32 723
-22 766
-10 -892
19 238
22 -589
9 285
7 -215
16 190
-17 -961
-24 328
29 180
18 -499
-25 974
20 986
26 -410
28 285
8 432
-11 -311
23 127
-10 901
-25 239
15 9
2 -188
17 -467
-1 -648
-6 933
-4 429
11 27
24 -81
-17 767
24 293
11 -178
-16 53
3 -760
-22 -562
23 230
26 -721
-30 -300
-26 437
-20 503
15 -905
-29 -168
19 332
15 -611
-18 -153
-3 -751
-22 -841
8 -672
-21 631
3 -96
-25 759
11 -254
32 372
-4 -360
1 -808
15 597
-15 554
-7 371
2 800
17 -911
-22 428
25 786
-7 -31
17 -688
15 732
29 670
14 -138
22 -521
-10 374
22 -1006
31 286
-24 -99
-8 532
-10 -322
14 544
11 -71
-8 -847
-19 -978
-28 829
-6 -790
-14 111
10 490
-32 808
16 -306
21 112
-15 748
-21 328
-26 726
30 -616
-2 142
8 -830
4 -638
15 785
23 -1018
17 816
10 -923
9 -904
-28 387
24 48
-29 -452
-3 -719
3 558
14 -592
-19 980
-24 151
-9 -769
26 -857
19 -307
14 -462
-2 -506
28 -573
2 -768
-3 187
-17 987
-2 213
-30 907
8 831
5 -385
-16 -837
-28 -970
2 -332
-21 683
-8 -585
-29 788
11 -438
3 -693
13 902
-20 73
15 720
2 -213
15 -965
-23 938
-22 622
18 105
2 -901
23 -902
-12 -43
1 -374
-28 669
20 373
-23 696
-7 -267
-1 269
-30 -899
32 866
-2 384
-23 606
-23 279
-9 -174
19 501
20 30
-32 -772
15 -619
23 -130
-26 -732
8 281
-28 -76
-26 25
5 -180
19 -356
13 575
-9 -950
28 837
-18 360
-1 224
-17 -413
13 461
-3 753
16 -282
-12 -109
32 866
-25 999
30 698
9 982
-8 150
-21 -333
16 653
30 369
-28 606
32 616
-17 -459
24 -454
-1 -982
-3 -157
8 410
-24 -229
15 931
13 17
-2 257
-14 98
19 88
30 107
-31 530
-17 182
-23 -844
11 428
-1 1002
-7 748
24 273
-16 -732
10 837
-19 421
9 320
-22 -701
-15 -100
32 -552
29 -839
7 728
25 31
-27 -711
-25 172
-1 -580
-11 -310
8 -344
16 759
18 645
-16 11
22 -734
27 -33
-30 909
-2 522
-18 -146
32 -89
-6 -627
15 -556
29 665
-12 427
0 789
-12 253
25 80
-31 -631
1 -978
13 766
-17 -289
-8 -587
18 88
-10 -561
-12 -383
27 525
-18 -708
-16 212
3 -416
9 555
-18 -782
-19 -720
-28 -229
21 -1002
7 78
30 -359
-22 497
-22 921
-19 -1012
-31 -1009
23 -290
-16 155
7 -516
-16 1009
-27 -20
-19 -48
23 322
-3 -992
11 442
3 -603
24 330
-24 820
24 -372
-31 -636
20 -460
7 -219
-32 -81
16 301
-6 814
18 519
26 824
20 -8
-3 -298
16 -298
4 -434
-5 663
20 -326
-1 -814
26 -874
17 479
5 -535
-5 477
-13 196
-16 835
-20 551
-19 -757
-26 -225
28 472
-15 283
11 133
-32 -726
-14 769
14 231
1 811
-14 554
-8 72
15 -1010
1 -597
-32 -211
15 -316
25 -457
-10 -334
31 723
2 -693
31 824
-24 -682
-9 237
21 -954
-20 42
14 -176
12 635
-9 614
28 956
-2 -677
13 767
-22 -964
-19 495
6 139
22 -648
-1 176
-8 -601
22 786
-30 93
23 103
-28 -312
12 -807
12 335
-19 460
31 848
5 499
29 -698
-10 -125
-13 798
-8 -522
-25 484
32 838
-1 -340
-15 -482
2 943
15 399
13 60
-7 -583
2 422
-27 148
-13 172
-15 323
-3 183
-4 -217
4 -813
27 -918
13 964
-19 -958
18 -1018
15 888
9 742
27 -982
31 -659
20 -853
29 362
-29 521
2 -58
3 8
29 -495
18 -431
24 -949
-18 -101
10 619
20 638
27 574
16 549
-28 763
28 68
-32 51
4 -133
7 -979
-15 -590
32 -306
-20 -400
25 -280
0 -61
15 -132
-10 835
-22 -197
22 87
14 438
11 -357
-13 203
22 -232
-11 974
-9 -870
-26 534
-21 1008
-1 6
-28 -573
-8 -223
-23 545
-10 -284
1 132
11 804
7 -104
-32 -682
-20 905
25 787
11 286
-1 819
-17 220
11 4
12 -980
19 298
4 247
-8 -139
-11 232
-18 635
-15 -391
-14 582
-14 -906
-21 -956
10 -68
2 -865
-9 56
-8 -878
7 795
-30 -34
-14 -352
-27 310
-27 851
7 688
-16 773
-11 934
15 713
-4 -114
28 -121
1 -194
15 811
28 29
-26 433
16 -395
-5 839
-28 -1006
12 -166
5 382
11 499
-18 -282
32 344
-1 -396
-19 -906
19 863
5 470
16 -705
-7 -389
-1 98
32 -1012
-15 -266
-31 -727
-23 825
0 593
0 304
26 228
-23 827
-13 -863
11 -421
8 -79
11 -748
20 -937
5 -378
-28 -80
15 -771
-15 -578
1 -754
-12 -260
-31 363
-7 -770
-27 -113
-16 688
-15 30
27 -904
-27 104
-3 563
18 -80
-21 -48
-3 860
-4 -226
-10 -196
-19 -948
-29 -60
2 -879
-6 -364
9 -568
-16 370
15 749
1 457
0 520
-17 -115
-6 429
-17 709
-4 -653
23 764
29 -391
9 365
-29 -382
13 13
19 -930
5 163
9 -316
-9 -866
-7 -605
-27 277
3 151
25 998
-5 -33
4 -577
23 -821
17 995
8 -782
30 -502
-25 128
-12 136
21 -840
-8 -251
17 831
22 -724
10 522
-25 652
-14 -286
-21 -284
-23 -740
6 -1006
-22 -674
22 -725
20 -700
-1 -571
0 845
23 674
17 -137
18 -640
31 -183
14 -618
5 237
23 -525
22 -364
9 -368
18 -134
-30 -105
9 -873
13 -214
14 504
-6 -97
-29 829
3 328
-1 -537
-8 361
32 372
-25 -381
30 289
0 -466
-30 333
20 -668
-6 353
19 -97
17 446
4 -45
16 953
15 761
-17 434
10 936
8 776
-17 -823
-24 -1009
-18 731
-6 450
26 -795
26 -569
-12 -556
8 -187
-4 -225
11 -964
26 -329
32 99
-16 -279
27 -17
-32 430
29 -95
-20 369
10 963
-21 737
-21 -685
5 146
20 -1010
-5 -447
-29 986
23 -427
25 -431
-23 523
-7 699
-22 -311
-12 -635
25 -609
-5 237
-10 727
0 859
-19 563
6 -644
17 -568
10 810
25 -290
-26 362
-3 282
-1 -961
26 -401
-31 -1000
-17 -92
-19 -82
10 196
-17 -941
18 -695
3 849
-5 92
18 576
6 -938
-5 -978
-22 -403
-20 -408
3 -173
-14 -854
9 -95
0 -774
13 -928
-31 -376
-5 -189
-7 190
-31 649
-18 521
-26 -806
12 778
-3 -590
-21 614
9 -305
-14 -603
-24 -652
11 998
28 787
10 -422
28 -120
-32 -873
30 -579
7 345
-9 356
-2 -725
25 938
-20 -144
-15 364
32 -646
18 -861
-24 93
24 -145
12 -211
32 -734
-3 1013
-30 618
-9 886
27 -542
-31 622
22 560
18 -124
11 461
-28 -715
-10 202
26 -654
-8 -49
-27 -124
26 530
-28 447
-26 570
26 -546
-31 -448
-22 -822
-15 -478
-20 -665
14 208
23 -982
29 480
-8 -44
-32 -497
-2 22
-8 791
12 -741
-13 -436
-19 92
-12 -883
5 -728
-6 -115
-15 -273
27 811
20 -512
-3 -189
-28 -361
8 -118
16 -564
18 947
-28 -650
16 -132
-2 -528
1 364
0 -435
22 -891
-22 711
20 -151
29 962
28 -500
-6 142
-5 -531
22 114
30 -111
16 785
18 -481
25 -1013
6 793
9 868
-26 72
30 -388
-19 -217
-19 736
6 761
19 -734
28 -925
28 84
12 -298
-4 455
-9 259
-8 938
-30 -162
15 -323
12 432
19 250
0 -558
15 197
29 185
18 905
-24 -443
-28 -843
18 91
-4 -776
20 -50
-22 -105
-24 919
-10 -13
25 757
23 -662
-2 721
-7 156
-4 -38
17 -613
-24 -251
30 -445
-24 975
-9 -525
-25 514
-3 859
17 427
-23 673
-19 50
-26 54
8 835
12 459
10 -508
-23 182
-16 968
2 624
-2 373
12 23
5 -597
5 877
25 245
10 380
9 952
4 -30
-10 175
29 272
11 -72
-23 -1019
17 -703
-3 -102
-18 -756
-5 982
4 701
-12 -572
-23 502
23 532
27 -9
15 -117
-9 428
-4 408
-30 388
17 -435
-28 -638
-28 249
-18 269
23 973
6 669
-24 -869
-6 -626
-13 -63
-9 913
11 624
12 -667
24 310
15 871
20 364
17 -651
1 -474
0 -502
13 -581
-22 434
-18 -719
25 810
27 936
3
2 -981 -43
3
1 956 198
3
2 -701 56
3
2 633 3
3
2 -698 24
3
2 -836 -35
3
2 -589 50
3
2 -146 32
3
2 -266 -58
3
1 -993 1010
3
2 216 29
3
2 789 24
3
1 961 589
3
2 -922 -5
3
2 627 -64
3
2 874 -41
3
2 -378 -20
3
2 193 -20
3
2 -338 -14
3
2 233 -52
3
2 715 10
3
2 -1002 -51
3
1 159 886
3
2 -565 22
3
2 683 57
3
2 682 -60
3
2 897 -13
3
2 315 -7
3
1 -786 725
3
2 -50 35
3
2 932 24
3
2 669 7
3
2 116 11
3
2 621 20
3
1 256 226
3
2 883 60
3
1 131 697
3
2 995 -8
3
2 -256 29
3
1 -815 1109
3
2 374 24
3
2 -570 2
3
1 -810 457
3
2 103 20
3
2 -290 -11
3
2 689 -8
3
1 -699 611
3
2 -220 50
3
1 781 309
3
2 429 -7
3
1 -530 228
3
2 155 -59
3
2 -567 41
3
2 -1000 22
3
2 339 -37
3
2 -478 -16
3
1 -719 524
3
2 -512 40
3
2 -567 55
3
2 380 -47
3
2 228 -39
3
1 -90 813
3
2 607 -15
3
2 -125 10
3
2 383 54
3
2 -175 25
3
2 110 30
3
2 -170 -51
3
1 494 168
3
1 -206 316
3
2 503 -11
3
2 -80 -48
3
2 548 -32
3
1 41 1096
3
2 38 -62
3
2 248 22
3
2 337 -22
3
1 629 631
3
2 -121 -60
3
1 918 631
3
1 -948 374
3
2 411 -36
3
2 -486 53
3
2 -619 30
3
2 -988 -17
3
2 -231 -61
3
2 -362 50
3
1 -564 87
3
2 702 5
3
2 306 50
3
2 -860 -17
3
2 -6 -40
3
2 -296 53
3
2 925 -61
3
2 460 57
3
2 -286 25
3
2 -462 37
3
2 42 -54
3
2 -482 -10
3
2 510 -51
3
2 250 20
3
2 265 -16
3
2 988 1
3
2 -107 -50
3
2 -929 -24
3
2 -417 -56
3
2 653 60
3
1 -968 1008
3
1 -41 993
3
2 751 -62
3
2 791 -44
3
2 -870 -23
3
2 -236 31
3
1 672 380
3
2 -303 -14
3
2 973 38
3
1 684 1161
3
2 -508 50
3
1 -607 125
3
2 66 53
3
2 278 33
3
2 707 1
3
2 -702 -35
3
2 -660 59
3
2 222 4
3
2 354 59
3
2 -38 54
3
2 -391 -53
3
2 -663 14
3
2 713 34
3
2 -876 20
3
2 967 -63
3
1 -664 1127
3
1 -172 103
3
2 801 47
3
2 301 60
3
2 983 18
3
2 -86 45
3
2 737 51
3
2 337 48
3
2 488 24
3
1 -66 652
3
1 -661 725
3
1 -1019 1177
3
2 44 52
3
2 -850 18
3
2 -678 21
3
2 219 -38
3
2 821 -46
3
2 9 -61
3
2 -615 34
3
2 -772 -52
3
2 -269 -4
3
2 706 -57
3
1 980 811
3
2 263 -23
3
1 957 424
3
2 975 52
3
2 951 63
3
1 733 443
3
2 523 -38
3
1 982 15
3
2 516 7
3
1 509 152
3
2 277 -64
3
2 621 21
3
2 818 37
3
2 -711 52
3
2 45 45
3
2 239 2
3
2 -305 21
3
2 437 51
3
2 -673 34
3
1 -712 836
3
1 -698 653
3
1 949 422
3
2 -719 -14
3
2 791 45
3
2 575 -21
3
2 -544 63
3
1 -1022 805
3
2 576 -4
3
2 404 -46
3
2 754 -37
3
2 -228 22
3
1 486 31
3
2 598 6
3
1 -472 214
3
2 -723 0
3
2 794 -57
3
1 203 862
3
2 76 58
3
1 371 723
3
2 66 -16
3
1 -843 371
3
1 -29 913
3
2 55 -48
3
1 740 412
3
2 -223 -13
3
2 -227 -24
3
1 966 568
3
2 491 -2
3
2 -191 -34
3
1 808 1093
3
2 726 61
3
1 914 668
3
2 -753 12
3
2 -384 -50
3
2 762 -16
3
1 700 668
3
2 933 -56
3
2 951 -40
3
2 -718 9
3
2 427 -22
3
1 -1008 347
3
1 898 927
3
1 481 567
3
2 -122 -27
3
2 -360 -63
3
2 580 47
3
2 -604 45
3
2 -637 -19
3
2 -979 -21
3
2 -235 36
3
2 -901 -58
3
2 278 40
3
2 201 -55
3
2 -54 -62
3
2 -772 -43
3
2 -126 53
3
1 -905 580
3
2 -95 52
3
1 -277 11
3
2 407 -38
3
2 204 -40
3
2 351 -23
3
2 739 8
3
1 615 736
3
1 620 764
3
2 490 -18
3
2 -98 14
3
2 299 2
3
2 -440 -20
3
2 -984 11
3
1 -907 412
3
1 -191 459
3
1 523 935
3
2 -844 28
3
2 -829 -17
3
2 208 60
3
1 797 459
3
1 -177 731
3
2 -790 -30
3
2 26 -16
3
2 -525 -12
3
2 754 -10
3
2 -469 -43
3
1 -920 1155
3
2 883 -48
3
2 71 -13
3
2 102 -8
3
2 585 39
3
1 -113 610
3
2 805 10
3
2 160 3
3
2 718 -18
3
2 268 -10
3
1 -450 1019
3
1 -823 672
3
2 -741 45
3
2 796 46
3
2 -920 9
3
1 46 507
3
2 179 -58
3
2 545 24
3
2 -276 -52
3
1 -425 769
3
1 620 647
3
2 -547 8
3
2 879 33
3
2 -16 21
3
2 -386 21
3
2 617 57
3
2 665 43
3
2 808 19
3
1 -502 169
3
1 -975 205
3
2 969 25
3
1 312 833
3
2 1012 60
3
1 -960 537
3
2 -378 -53
3
2 269 56
3
2 -670 -22
3
2 171 30
3
1 392 803
3
2 198 11
3
2 -655 33
3
1 456 389
3
2 659 16
3
2 750 -35
3
2 -12 -55
3
2 13 15
3
2 -664 -3
3
2 -842 3
3
2 538 7
3
1 125 1005
3
1 56 534
3
2 -586 -8
3
2 725 58
3
1 -255 782
3
2 -979 -1
3
2 727 35
3
2 357 50
3
2 -911 14
3
2 -733 1
3
1 -635 1065
3
2 968 60
3
2 -590 3
3
2 -898 -32
3
2 542 -42
3
2 -815 24
3
2 800 32
3
1 -491 65
3
2 789 12
3
1 -825 195
3
1 183 854
3
2 935 -60
3
2 -759 -25
3
2 677 -21
3
2 -243 48
3
2 -721 -63
3
2 -769 43
3
1 651 830
3
2 -200 18
3
2 447 17
3
1 56 923
3
2 -224 -26
3
1 687 279
3
2 -358 -53
3
1 439 273
3
2 261 22
3
2 179 -47
3
2 -105 -36
3
1 789 1192
3
2 -610 25
3
2 600 -64
3
1 -314 1160
3
1 176 532
3
2 -55 57
3
2 -881 -33
3
2 800 -48
3
2 587 -38
3
1 306 454
3
1 489 357
3
1 388 388
3
2 -308 59
3
1 -906 230
3
2 -470 7
3
2 -271 6
3
2 366 2
3
1 688 1195
3
2 -27 -5
3
2 -498 -28
3
2 437 -9
3
2 16 -2
3
2 224 -56
3
2 -933 -7
3
2 418 48
3
2 -159 36
3
2 -460 -40
3
2 978 -36
3
2 829 19
3
1 -726 529
3
2 -207 37
3
2 -924 20
3
2 -412 20
3
1 392 515
3
2 -876 -54
3
2 59 5
3
2 67 62
3
2 318 13
3
2 -952 19
3
2 -593 -40
3
2 164 -11
3
2 782 19
3
2 625 -64
3
2 -103 -6
3
1 765 890
3
2 200 -28
3
2 489 27
3
2 976 37
3
2 -213 13
3
2 -543 8
3
2 511 57
3
1 -712 1186
3
2 928 23
3
2 531 2
3
1 -275 704
3
2 -559 -38
3
1 544 197
3
1 13 857
3
2 874 -62
3
2 -654 41
3
1 -687 690
3
2 -456 -58
3
2 -885 47
3
1 688 460
3
1 -469 509
3
1 -620 776
3
1 -731 78
3
2 -224 -14
3
2 -316 -59
3
2 -936 44
3
2 397 37
3
2 261 -17
3
2 -50 -37
3
2 -936 -37
3
2 573 57
3
2 119 -22
3
2 464 14
3
2 560 14
3
2 -153 54
3
2 -865 -38
3
2 956 52
3
1 184 603
3
2 719 26
3
2 -97 -5
3
2 -710 47
3
2 -370 53
3
1 -661 278
3
2 1012 44
3
1 -463 667
3
1 400 101
3
2 383 -32
3
2 -687 7
3
2 832 27
3
2 -555 1
3
2 -63 -15
3
2 -722 18
3
2 -591 -62
3
2 624 19
3
2 -887 45
3
1 -318 336
3
2 -142 44
3
2 -987 -46
3
1 -31 1109
3
2 -398 -9
3
2 -975 29
3
2 347 46
3
2 102 61
3
1 -735 880
3
2 -578 33
3
1 932 675
3
1 367 941
3
2 734 20
3
2 -346 -29
3
2 408 31
3
2 850 3
3
2 -243 -20
3
1 -168 427
3
2 414 8
3
2 -558 -11
3
2 551 1
3
2 -470 2
3
2 -164 23
3
2 -756 -1
3
1 637 26
3
2 898 9
3
2 475 20
3
2 -842 7
3
2 968 -36
3
1 -644 1099
3
2 607 21
3
2 305 48
3
2 871 35
3
1 804 233
3
2 74 46
3
2 -181 -23
3
2 -934 24
3
1 210 196
3
2 -746 -45
3
2 -437 59
3
2 45 29
3
2 -417 -29
3
1 82 298
3
2 -800 17
3
1 691 924
3
2 862 -9
3
2 53 4
3
2 -445 50
3
2 -798 17
3
2 943 -32
3
2 -389 -51
3
1 -658 108
3
1 692 617
3
2 -91 -64
3
2 -688 49
3
2 -462 10
3
2 972 14
3
2 1015 16
3
2 875 -43
3
1 494 336
3
2 764 25
3
2 756 19
3
2 263 -47
3
2 155 39
3
2 -301 -39
3
1 -519 346
3
2 345 -5
3
2 -693 -22
3
1 674 36
3
2 -396 -46
3
2 -757 -63
3
2 -362 15
3
2 883 -45
3
2 1010 -26
3
2 246 14
3
1 -721 786
3
2 -515 -53
3
2 917 -37
3
2 55 20
3
2 -824 63
3
2 -779 -13
3
2 -710 62
3
2 -764 -17
3
1 -762 384
3
1 -793 598
3
2 -10 -26
3
2 -923 -5
3
1 -1024 191
3
2 -833 43
3
2 -1014 25
3
2 465 34
3
1 269 235
3
2 179 -30
3
2 -567 -18
3
2 -788 48
3
2 -786 49
3
2 457 -15
3
2 725 36
3
2 861 -21
3
2 2 -22
3
2 826 34
3
2 -498 20
3
2 278 23
3
2 963 54
3
2 519 15
3
2 727 -8
3
2 -670 28
3
1 935 861
3
2 -712 -50
3
2 591 -60
3
2 -79 -28
3
1 -426 767
3
2 887 34
3
2 -490 -29
3
2 -707 18
3
2 -47 -3
3
2 969 -54
3
1 -633 23
3
2 -753 -6
3
2 288 43
3
2 962 9
3
2 -313 -11
3
2 -197 -50
3
2 -46 55
3
2 596 -44
3
2 -596 31
3
2 715 5
3
1 -137 461
3
1 -379 437
3
1 -687 786
3
2 -33 -15
3
2 -666 46
3
2 -522 13
3
2 164 -52
3
2 820 -30
3
1 -86 331
3
2 -289 30
3
2 -973 -49
3
2 335 -33
3
2 874 -37
3
1 -814 242
3
2 826 -46
3
2 759 3
3
2 894 61
3
1 -794 203
3
2 110 -15
3
2 996 -5
3
1 274 868
3
2 895 21
3
2 58 60
3
2 -925 22
3
1 -68 610
3
2 268 -4
3
1 -627 203
3
2 -750 64
3
1 1007 824
3
1 -562 119
3
2 -645 33
3
2 -402 33
3
1 810 1045
3
2 257 13
3
1 -558 676
3
2 -765 -23
3
1 -887 462
3
2 -758 1
3
1 -73 818
3
2 59 -58
3
1 -651 471
3
2 -104 -6
3
2 -12 47
3
2 498 -12
3
1 612 798
3
1 644 638
3
2 840 7
3
2 557 39
3
1 26 971
3
2 -131 -2
3
2 -967 18
3
2 353 37
3
2 -911 2
3
2 -91 31
3
2 -674 63
3
2 -678 31
3
2 -861 -13
3
2 713 63
3
2 220 1
3
2 204 -9
3
2 102 56
3
2 -218 33
3
2 -134 13
3
2 -373 -62
3
2 860 16
3
2 956 9
3
2 176 -34
3
1 193 454
3
2 -776 -22
3
1 -241 323
3
2 831 39
3
1 764 895
3
1 -544 361
3
2 479 -11
3
2 234 -47
3
2 -668 13
3
2 -45 34
3
2 893 -50
3
1 141 423
3
2 -226 -28
3
2 -851 28
3
2 -651 10
3
2 214 -4
3
2 321 60
3
2 -421 31
3
2 389 37
3
1 -491 849
3
1 -334 241
3
2 548 43
3
1 -698 129
3
2 -796 -34
3
2 356 -38
3
1 -533 523
3
2 501 5
3
1 522 268
3
2 -633 0
3
1 40 1010
3
2 667 29
3
2 -607 -50
3
2 564 21
3
1 865 130
3
2 -410 -5
3
1 -447 290
3
2 208 -42
3
2 -527 -11
3
2 -881 -51
3
2 -1010 44
3
1 66 262
3
2 -347 6
3
1 -572 489
3
2 703 -23
3
1 577 927
3
1 448 217
3
2 17 -6
3
2 -907 -51
3
2 -696 33
3
1 526 538
3
2 219 19
3
2 -926 27
3
2 -311 58
3
1 -685 328
3
2 743 -32
3
1 742 619
3
2 829 -55
3
2 -545 56
3
2 -809 22
3
2 429 36
3
1 -377 810
3
2 512 -40
3
2 -583 -31
3
2 1000 -25
3
2 -21 -1
3
2 41 -37
3
2 228 43
3
2 234 -5
3
2 -467 10
3
2 -707 -45
3
2 -471 -60
3
2 818 7
3
2 251 -49
3
2 -693 50
3
1 224 847
3
2 -518 -6
3
2 -423 47
3
2 -496 29
3
2 915 -32
3
2 41 -61
3
1 -543 833
3
2 -106 -53
3
2 937 14
3
1 740 31
3
2 153 49
3
2 431 9
3
2 -757 -18
3
2 -533 -24
3
2 556 -25
3
2 -859 -64
3
1 -764 605
3
2 977 -64
3
1 -759 441
3
2 617 35
3
2 981 -50
3
1 826 27
3
1 -833 241
3
2 842 32
3
2 964 -52
3
2 -423 -31
3
1 585 651
3
2 955 -30
3
2 -544 26
3
2 -588 23
3
1 643 746
3
2 299 51
3
2 422 9
3
2 -435 53
3
2 -207 25
3
2 996 63
3
2 -371 49
3
2 273 -14
3
2 -254 22
3
2 -501 -39
3
1 -753 502
3
2 -858 -63
3
1 -897 652
3
2 -90 49
3
1 -1019 352
3
2 -567 -25
3
2 918 35
3
1 -913 358
3
2 -986 -8
3
2 -58 -10
3
2 -588 -39
3
2 -569 32
3
1 -200 320
3
1 -315 1033
3
2 953 -55
3
2 982 13
3
2 373 59
3
1 735 195
3
2 974 45
3
2 33 -20
3
2 -115 -15
3
2 150 -57
3
2 -412 -48
3
2 -353 -43
3
2 -623 -46
3
2 622 16
3
2 -747 4
3
2 -489 47
3
2 644 42
3
2 860 -38
3
1 172 420
3
1 900 88
3
1 -889 597
3
2 567 34
3
2 -455 -2
3
2 659 42
3
2 -244 60
3
2 316 37
3
2 401 34
3
2 48 -30
3
1 -799 409
3
1 344 473
3
2 -677 20
3
2 -989 -11
3
1 -907 98
3
2 9 55
3
2 692 -11
3
2 -535 40
3
1 -888 1047
3
1 -418 937
3
1 -629 680
3
2 -612 31
3
2 296 19
3
2 146 -26
3
2 -391 38
3
1 -913 517
3
1 -287 71
3
2 -284 -14
3
1 -369 580
3
2 615 57
3
1 -58 232
3
2 858 24
3
1 676 194
3
2 -469 -39
3
2 553 24
3
2 211 -63
3
2 -322 56
3
2 245 -19
3
2 692 -49
3
2 -117 63
3
2 -598 -58
3
2 1012 -56
3
1 -578 487
3
2 613 -14
3
1 522 670
3
2 804 21
3
2 -581 -59
3
1 -894 731
3
1 -670 936
3
2 228 -50
3
2 -155 4
3
2 112 55
3
2 -607 52
3
1 -479 97
3
2 131 53
3
2 -194 62
3
1 194 572
3
2 -16 -45
3
2 -84 57
3
2 -380 -39
3
2 -800 53
3
2 -890 -31
3
2 208 -58
3
2 608 -46
3
1 -158 1152
3
1 -2 825
3
1 263 1064
3
1 -197 438
3
2 -626 19
3
2 693 37
3
1 -968 943
3
2 -573 -8
3
2 331 64
3
2 651 -12
3
2 -23 -58
3
2 879 10
3
2 -961 11
3
2 -490 -50
3
2 374 -2
3
2 960 -61
3
2 -551 37
3
1 -731 25
3
1 534 82
3
2 73 -60
3
2 -542 -21
3
2 -156 -35
3
1 -501 986
3
2 -358 -43
3
2 257 -64
3
2 236 58
3
2 -801 -30
3
2 444 39
3
2 -506 31
3
2 657 -56
3
2 -582 56
3
2 741 -39
3
2 -1011 1
3
1 -965 438
3
2 169 41
3
2 -284 -5
3
2 -95 -16
3
1 -232 1037
3
2 -243 -14
3
2 -823 45
3
2 -808 32
3
2 291 64
3
2 -233 -41
3
2 244 48
3
2 -817 -56
3
1 543 160
3
1 -863 5
3
1 561 891
3
2 -526 -57
3
2 507 -48
3
2 -364 3
3
2 -609 2
3
2 130 -14
3
2 837 19
3
2 -893 1
3
1 318 324
3
2 -416 32
3
2 714 -29
3
2 567 -33
3
2 173 -8
3
1 190 87
3
2 -478 -35
3
2 961 57
3
1 422 702
3
1 14 911
3
1 -95 856
3
1 837 537
3
2 153 35
3
2 -841 36
3
1 684 123
3
2 -194 19
3
2 -696 -61
3
1 1005 735
3
2 -960 14
3
2 824 30
3
2 -94 -11
3
2 414 56
3
2 -53 26
3
1 -420 1077
3
2 -189 46
3
2 -389 -17
3
1 -873 1036
3
2 -713 -25
3
2 733 1
3
2 716 -25
3
2 -632 -36
3
2 592 -53
3
2 -639 4
3
2 487 51
3
2 -73 -28
3
2 929 -46
3
2 -930 -44
3
2 21 15
3
2 132 -30
3
2 338 1
3
2 -373 -21
3
2 -46 33
3
1 106 308
3
2 -274 -5
3
2 -1005 -42
3
2 -377 -48
3
2 -122 44
3
2 89 -11
3
1 749 69
3
2 385 -13
3
2 333 -60
3
2 -524 -48
3
2 787 7
3
2 -908 -56
3
2 630 3
3
2 90 53
3
1 668 968
3
1 -559 873
3
2 -205 32
3
2 926 -61
3
2 987 19
3
2 -140 33
3
1 698 1089
3
2 299 -58
3
2 -850 4
3
2 253 -42
3
1 949 232
3
1 822 897
3
2 -108 -6
3
2 -171 45
3
1 969 553
3
2 -647 36
3
2 -454 -12
3
2 117 43
3
1 791 1030
3
2 52 18
3
2 -942 -33
3
2 248 -40
3
2 638 48
3
1 -560 293
3
1 111 40
3
2 -89 -32
3
1 877 1041
3
1 -815 200
3
2 588 46
3
2 592 -56
3
2 -713 -48
3
2 927 10
3
2 855 20
3
1 -109 791
3
2 -528 -57
3
2 -439 -58
3
2 18 37
3
2 517 11
3
2 332 6
3
2 -876 -54
3
2 -803 -18
3
2 986 -6
3
2 -833 16
3
2 -734 -37
3
2 -424 -56
3
2 -471 -61
3
1 13 362
3
2 64 51
3
1 -202 350
3
1 -505 97
3
2 742 63
3
1 548 875
3
1 699 202
3
1 295 433
3
2 -712 17
3
2 863 33
3
2 -192 -63
3
2 -952 -45
3
2 -183 16
3
2 -883 -34
3
1 -923 800
3
2 -1017 -31
3
2 -236 -41
3
1 737 541
3
2 256 25
3
2 867 -4
3
1 594 779
3
2 -546 37
3
2 14 26
3
2 -980 -48
3
2 205 -46
3
2 -306 -51
3
2 520 -12
3
2 -710 22
3
2 -121 -50
3
2 -185 21
3
2 163 -10
3
2 936 -38
3
2 -874 43
3
2 -348 -42
3
2 -40 1
3
2 -232 48
3
2 648 -34
3
2 225 -53
3
2 -694 49
3
2 765 -50
3
2 -683 21
3
2 -106 -18
3
2 5 -12
3
1 1005 969
3
1 472 718
3
1 558 962
3
1 245 595
3
2 -704 62
3
1 -14 522
3
2 -503 -56
3
2 -279 -28
3
2 -798 21
3
1 980 445
3
2 -566 52
3
2 -781 4
3
2 540 57
3
2 17 -33
3
2 732 36
3
1 -76 881
3
2 -991 24
3
2 -661 34
3
2 52 41
3
2 34 63
3
2 461 -42
3
2 -41 -3
3
2 538 -27
3
2 -83 4
3
2 -231 -7
3
1 830 397
3
2 -666 -32
3
2 -881 -64
3
1 13 308
3
2 -137 40
3
2 721 -1
3
2 -506 -5
3
2 -271 59
3
2 957 1
3
2 -161 -64
3
1 792 181
3
2 -295 8
3
2 -340 40
3
2 -646 -23
3
1 38 218
3
1 129 481
3
2 -426 45
3
2 -872 -62
3
2 -667 -12
3
2 -820 -57
3
2 425 49
3
2 944 53
3
2 -767 59
3
2 779 22
3
2 1022 46
3
1 -3 364
3
2 -299 -2
3
1 605 149
3
2 175 40
3
2 888 38
3
2 -49 61
3
2 757 -14
3
1 -947 72
3
1 104 522
3
1 -685 280
3
2 644 53
3
2 204 -5
3
2 -976 -64
3
1 -606 440
3
2 -801 18
3
2 325 -41
3
1 492 920
3
2 939 60
3
2 -721 10
3
1 -12 176
3
1 -482 817
3
2 559 -26
3
2 -389 25
3
1 925 6
3
2 247 39
3
2 -170 46
3
2 613 41
3
2 -47 4
3
1 157 891
3
2 -45 43
3
2 -144 49
3
2 369 -20
3
2 -342 37
3
2 -648 18
3
2 139 12
3
1 -167 414
3
2 945 -13
3
1 -889 1050
3
2 41 -61
3
2 767 -18
3
2 -421 -7
3
1 -831 760
3
2 -258 -34
3
2 320 -28
3
2 298 -56
3
2 412 -50
3
1 473 202
3
2 -562 64
3
1 -219 2
3
2 270 6
3
2 892 54
3
2 -882 19
3
2 116 -60
3
2 936 43
3
1 966 275
3
2 -572 -17
3
2 762 35
3
1 -53 190
3
2 9 -28
3
1 -945 778
3
1 625 942
3
2 990 16
3
1 -1018 294
3
2 917 -29
3
1 -1024 264
3
1 469 168
3
2 -917 -46
3
2 -652 56
3
1 887 1070
3
2 156 -55
3
2 994 32
3
1 -604 236
3
2 164 -50
3
2 991 -34
3
1 -363 246
3
2 497 9
3
2 909 50
3
2 -189 18
3
2 -288 31
3
1 907 786
3
1 590 601
3
2 679 15
3
2 -220 30
3
1 56 574
3
2 -118 -40
3
2 -800 -57
3
2 -1 -22
3
2 -34 10
3
1 -950 213
3
2 333 -44
3
2 -205 29
3
1 623 1005
3
2 733 -7
3
1 -892 667
3
2 762 50
3
2 572 -62
3
2 32 -61
3
2 786 -42
3
2 -378 -39
3
1 -525 161
3
2 -12 56
3
2 620 -21
3
2 -260 19
3
2 -437 52
3
1 566 489
3
2 849 57
3
1 910 875
3
2 633 -24
3
1 -684 315
3
1 258 1018
3
2 778 -53
3
2 -582 49
3
2 -70 8
3
2 558 46
3
1 845 207
3
2 160 -51
3
2 778 -32
3
1 -376 156
3
2 -264 -49
3
1 166 424
3
2 222 51
3
2 722 -41
3
2 752 -46
3
1 -1002 74
3
2 713 -19
3
1 0 1176
3
2 -520 36
3
2 722 -39
3
2 -612 7
3
2 736 56
3
2 141 3
3
2 666 -39
3
2 369 -35
3
2 -1011 -22
3
2 -836 -21
3
2 433 14
3
2 61 -63
3
1 -18 1070
3
1 -195 715
3
2 894 -36
3
2 947 38
3
2 740 -37
3
2 -820 -12
3
1 -218 936
3
1 -994 659
3
2 -254 -7
3
1 625 455
3
1 -651 193
3
2 662 43
3
2 716 -24
3
2 701 16
3
2 -186 20
3
2 -199 -6
3
2 -634 -43
3
2 579 -61
3
2 -970 -31
3
2 -669 -50
3
1 -576 684
3
2 -994 61
3
2 28 28
3
2 150 -18
3
1 -997 185
3
2 -699 -24
3
2 -636 55
3
2 -794 26
3
1 551 88
3
2 759 62
3
1 915 328
3
1 -22 353
3
2 312 -59
3
2 -773 -6
3
1 743 491
3
2 476 47
3
1 -343 500
3
2 -398 -15
3
1 343 434
3
2 -425 -31
3
2 998 -9
3
1 -650 1013
3
2 -610 4
3
1 -726 1168
3
2 -297 -21
3
2 -21 -11
3
1 -98 524
3
1 -136 253
3
1 -583 1171
3
2 -870 64
3
2 382 32
3
2 547 -62
3
2 168 12
3
2 -727 -26
3
2 573 -23
3
2 1023 -25
3
2 -77 -8
3
2 -289 19
3
2 -920 9
3
2 630 -59
3
2 509 64
3
2 144 12
3
2 26 29
3
1 -46 429
3
1 -844 1040
3
2 -90 54
3
2 -893 -9
3
2 -523 -42
3
2 -403 -12
3
2 835 64
3
2 205 -55
3
2 242 -56
3
2 807 0
3
1 266 895
3
2 454 -54
3
2 563 62
3
2 58 -41
3
2 891 34
3
2 -148 5
3
2 455 41
3
1 807 883
3
2 -247 3
3
2 -113 19
3
2 865 -7
3
2 936 -29
3
2 160 -13
3
2 -952 -49
3
2 -429 39
3
2 -609 -59
3
2 661 -12
3
2 425 47
3
2 216 -10
3
2 -333 14
3
2 851 -45
3
1 -886 350
3
2 -242 47
3
2 -894 -58
3
2 -662 -4
3
1 -68 340
3
1 484 244
3
1 -219 751
3
2 -949 6
3
2 -950 -2
3
2 -442 20
3
1 330 547
3
2 -742 35
3
1 490 424
3
1 1012 838
3
2 177 -14
3
2 398 -9
3
2 -430 35
3
2 36 -62
3
2 -1013 24
3
1 921 988
3
2 556 -28
3
2 877 56
3
2 1019 3
3
2 31 -28
3
2 45 43
3
2 965 -29
3
2 889 59
3
2 756 39
3
1 -755 1135
3
2 -392 14
3
2 648 -22
3
2 965 38
3
1 319 762
3
2 -138 -3
3
2 983 -46
3
2 28 -37
3
2 -982 9
3
2 -218 14
3
2 859 50
3
1 787 1016
3
2 -877 62
3
1 808 419
3
1 1002 1141
3
2 -319 56
3
1 932 1034
3
2 832 -24
3
2 -732 -15
3
2 -92 -3
3
2 737 38
3
2 231 35
3
2 847 42
3
2 581 -43
3
2 -204 7
3
2 537 17
3
2 -239 14
3
2 75 -40
3
2 906 37
3
2 70 -36
3
2 372 -26
3
1 546 1192
3
2 711 -16
3
2 -22 -24
3
2 -687 30
3
2 570 -2
3
2 -486 64
3
2 714 -21
3
2 -924 37
3
2 -749 37
3
2 -516 -64
3
2 -902 -38
3
2 -608 -39
3
2 -513 52
3
2 -319 21
3
2 463 -20
3
1 488 149
3
2 -847 30
3
2 362 -17
3
2 -202 -57
3
1 442 1030
3
2 -555 18
3
1 111 870
3
2 -299 -19
3
2 -179 0
3
2 779 -43
3
2 39 46
3
2 -590 -43
3
1 505 895
3
2 -895 -63
3
1 917 340
3
2 164 17
3
1 -559 812
3
2 484 24
3
2 -827 -59
3
1 455 380
3
2 -734 0
3
2 241 60
3
2 -2 -6
3
2 -339 40
3
2 529 34
3
2 -987 -32
3
1 358 339
3
1 -142 492
3
1 74 283
3
1 687 1127
3
2 110 9
3
2 -656 4
3
2 -922 18
3
2 -838 -29
3
2 930 -17
3
2 214 -39
3
1 556 1144
3
2 -494 -62
3
2 350 -13
3
2 862 61
3
2 -742 53
3
1 -325 1145
3
2 500 5
3
2 -326 23
3
2 -110 -17
3
2 -1009 60
3
2 725 -52
3
2 948 19
3
2 -881 -34
3
1 560 983
3
2 90 11
3
2 560 18
3
2 676 60
3
1 947 763
3
2 9 13
3
2 -584 -2
3
1 230 174
3
2 246 -63
3
2 -164 -4
3
1 -414 556
3
1 695 1199
3
2 711 -24
3
2 515 -61
3
2 -816 -3
3
2 490 64
3
1 -784 948
3
2 -839 -31
3
1 -144 575
3
2 807 40
3
1 -197 730
3
2 266 -62
3
1 429 442
3
2 -31 37
3
2 -617 -10
3
2 396 -18
3
2 -688 58
3
2 244 -35
3
2 843 -45
3
1 -1017 720
3
2 955 -64
3
2 659 -55
3
2 233 -59
3
1 751 575
3
2 -699 -7
3
2 -607 28
3
1 522 964
3
1 56 261
3
1 -239 623
3
2 -117 -57
3
2 -253 -3
3
2 987 3
3
2 -312 -62
3
2 659 -38
3
2 -706 -51
3
2 -102 -39
3
2 -112 -19
3
2 -1008 -4
3
1 983 876
3
2 81 10
3
1 679 689
3
2 -1006 50
3
2 -98 -2
3
2 246 10
3
2 -517 35
3
1 -955 346
3
2 353 -39
3
2 -868 15
3
2 238 -62
3
1 -609 732
3
2 697 7
3
2 -525 64
3
2 994 43
3
1 878 786
3
2 388 0
3
2 876 -47
3
2 -827 55
3
2 -102 21
3
1 545 607
3
2 -661 24
3
2 773 -28
3
2 -17 64
3
1 -1020 82
3
2 -499 -11
3
2 669 -20
3
1 -273 523
3
2 671 -61
3
2 828 -29
3
1 -810 30
3
1 -187 559
3
1 -296 326
3
2 566 3
3
1 -144 676
3
2 37 25
3
2 -694 -43
3
2 731 -42
3
1 -740 240
3
2 -656 -15
3
2 626 -21
3
2 272 -48
3
2 -278 -30
3
2 -840 -35
3
2 110 -62
3
2 493 -6
3
2 161 19
3
2 15 -52
3
1 418 471
3
1 32 350
3
1 -221 1054
3
2 -310 -14
3
1 -382 941
3
2 336 50
3
2 290 52
3
2 -516 45
3
2 -531 -54
3
2 914 49
3
2 471 -20
3
2 -164 -6
3
2 349 -4
3
2 177 35
3
2 -356 -14
3
1 -9 1017
3
2 -777 0
3
2 783 -7
3
1 -416 722
3
2 -970 -38
3
2 878 -33
3
2 -736 62
3
2 703 15
3
2 -836 13
3
2 -985 57
3
1 -21 363
3
2 703 -5
3
1 -750 813
3
2 -304 -7
3
1 -870 1034
3
2 126 64
3
2 -482 49
3
2 -101 -23
3
1 -1002 829
3
1 92 1085
3
2 236 -19
3
1 792 391
3
2 1 -29
3
2 931 -29
3
2 1004 54
3
2 621 -54
3
2 764 -52
3
2 -268 -25
3
2 949 -44
3
2 -533 -16
3
2 -970 -12
3
1 651 1163
3
2 481 1
3
2 327 4
3
1 284 1055
3
2 -617 18
3
1 38 745
3
2 -24 4
3
2 924 -51
3
2 510 0
3
2 822 21
3
2 301 -33
3
2 675 41
3
2 169 -36
3
1 -1009 116
3
1 -655 140
3
2 -180 -61
3
2 447 -3
3
2 99 63
3
2 849 26
3
2 740 -23
3
2 -506 -39
3
2 466 -52
3
2 583 -11
3
2 -250 -25
3
2 1022 23
3
2 409 8
3
1 -302 1000
3
1 -354 1037
3
1 -335 653
3
2 758 1
3
2 -605 46
3
1 -188 413
3
2 -583 -48
3
2 585 58
3
1 -1011 1192
3
2 160 5
3
2 -987 -49
3
2 133 54
3
1 859 372
3
2 676 12
3
1 919 671
3
2 -160 -45
3
2 161 -62
3
2 -510 -13
3
2 917 -64
3
2 200 -23
3
2 233 -30
3
2 -74 -24
3
2 914 -7
3
2 462 -33
3
1 -180 1066
3
2 -1004 -51
3
1 -8 1103
3
1 317 544
3
2 -790 52
3
2 -772 -47
3
2 -243 -19
3
2 493 28
3
2 571 19
3
2 166 51
3
1 -987 489
3
2 605 34
3
2 656 -25
3
2 -393 42
3
2 603 -36
3
2 -438 58
3
2 740 -3
3
2 -436 62
3
2 -246 -31
3
2 119 -28
3
2 -203 1
3
2 -291 11
3
2 719 12
3
2 -87 7
3
2 -657 39
3
2 -587 -20
3
2 323 -8
3
2 769 -27
3
2 676 -38
3
2 958 10
3
2 541 11
3
2 781 -26
3
2 -862 43
3
2 725 -12
3
2 -286 -26
3
1 949 989
3
2 583 31
3
1 -88 290
3
1 -573 589
3
2 211 -44
3
2 895 -42
3
2 -534 63
3
2 -397 -27
3
2 425 -23
3
2 2 62
3
1 473 728
3
2 -648 1
3
2 452 31
3
2 774 60
3
2 74 1
3
1 -505 1129
3
2 -143 32
3
2 871 -3
3
1 182 268
3
2 775 -42
3
2 456 -17
3
2 175 -11
3
2 -257 31
3
1 -73 289
3
2 -646 -49
3
2 -504 51
3
2 380 5
3
2 -286 -42
3
2 -803 16
3
2 66 -18
3
1 -525 350
3
2 932 8
3
2 -101 -50
3
2 386 38
3
2 -743 9
3
1 -715 533
3
2 -172 64
3
2 864 31
3
2 -566 64
3
2 -451 -45
3
2 -839 -50
3
2 792 -43
3
2 210 51
3
2 938 60
3
2 678 -28
3
2 -496 -27
3
2 -16 16
3
2 439 -61
3
2 202 53
3
1 993 87
3
2 1024 11
3
1 752 925
3
2 352 35
3
2 -946 -45
3
2 883 -10
3
2 71 28
3
2 -814 61
3
1 -880 293
3
2 100 25
3
2 -727 57
3
2 290 20
3
2 578 -29
3
1 -469 634
3
1 -902 1001
3
2 -848 -59
3
1 999 545
3
1 -175 245
3
2 581 51
3
2 544 9
3
1 685 383
3
2 -472 -34
3
2 -693 -19
3
2 -211 36
3
1 -864 100
3
2 847 -31
3
2 990 -17
3
2 -420 -46
3
2 -324 -46
3
2 -332 -14
3
2 -756 22
3
2 -89 37
3
2 -382 -31
3
2 -882 48
3
2 299 -12
3
2 -857 56
3
2 630 42
3
2 220 38
3
2 -339 31
3
2 -903 -35
3
2 678 -63
3
1 602 475
3
2 -328 13
3
1 2 729
3
2 -414 17
3
2 -429 -19
3
1 133 763
3
2 -291 -12
3
2 -339 31
3
2 57 1
3
2 -96 -30
3
1 911 1187
3
2 557 61
3
1 197 638
3
2 132 -6
3
2 -500 -2
3
2 171 13
3
2 61 -27
3
2 288 25
3
1 527 205
3
2 -579 -55
3
2 826 -43
3
2 -472 26
3
1 -243 405
3
2 -396 22
3
2 -118 -23
3
2 246 33
3
2 -725 39
3
2 -761 -49
3
2 823 2
3
2 52 -53
3
1 163 572
3
2 -289 35
3
1 414 1120
3
2 -285 59
3
2 783 -38
3
2 117 -7
3
1 -103 138
3
2 858 -41
3
2 -927 25
3
2 -277 -6
3
2 -876 13
3
1 750 1037
3
1 33 565
3
1 245 560
3
2 -20 -42
3
2 -238 -16
3
1 275 118
3
2 555 20
3
2 -647 28
3
2 -755 -59
3
2 -348 18
3
1 887 695
3
2 -83 46
3
2 -940 53
3
2 481 10
3
2 990 -50
3
1 -706 1020
3
2 -720 40
3
2 -840 58
3
1 783 365
3
2 -922 -52
3
2 354 -57
3
2 225 29
3
1 129 441
3
2 -220 35
3
2 475 -41
3
2 -745 -64
3
2 -395 3
3
2 -179 38
3
2 -1 0
3
1 376 1178
3
2 587 -54
3
2 869 -55
3
1 -792 391
3
2 969 -36
3
2 1011 -22
3
2 -393 40
3
2 618 25
3
1 1013 361
3
1 659 414
3
2 -176 56
3
2 721 41
3
1 652 664
3
2 -467 4
3
2 9 -56
3
1 512 741
3
1 -17 1009
3
2 277 -28
3
2 674 35
3
1 -178 352
3
2 553 24
3
2 -105 -44
3
2 -261 -60
3
2 822 -58
3
1 199 344
3
2 211 40
3
1 309 293
3
2 772 -26
3
1 -331 756
3
2 -619 40
3
2 932 33
3
2 -937 5
3
2 1020 -18
3
1 1012 1191
3
2 297 -40
3
1 868 863
3
2 150 25
3
1 -714 481
3
2 943 49
3
2 -525 -25
3
2 150 -61
3
1 743 547
3
2 -585 19
3
2 915 -47
3
2 165 27
3
2 -776 9
3
2 140 10
3
2 846 -62
3
2 -942 -36
3
1 -964 288
3
2 603 9
3
2 212 53
3
1 321 415
3
2 154 -28
3
1 535 368
3
2 636 4
3
1 -867 156
3
2 -592 -18
3
1 697 345
3
2 -918 -25
3
1 -422 761
3
1 -980 681
3
2 -968 -6
3
2 120 8
3
2 -289 -1
3
2 -874 7
3
2 -765 -39
3
2 186 -32
3
2 -783 34
3
2 856 23
3
2 481 -26
3
2 -222 5
3
1 -511 1073
3
2 567 -51
3
2 -173 -45
3
1 -3 800
3
2 -212 -28
3
2 -148 -6
3
2 -502 -10
3
1 857 589
3
1 -620 735
3
1 279 302
3
1 -332 1008
3
2 -83 7
3
2 155 -23
3
2 -619 -57
3
2 -233 -37
3
1 959 244
3
2 827 -38
3
2 -955 -64
3
2 -185 -61
3
2 -869 6
3
2 623 15
3
2 761 24
3
1 -335 32
3
2 631 41
3
2 737 46
3
2 753 10
3
2 -672 -43
3
2 802 -24
3
2 -116 41
3
2 -896 39
3
2 -736 45
3
2 -147 -46
3
2 -99 43
3
2 -253 59
3
1 -98 979
3
2 152 49
3
1 -162 946
3
1 506 1022
3
1 966 1180
3
1 -941 109
3
2 188 -45
3
2 433 -26
3
2 737 11
3
1 -795 200
3
2 853 -3
3
1 -187 629
3
2 118 -13
3
1 -479 736
3
2 140 7
3
2 766 8
3
1 -1008 916
3
2 53 -9
3
2 -413 4
3
2 -179 50
3
2 -152 -40
3
2 -106 -26
3
1 198 808
3
2 89 16
3
1 -143 461
3
2 923 -9
3
2 853 51
3
2 -65 6
3
1 -953 26
3
2 139 -15
3
2 907 -28
3
2 -794 18
3
2 308 -30
3
1 467 650
3
2 -837 16
3
1 435 1172
3
2 783 -5
3
2 -120 63
3
2 722 4
3
1 -52 58
3
1 347 268
3
1 723 1066
3
2 -646 17
3
1 -58 963
3
2 472 -60
3
2 -453 41
3
2 -530 -15
3
2 -255 -64
3
2 938 -60
3
2 -439 -62
3
2 47 44
3
1 -319 507
3
2 406 23
3
2 -652 26
3
2 -844 -31
3
2 200 21
3
1 329 851
3
2 -629 59
3
2 334 -36
3
2 218 7
3
2 184 -46
3
1 116 9
3
2 -780 35
3
2 -661 20
3
1 430 508
3
2 -908 28
3
2 884 -29
3
2 954 0
3
1 717 560
3
1 897 459
3
2 417 61
3
2 -377 -64
3
2 775 -54
3
2 -871 43
3
1 261 80
3
2 545 16
3
1 -985 561
3
1 -247 670
3
2 966 3
3
2 518 49
3
2 21 -18
3
2 -481 47
3
2 744 -62
3
1 -1022 593
3
2 228 33
3
2 65 -27
3
2 -287 19
3
2 12 62
3
2 -692 -32
3
2 1010 23
3
2 -813 33
3
2 171 16
3
2 -532 14
3
2 -117 -2
3
1 -269 244
3
2 -559 64
3
1 -358 694
3
2 -831 -28
3
2 1 -56
3
2 293 -22
3
2 943 -14
3
2 830 -37
3
2 -424 16
3
1 -506 1077
3
2 -288 -25
3
2 490 -61
3
2 -189 -4
3
2 -747 50
3
1 -409 5
3
2 256 -9
3
2 -284 51
3
2 -472 -3
3
2 237 61
3
2 -489 -11
3
2 428 -43
3
2 653 55
3
2 764 54
3
1 -39 1175
3
1 305 570
3
2 591 -1
3
2 293 -50
3
2 -378 -38
3
1 -738 528
3
2 -808 -34
3
1 833 793
3
2 330 46
3
2 -316 -11
3
2 73 2
3
1 156 1116
3
2 -68 -57
3
1 207 722
3
2 -125 -28
3
2 -747 -26
3
2 -34 17
3
2 -540 59
3
1 -1018 491
3
1 -977 1073
3
2 -607 -61
3
2 881 -42
3
2 6 -3
3
2 -929 -2
3
2 -670 52
3
1 310 472
3
2 198 6
3
1 556 405
3
2 785 -62
3
2 -509 -35
3
2 -516 19
3
2 727 -56
3
2 449 -54
3
2 779 -33
3
2 473 4
3
1 178 469
3
1 -333 1151
3
2 181 1
3
2 -8 6
3
2 967 -13
3
2 -796 -11
3
1 -615 497
3
2 643 47
3
2 346 12
3
2 240 -37
3
2 -315 64
3
2 -15 -49
3
2 592 -37
3
2 966 -35
3
2 -934 11
3
2 60 35
3
2 781 24
3
1 -965 529
3
2 463 3
3
2 39 -22
3
2 -860 34
3
2 -386 -52
3
1 121 825
3
2 -320 41
3
1 102 844
3
1 -661 821
3
1 462 43
3
1 -412 1015
3
2 238 -9
3
2 119 49
3
1 -296 208
3
2 707 33
3
2 746 27
3
2 -511 21
3
1 -510 801
3
1 178 345
3
2 246 29
3
2 -410 3
3
1 -635 267
3
2 -594 -41
3
2 -49 36
3
1 174 852
3
2 -452 -6
3
2 712 46
3
2 23 -9
3
2 -380 33
3
2 587 22
3
1 120 890
3
2 839 -46
3
2 -892 21
3
2 602 -9
3
2 874 -36
3
2 50 -49
3
2 -212 41
3
2 -744 -48
3
1 92 634
3
2 99 61
3
2 250 42
3
2 -890 -15
3
2 -523 58
3
1 446 548
3
2 184 -35
3
1 -600 256
3
2 887 -55
3
2 37 -4
3
1 950 511
3
2 218 -58
3
1 -376 6
3
1 -730 329
3
2 569 10
3
1 -145 318
3
1 663 126
3
1 -418 1150
3
1 770 11
3
2 -696 58
3
1 329 147
3
1 -633 412
3
1 590 37
3
2 22 43
3
2 -476 62
3
1 -770 172
3
2 254 31
3
2 395 -56
3
2 -296 -13
3
2 -1007 15
3
1 593 689
3
1 497 885
3
1 -172 1197
3
2 -138 -7
3
1 219 870
3
2 -647 49
3
2 781 -62
3
2 591 -52
3
2 -281 53
3
1 -437 1104
3
2 672 -24
3
1 411 326
3
2 -490 13
3
2 -358 -22
3
2 -436 -29
3
2 870 57
3
1 341 1131
3
2 -336 50
3
2 -555 -2
3
2 454 48
3
2 -567 64
3
1 -728 515
3
2 -150 34
3
2 732 35
3
2 916 53
3
1 950 500
3
2 577 1
3
2 -975 -40
3
2 -238 -54
3
2 444 -6
3
2 -961 -59
3
2 750 -8
3
2 951 33
3
1 495 552
3
2 267 55
3
2 999 15
3
2 -518 38
3
2 595 -26
3
2 832 -20
3
2 -90 22
3
2 979 38
3
2 -925 -59
3
2 -268 17
3
1 411 361
3
1 754 894
3
2 325 -33
3
1 505 139
3
2 -927 30
3
2 816 0
3
2 -456 34
3
2 832 -21
3
2 527 -53
3
2 975 -55
3
2 -23 64
3
1 -200 964
3
2 337 30
3
2 489 -16
3
2 -192 64
3
2 904 27
3
2 979 22
3
2 -37 -38
3
2 -542 -10
3
2 -811 16
3
2 -917 18
3
2 146 -47
3
2 -429 -53
3
2 919 -48
3
1 598 597
3
2 226 21
3
2 -900 47
3
1 -310 1197
3
1 -99 321
3
2 -679 33
3
2 -782 -64
3
1 514 865
3
2 379 -63
3
2 -350 -64
3
2 367 5
3
2 579 -4
3
2 -947 -44
3
2 456 -16
3
1 497 325
3
2 214 -17
3
1 -441 755
3
2 558 58
3
2 960 -26
3
2 592 34
3
2 -570 45
3
2 -668 -2
3
2 176 -32
3
2 -643 51
3
1 422 553
3
2 781 0
3
2 -378 2
3
2 127 -60
3
2 905 -40
3
1 501 237
3
1 348 809
3
2 -493 -32
3
1 -261 814
3
1 658 190
3
1 927 542
3
2 -63 15
3
2 594 -5
3
2 -958 -58
3
2 406 -40
3
2 966 34
3
1 373 1031
3
2 -496 37
3
2 -548 -43
3
1 -219 5
3
2 435 55
3
1 -138 58
3
2 324 39
3
2 -667 -15
3
2 518 18
3
2 -282 47
3
2 86 32
3
2 -484 -31
3
2 412 26
3
2 -635 -15
3
2 342 -55
3
1 691 418
3
2 -344 6
3
2 -68 -21
3
2 623 4
3
1 -954 850
3
2 826 -59
3
2 676 -32
3
2 664 -30
3
2 17 57
3
2 -608 -64
3
2 -284 -47
3
1 -98 1160
3
2 545 -19
3
2 174 -64
3
2 731 36
3
2 -402 -14
3
2 219 30
3
2 51 -3
3
2 82 28
3
2 604 6
3
2 515 42
3
2 -835 6
3
2 976 18
3
1 670 1160
3
2 815 -51
3
2 103 61
3
1 -354 346
3
2 -528 -61
3
2 -521 -50
3
2 569 -59
3
2 -1014 58
3
2 -481 -52
3
2 286 50
3
2 195 38
3
2 893 -45
3
1 -111 519
3
1 -965 215
3
2 -482 -46
3
2 978 50
3
1 358 577
3
2 -901 -43
3
2 502 36
3
2 883 2
3
2 -749 21
3
2 -635 -44
3
2 -94 44
3
2 -551 62
3
2 -764 -25
3
2 343 -27
3
2 803 3
3
2 -830 6
3
2 57 -57
3
2 -443 30
3
2 -331 -55
3
2 -473 -22
3
2 970 21
3
2 -1022 53
3
2 -142 13
3
2 6 25
3
2 -585 -26
3
2 -835 -14
3
2 291 54
3
2 -249 62
3
2 -633 -21
3
1 -154 723
3
2 544 10
3
2 837 59
3
2 -239 27
3
2 -605 61
3
2 -309 -6
3
1 -530 448
3
2 -632 50
3
2 -113 36
3
2 -653 -49
3
2 74 9
3
2 -104 -28
3
2 -770 62
3
2 600 17
3
2 678 7
3
2 -703 45
3
2 -182 -51
3
2 389 30
3
2 -984 39
3
1 -646 586
3
2 -464 10
3
2 113 16
3
2 -508 52
3
2 750 -40
3
2 -866 -62
3
2 285 -53
3
2 545 17
3
2 615 -61
3
2 785 -47
3
2 -219 64
3
2 -468 35
3
2 908 -19
3
2 866 -31
3
1 756 1124
3
2 -686 -9
3
2 -991 -25
3
2 -980 -3
3
2 864 47
3
2 -187 -10
3
1 364 1187
3
2 -699 -63
3
2 798 30
3
1 -372 830
3
2 -370 -58
3
2 381 -32
3
2 -516 -42
3
2 334 20
3
2 189 30
3
2 -52 -61
3
2 -859 -14
3
2 706 39
3
2 82 53
3
1 967 959
3
2 -733 11
3
2 342 -33
3
2 764 -55
3
1 818 66
3
2 538 -62
3
1 537 989
3
2 -960 -29
3
1 -75 488
3
1 163 598
3
2 -363 -12
3
2 -787 -15
3
2 671 20
3
1 763 594
3
2 -988 46
3
2 583 -8
3
2 194 -16
3
2 219 61
3
2 1022 -61
3
2 -145 -2
3
2 -948 -63
3
2 -221 30
3
2 128 1
3
1 -545 947
3
2 -706 -13
3
2 -534 -38
3
2 672 41
3
2 812 -41
3
2 -975 18
3
2 115 -59
3
2 -446 -34
3
1 870 269
3
1 -257 438
3
2 -412 -24
3
1 -879 424
3
2 -841 9
3
1 -272 1056
3
1 341 573
3
1 -476 424
3
2 788 -8
3
2 198 -33
3
2 -48 -8
3
2 -226 -21
3
2 847 5
3
2 -675 31
3
2 877 48
3
1 453 507
3
2 -729 -15
3
2 112 -57
3
2 923 -20
3
2 536 20
3
2 -461 58
3
2 -241 59
3
2 -724 -40
3
1 -919 1072
3
2 6 12
3
1 -534 33
3
2 -328 -32
3
2 923 -3
3
1 706 851
3
2 -351 29
3
2 -646 59
3
2 692 32
3
2 332 57
3
1 934 1139
3
1 -428 79
3
2 527 24
3
2 -58 45
3
2 -819 -5
3
2 329 -41
3
1 590 192
3
2 -352 0
3
1 -496 209
3
2 957 -26
3
2 -781 55
3
1 786 1103
3
1 -636 775
3
1 15 394
3
2 987 -37
3
2 855 -31
3
2 -484 44
3
1 581 1159
3
2 -511 -14
3
2 -414 -39
3
2 660 -43
3
2 256 9
3
2 -597 58
3
1 129 736
3
2 569 32
3
2 622 43
3
2 -543 -1
3
1 -717 235
3
1 479 529
3
2 663 -40
3
2 -345 39
3
1 -74 748
3
2 536 -14
3
2 474 54
3
2 196 -17
3
1 -95 886
3
2 956 -22
3
2 -159 -11
3
2 -208 49
3
1 826 886
3
2 314 -64
3
1 550 1057
3
2 -755 60
3
1 373 617
3
2 877 61
3
2 718 4
3
1 751 366
3
2 -19 -24
3
2 11 40
3
1 332 587
3
2 -495 38
3
2 -273 2
3
2 -796 34
3
2 924 -26
3
1 919 83
3
2 -243 51
3
1 -402 200
3
2 -615 52
3
2 962 14
3
2 -826 46
3
2 318 41
3
1 -560 833
3
2 562 41
3
2 124 -41
3
2 -377 -57
3
2 -233 42
3
2 462 13
3
2 102 20
3
2 64 -21
3
2 653 13
3
2 646 15
3
2 -157 -13
3
2 845 27
3
1 333 661
3
2 219 57
3
2 -670 -64
3
2 432 -44
3
2 691 -1
3
1 87 1134
3
1 -344 10
3
2 -269 -28
3
1 -696 257
3
2 -362 -5
3
2 -62 33
3
2 615 -16
3
2 -997 63
3
2 -20 7
3
1 -440 1162
3
1 199 387
3
2 -213 64
3
2 571 -35
3
2 821 33
3
2 -537 34
3
2 -891 -57
3
2 907 35
3
2 894 50
3
1 886 566
3
2 -704 -29
3
2 -188 31
3
1 447 550
3
2 319 -38
3
2 74 -2
3
2 -447 57
3
2 -909 -20
3
2 556 -48
3
1 582 483
3
2 -477 -5
3
2 884 -49
3
2 -279 16
3
1 731 324
3
2 496 51
3
1 -228 1144
3
2 -88 44
3
2 -984 10
3
2 -928 -51
3
2 695 22
3
1 326 699
3
2 507 -18
3
2 -228 -14
3
2 882 -4
3
2 550 20
3
1 -651 178
3
1 -366 434
3
2 -667 6
3
2 114 -20
3
2 324 26
3
2 343 -10
3
2 -991 24
3
1 -284 446
3
2 -798 -30
3
2 -549 -45
3
2 269 -2
3
2 -318 24
3
2 -709 42
3
2 -789 -49
3
2 1023 16
3
2 -838 0
3
2 833 -52
3
2 260 10
3
2 751 -6
3
2 475 41
3
1 -586 840
3
2 928 27
3
1 318 55
3
2 -328 -57
3
2 113 56
3
1 -226 708
3
1 -506 1029
3
1 -734 995
3
2 -626 -9
3
2 -324 -4
3
2 -815 55
3
2 835 51
3
1 163 0
3
2 86 -62
3
1 719 1130
3
2 -176 12
3
2 817 56
3
1 660 425
3
2 604 28
3
2 364 -39
3
1 927 1093
3
2 513 -47
3
2 -171 42
3
2 -298 55
3
2 -146 7
3
2 -739 -30
3
2 -867 0
3
2 -210 -19
3
2 980 -5
3
1 -132 293
3
2 3 -42
3
2 -738 -28
3
2 110 55
3
1 815 968
3
1 25 774
3
1 414 141
3
1 221 131
3
2 986 47
3
2 -584 3
3
2 518 30
3
1 383 653
3
2 -780 55
3
2 427 14
3
2 579 29
3
2 276 -43
3
2 -278 -59
3
2 -745 58
3
2 715 33
3
2 664 -37
3
2 -806 54
3
1 -770 61
3
2 -351 47
3
1 -60 305
3
2 -581 -20
3
2 -674 26
3
2 -486 50
3
2 -243 -34
3
1 -813 1191
3
2 -870 59
3
2 567 -47
3
2 292 25
3
2 870 39
3
2 25 31
3
1 -595 645
3
1 -177 653
3
2 -231 39
3
2 680 20
3
1 -809 937
3
1 -637 594
3
2 -927 -10
3
1 -135 933
3
2 583 25
3
2 -576 25
3
2 -624 1
3
2 -520 30
3
2 -499 13
3
2 -840 -61
3
2 785 60
3
2 -31 -36
3
2 449 41
3
2 -117 31
3
1 61 465
3
2 -393 13
3
2 1023 30
3
2 142 37
3
1 -124 713
3
2 762 -24
3
1 -2 253
3
1 866 704
3
2 449 52
3
2 338 -15
3
2 -711 -31
3
2 220 -37
3
2 -942 61
3
2 843 55
3
1 -750 719
3
2 -316 45
3
1 775 67
3
2 -848 46
3
2 -698 -44
3
2 -728 -9
3
2 976 25
3
2 -636 -5
3
1 -1019 676
3
2 -797 -14
3
2 -489 21
3
1 -596 1052
3
1 605 998
3
1 -201 520
3
2 -995 -61
3
1 208 129
3
2 -806 -33
3
1 -903 801
3
1 547 777
3
1 471 908
3
2 35 -21
3
2 651 27
3
2 521 -26
3
1 -359 924
3
1 927 858
3
2 -295 -40
3
2 -612 32
3
2 -225 46
3
2 63 45
3
1 -180 724
3
2 403 45
3
2 36 24
3
2 -572 48
3
2 -646 0
3
2 502 -10
3
2 638 30
3
2 58 55
3
2 -263 1
3
2 65 -58
3
2 533 61
3
2 -679 30
3
1 38 474
3
2 -987 -13
3
2 438 14
3
2 -500 -61
3
2 -697 6
3
2 54 17
3
2 948 -13
3
2 -968 3
3
2 1000 9
3
2 153 -1
3
2 -402 15
3
2 -13 19
3
2 -721 50
3
2 -836 -27
3
2 56 -45
3
2 -901 5
3
2 804 -39
3
1 -177 1045
3
1 -708 423
3
1 -968 913
3
1 469 795
3
2 565 -24
3
2 -739 -15
3
2 -1016 20
3
2 235 6
3
2 -445 38
3
1 588 188
3
2 1020 0
3
2 -619 -7
3
2 813 -47
3
1 -485 731
3
2 135 -17
3
2 661 -35
3
2 -5 -24
3
2 710 3
3
2 572 -14
3
2 659 8
3
1 382 668
3
2 -203 -31
3
1 417 1174
3
2 -168 17
3
1 -311 418
3
2 1000 -55
3
2 -542 -42
3
2 -140 37
3
2 -299 -55
3
2 -382 -9
3
1 926 167
3
1 -137 563
3
2 843 -1
3
2 -175 9
3
2 -673 -48
3
1 -600 984
3
2 -181 55
3
1 -945 761
3
2 415 1
3
1 895 1002
3
2 -967 -4
3
2 458 34
3
1 -570 414
3
2 -679 34
3
1 -865 690
3
1 29 896
3
2 617 20
3
1 893 536
3
2 -993 -17
3
1 652 434
3
2 854 -35
3
1 1019 42
3
1 -592 854
3
2 -490 -4
3
1 -380 624
3
2 965 33
3
2 958 43
3
1 593 405
3
1 -781 809
3
1 634 222
3
2 870 33
3
2 -684 16
3
2 957 -28
3
2 -23 -27
3
2 -214 -45
3
2 -288 -57
3
1 179 15
3
1 494 1145
3
2 -801 37
3
2 295 -5
3
2 68 24
3
2 622 57
3
2 -144 61
3
2 -752 43
3
1 679 141
3
2 -300 52
3
2 949 52
3
2 -79 40
3
2 582 39
3
2 -109 -25
3
2 -988 41
3
1 -176 301
3
2 271 61
3
2 -749 -21
3
1 -143 1163
3
2 174 -30
3
2 -370 45
3
2 206 9
3
2 -578 59
3
2 -430 -51
3
2 -251 31
3
2 -709 33
3
1 586 878
3
2 -532 24
3
2 525 -60
3
2 469 54
3
1 -988 943
3
2 -82 13
3
2 -417 12
3
2 -746 -62
3
2 -773 -12
3
2 593 -32
3
1 -636 319
3
2 -506 -11
3
2 -793 -4
3
2 718 -63
3
2 -883 55
3
2 475 -48
3
1 -922 1022
3
2 -906 -22
3
2 -99 -8
3
2 512 -17
3
1 751 811
3
1 -137 82
3
1 -338 53
3
1 -509 1037
3
2 -987 20
3
2 931 47
3
2 328 -24
3
2 -301 50
3
2 663 24
3
2 408 -13
3
2 274 43
3
2 845 1
3
2 -459 -42
3
2 472 39
3
2 523 -17
3
2 754 -48
3
2 59 15
3
2 -955 -2
3
2 -471 33
3
1 -801 1041
3
2 -326 19
3
2 828 -46
3
1 -405 151
3
2 817 15
3
2 -935 57
3
2 -398 17
3
2 -681 24
3
2 879 9
3
1 -210 132
3
1 564 1187
3
2 -899 -50
3
2 252 20
3
2 293 23
3
2 422 -2
3
1 -894 805
3
2 993 -47
3
2 865 -10
3
2 -950 -40
3
2 370 -9
3
2 365 20
3
2 -556 -7
3
2 953 -8
3
1 614 17
3
2 -1007 46
3
2 -365 -38
3
2 -523 6
3
2 -215 -63
3
2 -407 -37
3
2 1020 3
3
2 -504 31
3
2 -657 2
3
2 -790 -1
3
1 949 122
3
2 571 51
3
2 -596 21
3
1 -414 571
3
2 -304 -33
3
2 -948 -25
3
2 582 16
3
2 -22 32
3
1 878 517
3
2 846 55
3
2 646 40
3
1 58 605
3
2 -495 -56
3
2 -372 -58
3
2 -627 21
3
2 627 -31
3
2 905 -45
3
1 -448 1118
3
1 -505 528
3
2 177 20
3
1 -11 1007
3
1 59 150
3
2 403 -48
3
2 -880 32
3
2 -728 -57
3
2 -379 -64
3
2 783 29
3
2 -320 25
3
2 931 34
3
2 -732 -22
3
2 47 49
3
2 -393 -58
3
2 568 38
3
2 -740 35
3
2 -121 44
3
2 585 -34
3
1 -83 113
3
2 -7 -17
3
2 791 -2
3
2 -909 54
3
1 863 50
3
2 -932 -13
3
2 936 41
3
2 849 -59
3
2 484 56
3
2 751 -35
3
2 -797 -50
3
2 844 31
3
2 -923 25
3
2 -454 -34
3
1 -648 358
3
2 -490 62
3
2 -946 39
3
2 435 -1
3
2 -301 39
3
1 -807 924
3
2 -440 0
3
1 560 711
3
2 -177 -7
3
2 -183 -48
3
2 322 47
3
