1081
-6 -14
7 468
4 -604
16 859
-5 -50
-16 387
-3 -162
-9 484
-32 396
12 333
29 -315
-11 270
-13 -1004
18 -803
18 1011
13 -937
15 486
-24 -365
-23 292
22 -452
27 256
-29 -918
-13 1022
18 159
-18 -674
14 -154
25 -463
17 -893
-19 577
-8 665
16 -650
-20 536
-6 -741
21 -282
-18 664
-22 -718
20 -288
3 -11
11 490
-4 614
20 -897
-27 876
-16 -961
28 -778
-4 336
-1 693
-5 -386
13 -479
-31 -649
-6 -38
-19 -471
-5 -90
22 168
-23 487
-11 48
-3 986
16 -487
25 -160
-5 -204
0 217
-23 997
-25 329
11 90
-5 -516
-10 -398
29 -33
-6 -799
8 -91
-8 -223
18 539
-9 -551
28 1024
20 -199
-24 74
12 -587
-23 241
8 -848
-5 -516
-26 -91
-32 -806
12 463
-29 690
-8 -449
-7 -455
-3 -541
4 -848
-4 -441
28 430
-11 528
1 1007
16 -742
23 863
31 -743
15 725
-22 -686
5 -812
14 -407
32 -47
-12 990
29 520
8 -419
6 -644
31 -153
-10 549
9 801
-11 828
5 -782
21 -1018
1 -12
11 202
-15 -374
3 -409
23 -220
-21 923
30 -959
29 -831
9 -935
14 -190
-29 871
31 -201
31 378
-26 195
3 268
-23 120
-1 932
16 70
-29 735
20 801
23 -796
-26 -252
-25 -931
-1 964
7 -509
-8 -904
-14 108
-7 -14
12 -478
21 594
-4 -643
-14 46
17 -502
14 -690
-10 -736
18 -788
1 -213
-29 -727
28 -74
-9 -961
17 -527
-19 292
-25 -409
-12 580
-24 -54
-28 439
-23 -161
1 -409
-4 600
18 82
19 -475
-31 892
-6 815
29 216
11 913
26 670
-26 -49
1 480
17 -810
-27 703
-32 184
-1 487
4 90
-27 -128
-12 4
20 554
-5 -240
-2 889
-32 74
-19 -222
18 872
-22 -163
-15 -639
-22 365
2 -673
31 -264
-6 162
14 -466
2 814
31 942
11 -129
31 346
13 -131
28 205
24 802
-6 -607
-13 432
6 961
-18 -454
9 905
31 857
-12 945
-27 865
-9 -266
22 396
-1 447
-20 635
7 -102
27 490
8 447
12 86
-1 -620
5 -930
6 823
23 130
7 562
26 320
-16 -43
28 -64
11 -723
-31 366
-14 598
9 516
-24 993
-4 87
-7 249
20 -257
-22 -846
-31 482
-16 501
-29 167
15 -451
20 8
32 135
9 -292
2 275
20 673
28 -973
15 -680
-30 146
22 435
-10 92
-8 536
-26 -498
-11 -266
-14 92
-18 554
-8 388
-29 -341
19 1018
-29 -64
-6 -47
-19 629
-10 261
-5 24
-24 -644
23 -735
32 636
-30 -795
9 -207
-1 -372
19 889
32 -474
19 -793
7 263
20 -425
31 -20
3 808
5 -980
-23 559
-11 -61
-13 -498
20 -637
-5 -483
-4 275
-17 -444
-30 -805
11 597
-16 184
-24 466
-26 540
1 -891
-21 82
-16 -407
-31 -551
21 195
13 578
2 129
-2 347
-8 558
-30 1006
22 13
10 -979
-22 -566
-32 414
19 676
-18 -59
-19 -62
-6 -298
-18 -363
25 -318
19 588
-21 40
-23 201
-11 875
4 497
-21 -665
0 545
29 -417
20 633
29 -122
-27 -585
28 -954
9 354
17 420
19 460
27 334
-11 873
32 227
17 761
-31 -217
16 -603
17 231
-27 546
28 432
12 -189
-1 440
-25 642
-28 627
19 282
8 -550
2 -389
-16 252
12 158
-9 -491
6 -467
19 128
8 -566
7 -104
-14 173
8 -889
-4 -899
16 -278
4 -964
-11 -798
12 -653
31 572
3 996
-26 -558
0 791
13 25
25 805
-4 -234
-27 512
-16 219
8 501
-10 -869
-32 929
9 -655
27 739
29 -717
32 -241
23 -445
-21 166
21 -651
0 510
20 -768
-27 -474
29 -496
-12 -829
4 722
-24 590
-31 812
-29 243
16 -565
12 753
6 -470
9 109
-13 755
-1 132
2 -816
12 -11
-8 -93
7 -25
31 -447
7 671
23 867
0 641
27 -805
5 -213
2 329
-9 934
32 -998
10 993
24 -731
-5 373
-26 229
17 -570
27 390
26 59
-15 599
-1 730
-17 454
-30 -441
3 206
22 -184
27 -115
-15 393
-16 255
-18 -843
-27 462
4 538
20 916
14 -710
13 -628
11 -800
-25 79
-23 -99
-22 -748
3 182
24 855
21 -8
9 -790
13 139
-29 -278
-31 -1011
8 -150
-10 -661
28 -1017
-20 23
15 27
11 888
-29 -336
-17 638
-29 -264
27 422
-18 -720
14 -718
26 799
18 -508
-9 -771
-25 705
-5 57
-5 -156
7 722
-32 -555
1 -911
-20 854
1 -928
19 -282
-16 775
1 -601
0 554
-8 82
11 150
-5 -175
29 615
-30 506
-27 574
16 -287
-25 729
-32 -5
-5 2
-19 621
9 291
1 -582
15 479
-7 609
-14 58
13 849
27 -761
-32 99
13 -845
-14 526
1 -581
-1 1024
21 -92
-15 -34
13 -182
-18 520
-1 -611
-14 -874
21 -221
1 -124
-2 -600
-27 46
-10 887
-12 29
-22 -787
25 282
11 794
-10 829
23 787
17 612
-24 357
29 -823
17 46
26 637
27 598
14 -338
11 727
20 173
28 -147
-26 119
16 -780
23 -253
-10 170
27 -820
24 -167
19 -487
12 -101
14 447
29 -959
-27 282
-28 -963
-15 -364
11 -348
19 -160
-19 522
16 619
26 360
-7 269
22 -596
1 974
-30 -248
17 -61
-30 -824
-16 108
-24 -578
26 416
-21 -178
31 271
-14 884
-3 -510
14 70
-1 -900
22 987
26 959
-15 -671
-7 -372
15 883
-27 781
12 -46
22 -700
14 -770
-28 -117
30 280
14 -963
22 776
18 521
-7 685
-21 -774
-17 -499
27 13
2 581
22 -552
2 -279
-27 -15
-13 -419
-29 -438
12 -999
27 -88
-19 110
27 444
20 -475
8 -317
-32 586
-3 -168
30 -906
16 454
14 -1
20 -911
3 643
-2 -94
22 408
26 -965
12 961
-20 226
-5 -54
31 -93
22 -926
-3 -319
-3 548
-25 -252
-12 -642
29 -172
-1 616
-14 -412
14 39
27 -55
-13 -527
-24 -657
7 489
27 -33
-2 751
-12 417
1 -24
-21 -3
15 -389
-5 -860
-21 459
-27 887
-18 -67
16 796
-25 481
0 931
0 233
-3 900
32 355
-20 -381
-14 -284
19 931
-13 134
21 728
-12 -864
-26 -774
14 -652
-18 669
5 -950
25 -234
12 668
-25 -3
-28 971
-9 86
30 226
3 383
-27 254
-28 -365
-8 705
-3 133
-17 743
-18 -565
17 -529
24 -115
-5 -481
-30 101
-23 -165
-11 -961
18 994
-13 84
-18 -657
32 -887
-16 -268
15 -16
-31 -377
-12 789
19 -525
-18 -568
32 327
26 28
25 504
2 544
-23 738
-13 -391
4 -779
11 902
1 159
-23 -303
16 -725
-6 839
-25 310
-28 288
-12 -198
-1 -757
-7 574
17 998
-8 -89
-11 -120
-20 -411
-1 331
-15 -819
3 -578
22 -289
6 -769
8 -177
-6 957
18 161
11 -82
19 965
-2 604
7 992
-1 567
4 -953
4 -498
-1 -64
1 6
-16 -472
5 507
20 -430
14 -750
-21 320
-21 -986
8 -597
-23 -67
-30 653
7 -143
25 90
9 498
29 -666
-17 333
-13 344
-16 949
23 278
10 135
-32 -856
-26 778
1 -408
-19 -566
-22 -765
6 899
31 415
23 -517
-10 -358
-10 154
16 492
20 808
-10 826
9 -830
27 -886
27 952
11 739
-22 -741
-12 -16
-9 862
15 620
14 -894
-19 -558
5 4
-25 618
27 622
1 645
29 -104
20 -912
-25 527
23 933
10 557
-29 -889
17 -46
-19 -979
26 363
-24 -1009
11 -860
-19 107
30 -434
-20 -699
-20 -214
8 -944
6 -631
15 -740
-22 955
16 862
-22 -184
10 304
-17 -932
-29 585
22 -522
18 -589
4 58
18 322
-11 -269
-5 -700
16 -430
14 -802
-1 -427
-26 371
-27 -837
0 503
13 -331
-21 -740
-27 132
-28 728
-2 -67
-2 789
23 -855
5 -385
-14 734
18 953
-29 -169
-6 -758
30 -879
-16 -68
-8 846
-12 -176
31 -807
-30 -237
19 -558
-31 -554
30 629
-12 -634
19 -191
-28 -327
29 -56
-25 -690
-10 777
8 716
-29 214
-7 231
11 -967
4 37
-18 -348
16 -401
16 802
-13 -1020
-11 -208
5 -332
6 -625
-18 144
0 -33
9 -906
26 54
-18 129
-22 -568
-4 -210
-9 928
1 789
9 138
10 185
-28 -55
-24 322
10 72
4 -662
-6 -670
22 -722
-25 984
21 40
15 -795
-31 -231
11 -495
16 -850
0 -614
9 -525
3 839
4 -48
-13 873
-30 -1016
-1 775
-20 904
-8 -147
24 -86
2 602
6 851
16 636
-22 492
-27 -333
-1 573
-20 93
15 627
-3 -293
-7 178
-31 -684
15 -524
-29 46
-4 708
32 561
-32 -289
-32 577
19 -568
-18 670
-19 841
27 77
28 -98
22 -588
25 -948
30 83
-26 -302
16 954
-1 1
19 65
-12 -639
-17 820
-9 -261
30 -366
-30 560
-24 -394
2 -896
32 765
-19 -659
-26 559
-21 -705
-8 185
-27 552
-21 728
30 601
1 -275
19 907
7 -966
-29 404
-13 329
17 -516
-5 315
2 -382
15 667
-13 -281
24 -598
30 330
19 56
-6 -812
10 -103
29 -473
11 -250
31 167
27 -969
26 14
-18 1023
12 -706
-32 135
-27 881
-31 -79
8 -22
24 -386
-23 -579
8 -860
11 965
26 -66
-2 708
-7 414
28 517
2 -602
2 853
2 29
-5 -290
-2 -940
-13 -572
28 -857
-7 352
1 -287
2 476
-28 430
-2 450
23 -628
6 47
-4 497
3 -257
-9 -954
18 315
-12 -793
-3 -250
18 617
-12 -704
12 632
1 565
-18 -68
-7 -291
-16 433
-12 725
21 -219
-9 103
-4 -713
-14 172
-30 955
15 -31
-11 512
-18 477
27 946
19 -649
-15 -68
21 -126
-7 957
22 225
-26 767
17 -342
-28 -328
-17 -712
-29 -393
-8 366
8 -54
-1 -814
-12 54
-28 -462
-15 -53
25 18
-19 855
-28 -258
28 -13
-16 -896
-26 916
32 -236
-22 571
14 60
18 48
-12 -285
-16 248
-8 453
2 613
20 -746
-11 929
-8 -73
-6 -325
-20 -502
-6 -364
-6 928
-1 -76
13 -908
7 -768
24 -864
4 -935
22 -213
-31 -198
-7 127
11 230
-7 463
29 -836
6 -643
-15 572
16 -474
-17 17
-20 760
4 -903
-8 948
-11 -997
7 171
-2 -553
16 -58
11 197
-26 -848
-10 -38
-7 49
-14 517
13 526
18 -715
-17 -752
8 506
17 -245
-10 -140
-4 493
-4 787
7 -1020
1 -916
-4 -517
0 -1010
6 220
-29 810
-22 127
-31 187
31 879
-9 -832
24 824
12 647
-19 -212
22 -767
19 -631
17 -592
-17 765
18 -681
1 -178
-17 -606
-23 847
-23 311
14 -5
-16 -422
-32 -30
29 -24
7 468
5 -164
13 -920
2 537
15 -400
27 -641
7 487
11 -924
-32 573
-12 -161
-14 723
4 345
11 647
14 567
-5 717
6 -126
-13 -884
26 -96
8 -710
5 742
17 898
-10 -233
-18 828
6 -867
-32 -639
-3 772
-7 -367
-12 -735
22 -1009
17 -640
14 374
3
1 893 447
3
2 -740 25
3
2 -811 -53
3
1 599 200
3
2 -577 -28
3
1 -420 972
3
2 88 48
3
2 745 -15
3
2 512 26
3
2 385 56
3
2 -893 -52
3
2 612 -42
3
2 895 6
3
2 -956 48
3
2 -480 61
3
2 888 -6
3
1 -432 479
3
1 -131 207
3
2 971 -44
3
1 881 834
3
2 141 27
3
2 427 46
3
2 959 -49
3
1 -81 717
3
1 480 479
3
2 396 59
3
1 -467 245
3
2 198 18
3
2 435 -25
3
2 -763 -28
3
2 -104 55
3
2 745 27
3
1 -1005 294
3
1 -531 60
3
1 -819 387
3
2 114 25
3
2 823 15
3
2 -140 31
3
2 -1006 -14
3
1 -752 491
3
2 -528 -29
3
2 -717 -10
3
2 831 54
3
1 401 611
3
1 110 265
3
2 1015 21
3
1 417 369
3
2 -579 33
3
2 457 6
3
2 -114 15
3
2 -386 -20
3
2 293 -24
3
2 -212 -25
3
2 -940 -14
3
1 -950 97
3
2 -785 36
3
2 -50 14
3
1 275 625
3
2 901 -44
3
2 726 42
3
2 11 60
3
2 702 1
3
2 981 -36
3
2 357 -56
3
2 860 4
3
2 646 27
3
2 853 -34
3
1 -256 681
3
2 -774 39
3
2 856 52
3
2 807 -42
3
2 -937 41
3
2 543 -24
3
2 442 -12
3
2 -838 -21
3
2 398 -42
3
2 43 0
3
2 -974 -3
3
2 -672 30
3
2 383 47
3
2 -997 -9
3
2 437 19
3
1 879 106
3
2 118 5
3
2 286 44
3
1 -591 592
3
2 -737 -45
3
1 822 617
3
2 -250 -3
3
2 -1001 -45
3
1 830 883
3
2 -892 41
3
2 -343 -37
3
2 384 31
3
2 -401 -20
3
2 -303 15
3
2 -212 -39
3
1 -300 282
3
2 -310 19
3
2 8 54
3
2 485 61
3
1 -121 453
3
2 -698 49
3
2 -704 39
3
1 -210 530
3
2 -565 -41
3
1 677 707
3
2 -538 -10
3
2 962 -2
3
2 407 -58
3
2 -283 64
3
1 -567 461
3
1 1015 160
3
2 -804 -55
3
1 -784 825
3
1 336 149
3
2 428 49
3
1 -733 151
3
1 236 131
3
2 523 -42
3
1 -360 420
3
1 -559 225
3
2 -455 46
3
2 -904 30
3
2 -1008 22
3
1 -146 987
3
2 -156 -9
3
2 -228 64
3
1 -660 903
3
2 286 -34
3
2 58 -12
3
1 164 566
3
1 -540 3
3
2 -191 -20
3
2 -7 21
3
2 -709 20
3
2 -302 -23
3
2 -668 40
3
2 726 -4
3
2 -279 30
3
1 820 259
3
2 -869 -25
3
1 746 571
3
2 -493 -56
3
2 757 59
3
2 639 -55
3
2 1 -13
3
1 294 207
3
2 -240 -32
3
1 173 676
3
2 6 -12
3
2 949 -9
3
2 -632 -26
3
2 -582 56
3
2 -828 -64
3
2 693 -32
3
2 763 7
3
2 -774 -4
3
2 463 55
3
2 -283 -61
3
2 860 55
3
2 -661 -51
3
2 -71 59
3
2 -985 55
3
1 1018 18
3
2 806 16
3
2 745 31
3
1 532 976
3
2 523 -3
3
2 -91 1
3
2 -567 -16
3
1 -83 560
3
2 -533 -25
3
2 365 18
3
2 -443 -58
3
2 874 -9
3
2 -681 36
3
1 -495 243
3
2 -838 -4
3
1 613 151
3
2 445 13
3
1 -823 427
3
1 -195 906
3
2 -352 61
3
1 -850 374
3
2 554 -22
3
2 -568 31
3
2 645 -31
3
2 857 -27
3
1 -1005 374
3
2 -103 -2
3
2 327 13
3
2 -889 -46
3
2 276 57
3
2 788 55
3
2 -385 -24
3
2 637 36
3
2 -524 50
3
2 -775 -24
3
2 -618 22
3
2 881 -21
3
2 81 31
3
2 998 24
3
2 -1001 -5
3
2 86 20
3
2 742 -24
3
1 816 480
3
2 140 59
3
2 779 -45
3
2 -666 62
3
2 516 -40
3
1 -351 257
3
2 -1019 5
3
2 880 5
3
2 895 -24
3
1 224 460
3
1 -577 665
3
1 484 35
3
2 467 38
3
2 228 -24
3
2 -725 -50
3
2 -446 23
3
1 880 825
3
2 314 45
3
2 -330 -4
3
2 -264 -22
3
1 -387 691
3
2 -574 -24
3
1 188 224
3
1 -413 1031
3
1 77 829
3
2 -533 47
3
2 -113 1
3
2 -227 38
3
1 686 128
3
1 -875 949
3
2 956 61
3
2 -177 -29
3
2 988 -10
3
2 107 7
3
2 612 19
3
2 970 44
3
2 -708 -7
3
2 -318 -55
3
2 971 -40
3
2 -557 62
3
1 -68 398
3
2 837 31
3
2 593 -62
3
2 -847 -31
3
2 -181 29
3
1 -183 94
3
2 239 -16
3
2 426 13
3
2 -331 -44
3
2 199 -6
3
2 727 24
3
1 353 599
3
2 553 6
3
2 489 -6
3
2 -763 0
3
2 -566 55
3
1 -989 653
3
2 416 52
3
2 -675 23
3
2 8 -39
3
2 -970 -58
3
1 -92 754
3
2 -96 37
3
2 -1020 -19
3
2 831 -27
3
2 -591 -33
3
2 806 63
3
2 -809 61
3
2 393 -39
3
2 772 45
3
2 283 38
3
2 -117 37
3
1 920 178
3
2 915 56
3
1 -469 328
3
1 174 822
3
2 -414 -29
3
2 55 53
3
2 -553 24
3
1 -9 642
3
2 -162 -27
3
2 -798 -40
3
1 487 1068
3
2 -367 -16
3
2 717 11
3
2 926 -45
3
2 -819 56
3
2 -897 5
3
2 -940 30
3
2 -88 -31
3
1 -893 21
3
1 -739 591
3
2 282 64
3
2 536 9
3
2 -996 49
3
2 102 -43
3
2 167 22
3
1 4 890
3
2 -171 -38
3
1 -990 643
3
1 370 856
3
1 -932 545
3
2 109 15
3
2 829 -14
3
2 -933 -52
3
1 1015 406
3
2 -325 56
3
1 -246 69
3
2 283 5
3
2 709 10
3
1 -2 849
3
1 549 483
3
1 539 16
3
2 456 15
3
2 -580 56
3
1 710 731
3
1 -384 394
3
1 441 944
3
2 753 -26
3
2 122 15
3
2 -2 -10
3
2 0 52
3
2 -98 56
3
2 -528 -5
3
2 -754 61
3
2 -747 -34
3
1 619 363
3
2 949 -25
3
2 -265 61
3
2 903 31
3
2 -122 50
3
2 -410 -39
3
1 131 689
3
2 75 62
3
2 -776 -5
3
2 745 47
3
2 -1007 54
3
2 -210 29
3
1 328 689
3
1 890 0
3
2 -377 41
3
2 -914 -61
3
2 340 31
3
2 -686 29
3
1 561 236
3
1 941 979
3
2 -885 -7
3
2 332 17
3
2 -89 38
3
1 654 261
3
2 -391 -6
3
1 -151 874
3
2 348 -21
3
1 1008 253
3
1 277 640
3
2 -38 49
3
2 -683 32
3
2 1008 20
3
2 -161 44
3
2 155 -21
3
1 298 722
3
2 657 56
3
2 822 -42
3
2 -99 17
3
2 528 -18
3
1 904 1033
3
1 -275 931
3
2 -430 -41
3
2 740 16
3
2 -533 32
3
2 226 13
3
1 -945 745
3
1 -863 349
3
2 301 60
3
1 -188 263
3
1 -746 24
3
2 82 -54
3
2 -126 -6
3
1 497 615
3
2 -187 29
3
2 -499 28
3
2 194 -15
3
1 716 145
3
2 -122 24
3
2 -799 -16
3
2 497 -36
3
1 -880 655
3
2 533 55
3
2 -916 -55
3
1 760 152
3
2 -431 -20
3
2 931 -7
3
2 380 12
3
1 788 789
3
1 -507 894
3
2 -415 19
3
2 -81 -58
3
2 -291 -42
3
1 -453 231
3
1 -337 424
3
1 -989 1076
3
2 891 52
3
2 259 -61
3
2 350 17
3
2 953 15
3
1 -681 263
3
1 849 381
3
1 503 57
3
1 203 1017
3
1 445 238
3
1 20 783
3
2 476 -12
3
2 471 59
3
2 -304 -57
3
2 -945 -13
3
2 308 -12
3
1 368 1051
3
2 -621 34
3
2 947 -41
3
2 571 -14
3
2 -478 43
3
2 -68 29
3
2 170 9
3
2 -920 52
3
2 10 32
3
2 -621 -33
3
2 -154 -58
3
2 -719 -47
3
1 -559 772
3
2 -126 50
3
2 242 -33
3
2 -443 -44
3
2 759 10
3
2 -1017 -11
3
2 -811 -26
3
1 -230 381
3
2 -468 43
3
2 861 -38
3
2 162 8
3
2 -826 21
3
2 903 -50
3
2 -777 22
3
1 244 602
3
2 -687 -23
3
2 -800 -25
3
2 1009 -52
3
2 437 -51
3
2 -97 -22
3
2 -191 12
3
1 -434 680
3
2 257 53
3
2 379 -47
3
1 -134 355
3
2 423 -61
3
2 -919 -35
3
1 461 347
3
1 -669 36
3
2 148 52
3
1 143 1029
3
2 807 4
3
2 -35 52
3
1 419 924
3
1 -322 336
3
2 38 37
3
2 480 22
3
2 -318 -64
3
2 999 7
3
2 889 -27
3
2 213 -43
3
2 669 54
3
2 -106 -60
3
2 -185 16
3
2 681 -28
3
2 685 44
3
1 678 1037
3
2 370 29
3
2 259 -15
3
1 781 721
3
2 -723 14
3
2 -345 -45
3
2 968 -54
3
2 911 -24
3
2 -137 53
3
2 -773 -46
3
2 450 -59
3
2 -973 43
3
1 543 888
3
2 -283 -30
3
2 283 43
3
2 -176 24
3
2 170 -20
3
2 774 28
3
2 7 -47
3
2 -405 34
3
2 -937 -7
3
2 941 21
3
2 -212 -2
3
2 187 -13
3
2 978 26
3
2 838 -2
3
2 -77 14
3
2 -850 -51
3
2 384 -3
3
2 -305 -56
3
1 -183 772
3
2 -108 21
3
2 289 50
3
2 755 19
3
2 21 -14
3
1 -586 261
3
1 -388 865
3
2 48 39
3
2 -419 26
3
1 -899 1076
3
1 -119 483
3
1 324 521
3
2 -32 43
3
2 892 -35
3
2 765 18
3
2 -643 34
3
1 -947 410
3
2 -1002 6
3
2 479 -38
3
2 428 -15
3
2 1001 44
3
2 750 52
3
2 615 -35
3
1 -129 395
3
2 -782 3
3
2 146 -4
3
1 932 74
3
1 -551 782
3
2 -31 -2
3
1 -197 215
3
1 695 159
3
2 -101 7
3
2 -642 17
3
2 385 -49
3
1 662 892
3
1 721 1041
3
2 1002 36
3
2 -933 39
3
2 -939 1
3
2 55 14
3
2 635 14
3
2 -853 35
3
2 525 -28
3
2 -387 59
3
2 -135 -60
3
1 509 559
3
2 -633 48
3
2 -924 22
3
1 -853 971
3
2 -966 -61
3
2 -835 -42
3
2 28 -42
3
2 325 41
3
2 158 -6
3
2 -91 -31
3
2 -690 34
3
2 -469 -10
3
2 -33 45
3
2 579 13
3
2 312 -28
3
1 1017 1067
3
2 829 56
3
2 -866 3
3
2 925 42
3
2 440 51
3
1 903 529
3
2 -39 43
3
2 -872 -50
3
1 32 17
3
1 710 1010
3
1 191 369
3
2 135 38
3
2 -311 -38
3
2 -622 19
3
2 864 -47
3
2 937 12
3
1 619 957
3
2 -211 -15
3
2 596 -24
3
2 -887 22
3
2 -1016 13
3
1 398 167
3
2 -203 0
3
2 69 -14
3
2 -680 -19
3
2 -490 2
3
1 -51 96
3
2 168 -22
3
2 -379 -57
3
2 -87 14
3
2 843 -55
3
1 -159 314
3
1 811 25
3
2 836 -14
3
2 842 -11
3
1 -781 738
3
1 -56 974
3
2 -96 -54
3
1 790 535
3
2 -953 -34
3
1 507 621
3
2 239 3
3
2 427 3
3
2 246 45
3
2 -412 -45
3
2 -171 -8
3
2 368 -26
3
2 -738 42
3
1 399 914
3
1 789 939
3
1 -969 921
3
2 256 29
3
2 -260 -5
3
2 -159 -36
3
2 -397 4
3
1 -629 144
3
2 703 45
3
2 988 -55
3
2 906 16
3
1 -948 362
3
2 -561 59
3
2 348 -10
3
1 594 797
3
2 990 -32
3
2 -191 15
3
2 454 -45
3
1 608 1000
3
1 -810 136
3
2 -824 1
3
2 -691 57
3
2 170 -34
3
1 731 794
3
2 -306 11
3
2 -978 16
3
1 1011 88
3
2 637 19
3
2 -220 -61
3
1 -170 608
3
2 -462 34
3
2 840 -47
3
1 -86 457
3
1 401 832
3
2 1021 33
3
1 -24 137
3
2 182 34
3
2 730 -50
3
2 478 -8
3
2 642 -13
3
2 -865 -41
3
2 -574 -18
3
2 -459 -45
3
2 -568 19
3
2 983 -39
3
1 690 785
3
2 56 -9
3
2 426 45
3
2 204 48
3
2 512 64
3
2 27 44
3
1 -27 282
3
2 685 -35
3
2 795 49
3
2 522 35
3
2 -952 7
3
2 519 20
3
2 309 -39
3
2 593 18
3
1 639 153
3
2 275 36
3
2 -959 24
3
1 -174 664
3
2 495 7
3
2 -89 -9
3
1 -903 506
3
2 76 11
3
2 982 -20
3
2 -529 5
3
2 -904 15
3
2 1009 53
3
2 761 20
3
2 -686 -44
3
2 306 8
3
2 95 -7
3
1 -848 911
3
2 -296 11
3
2 -242 -4
3
1 -773 258
3
2 -148 43
3
2 96 -59
3
1 499 775
3
1 9 976
3
2 335 19
3
2 223 -38
3
2 -830 -17
3
1 835 525
3
1 613 738
3
2 -674 -54
3
1 128 805
3
2 585 28
3
1 459 929
3
2 329 44
3
2 19 45
3
1 26 259
3
2 772 24
3
2 -696 -52
3
2 -715 29
3
1 -353 378
3
2 -652 -39
3
2 -978 -64
3
2 189 -8
3
2 -487 -62
3
2 -107 52
3
2 98 20
3
2 735 28
3
2 -67 -59
3
2 980 -38
3
1 -976 796
3
2 976 56
3
2 -996 51
3
1 -650 486
3
2 465 44
3
2 309 37
3
1 242 141
3
2 998 -11
3
2 724 22
3
2 767 -52
3
1 714 506
3
2 403 18
3
2 -36 62
3
2 -20 44
3
2 911 12
3
2 12 60
3
2 375 46
3
2 -534 -34
3
2 105 39
3
1 -454 583
3
2 149 -19
3
2 536 53
3
2 566 -6
3
2 799 62
3
1 -115 143
3
2 412 64
3
1 222 599
3
2 951 7
3
2 -765 -51
3
2 641 -52
3
2 515 29
3
1 442 521
3
2 -138 -11
3
2 -686 -27
3
2 198 15
3
2 417 -42
3
1 -230 264
3
2 33 -50
3
1 669 51
3
2 353 -39
3
2 876 17
3
2 -122 -55
3
2 324 -42
3
1 640 569
3
1 293 293
3
2 195 -53
3
2 -155 -54
3
1 129 702
3
2 2 -23
3
2 -431 5
3
2 936 -56
3
2 -357 -42
3
2 324 37
3
2 470 -27
3
2 369 14
3
1 417 775
3
2 -1023 -48
3
2 370 23
3
2 -90 21
3
2 932 -31
3
2 1002 -16
3
1 -389 292
3
2 -750 -56
3
2 -731 -16
3
2 -506 64
3
2 -903 6
3
1 -992 342
3
2 -491 -6
3
2 -392 6
3
1 1000 308
3
2 451 -28
3
1 -650 861
3
2 -889 -30
3
1 -966 1020
3
2 -241 6
3
2 -984 -53
3
2 -949 52
3
2 -804 -56
3
1 91 445
3
1 203 695
3
2 637 -4
3
1 279 940
3
2 822 -12
3
1 29 253
3
1 417 709
3
2 308 -29
3
2 -908 -5
3
2 870 42
3
2 377 -51
3
1 595 132
3
2 -616 -39
3
1 -719 756
3
2 -102 61
3
1 -28 874
3
1 821 540
3
2 -110 -28
3
2 -651 22
3
2 767 46
3
2 579 -20
3
2 954 15
3
2 331 34
3
2 -839 -56
3
2 -134 -54
3
2 533 -54
3
2 -829 -32
3
1 -362 484
3
1 -75 407
3
1 620 448
3
2 -619 60
3
2 398 34
3
2 -225 -13
3
2 199 -14
3
2 924 -2
3
2 -813 -38
3
2 138 -34
3
2 609 36
3
2 -629 -53
3
2 -899 2
3
2 -866 57
3
2 357 -12
3
2 293 15
3
2 -650 33
3
2 -119 -1
3
1 -263 766
3
2 424 -24
3
2 716 -34
3
2 500 19
3
2 664 -45
3
2 -589 6
3
2 -629 -42
3
2 -41 10
3
2 483 12
3
2 615 -44
3
2 -803 -12
3
2 -678 -27
3
2 -351 -48
3
2 842 -58
3
2 -249 47
3
2 -955 18
3
2 -358 -28
3
2 -109 -1
3
2 590 21
3
2 403 -49
3
2 766 -20
3
2 -159 5
3
2 -185 41
3
1 272 160
3
2 -954 -29
3
2 873 64
3
2 788 -40
3
1 -339 747
3
1 858 427
3
2 656 -53
3
1 985 724
3
2 -980 18
3
2 821 -9
3
2 955 53
3
2 -77 27
3
2 -587 55
3
2 -652 62
3
1 -388 89
3
2 676 33
3
2 972 10
3
2 603 31
3
2 -209 1
3
2 -606 -41
3
1 -428 771
3
2 -368 -10
3
2 859 35
3
2 251 18
3
2 523 -50
3
1 541 49
3
2 -641 -43
3
2 452 -4
3
2 1002 64
3
2 -687 -34
3
2 323 -64
3
2 -820 -26
3
2 567 -14
3
2 -279 -27
3
2 1015 -51
3
2 -1013 -60
3
1 -381 614
3
1 -20 225
3
2 -481 -10
3
2 841 25
3
1 158 636
3
1 473 709
3
2 683 -35
3
1 201 236
3
2 -599 -55
3
2 967 -3
3
2 -60 -59
3
2 -146 -35
3
1 799 554
3
1 -1019 509
3
2 452 41
3
2 174 -46
3
1 340 224
3
1 272 979
3
2 735 -53
3
2 -823 22
3
2 -787 10
3
1 714 734
3
2 -991 -32
3
1 -288 527
3
1 -939 345
3
1 -60 450
3
2 1018 -20
3
2 812 47
3
1 579 162
3
1 -714 97
3
2 530 -17
3
2 -681 -13
3
2 -269 -12
3
2 772 23
3
2 -302 61
3
1 -773 731
3
2 -679 -61
3
2 -876 44
3
2 -649 2
3
1 -85 564
3
2 245 -49
3
2 794 -8
3
1 391 220
3
1 -676 947
3
2 158 1
3
2 -752 52
3
2 864 46
3
2 737 57
3
2 -862 -17
3
1 -125 808
3
1 -436 377
3
1 -533 861
3
1 -216 832
3
2 37 49
3
2 450 56
3
2 -941 56
3
2 -98 -15
3
1 -613 544
3
1 887 1049
3
2 -655 29
3
2 708 54
3
2 895 -40
3
2 -774 48
3
1 -984 973
3
2 -498 -59
3
2 382 -50
3
2 369 16
3
1 -702 163
3
2 -635 0
3
2 434 -43
3
2 883 9
3
2 -580 36
3
2 -88 -44
3
1 -836 466
3
2 -938 -63
3
1 -749 269
3
1 -1021 992
3
2 647 -49
3
2 893 23
3
2 -633 41
3
2 -469 -16
3
2 -77 57
3
2 10 -45
3
2 601 34
3
2 708 27
3
2 -757 48
3
1 899 488
3
1 -567 936
3
1 -647 107
3
2 -503 52
3
2 748 -32
3
2 -285 -32
3
2 367 -53
3
1 -632 1053
3
2 -168 -60
3
2 238 -18
3
2 -59 22
3
2 -688 12
3
2 -815 12
3
2 -564 -42
3
2 499 -9
3
2 696 56
3
2 -41 -5
3
2 760 -59
3
2 -810 24
3
2 970 -4
3
1 230 831
3
1 -979 680
3
2 -986 -48
3
2 -946 17
3
2 44 -55
3
2 -22 33
3
2 -197 17
3
2 -470 37
3
1 783 241
3
2 -851 31
3
2 528 -58
3
2 186 59
3
2 629 -55
3
2 -328 33
3
2 -114 34
3
2 -30 -10
3
1 663 695
3
2 -742 -41
3
2 -779 60
3
2 -129 -37
3
2 935 -44
3
2 304 6
3
2 877 51
3
2 -724 39
3
2 -453 -16
3
2 -883 -51
3
2 -295 46
3
2 -267 -61
3
1 -551 566
3
2 92 6
3
1 -955 721
3
1 125 468
3
2 302 -62
3
2 -896 4
3
2 -830 -63
3
1 545 272
3
2 644 34
3
2 -216 -18
3
1 568 28
3
2 192 55
3
2 -657 -11
3
2 597 17
3
2 -470 4
3
1 -668 965
3
2 699 -38
3
2 443 -16
3
2 -442 -43
3
1 756 109
3
2 -804 -45
3
2 -266 -11
3
2 -321 -24
3
2 480 -56
3
2 903 -53
3
2 800 -29
3
1 -40 336
3
1 1003 57
3
2 -28 9
3
1 -867 502
3
1 -756 13
3
2 -247 -22
3
2 241 1
3
2 264 48
3
2 459 -14
3
2 105 59
3
2 866 -42
3
2 888 53
3
2 716 10
3
2 -31 62
3
2 481 -17
3
2 257 53
3
2 -1022 -13
3
1 -940 107
3
2 74 -52
3
2 -499 -12
3
2 -765 -35
3
2 -538 42
3
2 -913 9
3
2 229 -7
3
2 -966 56
3
2 333 -49
3
2 -240 -25
3
2 -444 38
3
1 -824 419
3
1 547 223
3
2 371 21
3
2 146 9
3
2 -663 -27
3
2 478 -22
3
2 140 -52
3
2 129 64
3
1 710 706
3
2 587 33
3
2 -489 47
3
2 -9 -55
3
2 -943 -21
3
2 648 43
3
2 18 -4
3
2 444 17
3
2 869 -9
3
2 239 -52
3
2 -678 7
3
2 170 -41
3
2 -719 -41
3
2 827 26
3
2 723 60
3
2 -258 -23
3
2 -95 6
3
1 -212 237
3
1 -381 64
3
2 -31 14
3
2 -366 -2
3
2 935 -5
3
2 354 -38
3
1 140 497
3
2 -185 7
3
2 -250 -3
3
1 -421 811
3
2 176 -5
3
2 -544 59
3
2 633 -36
3
2 250 -25
3
2 -469 9
3
2 86 34
3
2 -622 16
3
2 471 -44
3
1 -652 739
3
2 -782 -36
3
1 -412 876
3
2 -637 10
3
2 438 5
3
2 -534 53
3
1 378 923
3
2 270 18
3
2 -40 -26
3
2 -749 45
3
2 913 -24
3
2 -945 50
3
2 240 -57
3
2 -355 -62
3
2 -549 -43
3
1 139 342
3
2 317 63
3
2 -617 14
3
2 765 63
3
1 505 504
3
1 -47 102
3
1 -116 197
3
1 -635 917
3
1 621 94
3
2 -990 50
3
1 286 532
3
2 601 -1
3
2 1023 -47
3
1 -924 342
3
2 797 -18
3
1 1022 348
3
2 -901 -46
3
2 392 -59
3
2 904 -35
3
2 1022 -30
3
2 -864 26
3
2 345 -16
3
1 929 1006
3
2 647 28
3
1 -30 931
3
1 710 1020
3
1 708 923
3
2 -471 -27
3
2 1000 52
3
1 667 1061
3
2 -482 -36
3
2 -259 61
3
2 -909 -61
3
2 24 54
3
1 -791 723
3
2 -803 33
3
2 -569 -1
3
1 -720 397
3
2 672 -8
3
2 642 33
3
2 -776 -46
3
2 -735 -15
3
2 341 -53
3
2 -111 -22
3
2 58 13
3
2 620 -31
3
2 548 50
3
1 477 335
3
2 -737 11
3
2 -655 30
3
2 -814 -20
3
2 -542 -43
3
1 -520 317
3
2 694 38
3
2 161 27
3
2 -613 -8
3
2 619 44
3
2 -557 36
3
2 -2 -9
3
2 210 49
3
1 -279 890
3
2 610 -5
3
1 -456 1022
3
2 224 46
3
1 113 494
3
2 468 -34
3
1 -26 839
3
2 623 -25
3
1 158 951
3
2 789 10
3
2 -429 31
3
2 851 55
3
1 308 789
3
2 -179 16
3
1 815 860
3
2 -750 -5
3
1 -668 935
3
2 -951 61
3
2 -611 59
3
2 127 -5
3
2 97 -36
3
2 -1004 10
3
2 892 25
3
2 655 61
3
2 -509 -38
3
2 121 -52
3
2 -630 60
3
2 -604 34
3
2 -872 -53
3
2 -923 -9
3
2 -35 14
3
1 -22 284
3
2 749 -49
3
2 -226 34
3
2 862 -56
3
1 -483 603
3
1 304 268
3
1 -902 679
3
2 -405 -22
3
2 418 -50
3
1 817 877
3
2 877 17
3
1 422 260
3
2 786 61
3
2 253 -47
3
2 149 24
3
2 -789 -28
3
2 871 46
3
2 -435 -23
3
2 319 16
3
1 -328 560
3
2 -742 -45
3
1 -390 802
3
2 595 29
3
2 -717 53
3
2 286 56
3
2 139 35
3
2 -250 -8
3
2 562 9
3
2 -857 -31
3
2 -822 48
3
2 -903 59
3
1 -98 416
3
2 292 25
3
2 -984 -43
3
2 11 -31
3
1 744 909
3
2 494 -25
3
2 408 -63
3
2 -943 -58
3
1 956 310
3
1 776 1043
3
1 -607 202
3
1 -210 210
3
2 704 55
3
1 852 488
3
2 -642 -51
3
2 -983 29
3
2 702 -9
3
2 391 -25
3
2 -573 -46
3
1 556 650
3
2 -550 63
3
2 330 -40
3
2 -821 -23
3
2 917 -28
3
2 -832 51
3
1 -805 889
3
1 748 214
3
1 802 379
3
2 38 49
3
2 -318 -44
3
1 368 107
3
1 -563 249
3
1 -771 249
3
2 809 -35
3
1 -934 941
3
1 -646 642
3
1 -908 799
3
1 -798 910
3
2 -235 -47
3
2 713 -1
3
2 772 -15
3
2 359 -57
3
2 801 -52
3
2 241 -9
3
2 -981 -5
3
2 -947 -17
3
2 -127 40
3
2 -381 -54
3
2 219 16
3
2 587 1
3
2 -256 13
3
2 724 58
3
2 -241 25
3
2 -897 -39
3
2 -842 25
3
2 -906 58
3
2 -358 58
3
2 -1011 -9
3
2 498 -2
3
2 -404 48
3
2 62 39
3
2 -296 60
3
2 7 61
3
2 -313 -28
3
2 578 -57
3
2 -816 22
3
2 495 -33
3
2 -496 52
3
2 -488 27
3
2 -230 38
3
2 -32 4
3
2 876 -27
3
2 -219 -54
3
2 557 -57
3
1 884 987
3
2 -732 57
3
2 396 22
3
1 556 1003
3
2 -121 -28
3
2 119 38
3
2 -185 10
3
1 -265 423
3
1 -422 183
3
2 640 13
3
1 487 640
3
2 -186 36
3
2 -748 -64
3
1 491 399
3
1 -552 295
3
2 206 -32
3
2 -201 -18
3
2 -174 37
3
2 503 7
3
2 813 9
3
2 955 -48
3
2 481 -46
3
2 -912 -18
3
2 856 -62
3
2 -856 50
3
1 633 712
3
1 -28 624
3
2 -310 37
3
2 -875 53
3
2 -916 -5
3
1 -901 296
3
2 54 9
3
2 704 -5
3
2 -603 46
3
1 -751 1051
3
1 -884 464
3
1 139 607
3
2 598 45
3
2 738 18
3
2 -374 61
3
2 -50 -25
3
1 -364 89
3
2 547 11
3
2 911 -41
3
2 -318 -33
3
2 -618 14
3
2 -809 -13
3
2 957 62
3
2 -616 -47
3
1 97 98
3
2 -188 -33
3
2 1019 43
3
2 101 -32
3
2 -780 56
3
2 768 25
3
2 -209 -1
3
2 -4 50
3
2 -183 -53
3
2 -542 40
3
2 -933 53
3
2 290 52
3
2 689 -34
3
2 -705 -3
3
2 -628 -52
3
1 -708 346
3
2 867 28
3
1 -375 378
3
2 829 54
3
2 979 -13
3
2 299 58
3
2 -46 5
3
2 403 -3
3
2 260 47
3
1 -442 538
3
2 233 64
3
2 -82 -43
3
2 -980 -20
3
2 315 46
3
1 661 72
3
2 468 -58
3
2 -680 -55
3
2 615 -64
3
2 761 15
3
2 -140 -36
3
2 716 16
3
2 1 3
3
2 -958 -13
3
1 396 44
3
2 -217 31
3
2 757 -61
3
2 848 48
3
2 347 -52
3
2 967 -63
3
1 466 381
3
2 -248 60
3
2 167 54
3
2 15 -14
3
2 -566 -14
3
2 -235 34
3
2 -574 45
3
2 765 4
3
2 -875 -18
3
1 -992 1027
3
2 -864 3
3
2 -934 57
3
2 57 -57
3
2 -23 53
3
2 -104 52
3
2 -897 27
3
1 821 800
3
2 395 -25
3
1 220 613
3
2 910 -16
3
2 665 60
3
2 -655 59
3
2 -798 60
3
2 751 -5
3
2 -553 51
3
1 809 534
3
1 -503 1070
3
2 878 56
3
1 677 1079
3
1 -757 965
3
2 -922 40
3
2 649 -23
3
2 634 -53
3
2 -287 -62
3
2 -563 1
3
2 776 49
3
1 934 970
3
2 361 -21
3
2 -176 22
3
1 495 692
3
2 358 59
3
2 -939 -52
3
2 793 32
3
1 -536 703
3
2 -340 -37
3
1 254 746
3
2 859 1
3
2 761 -46
3
2 -159 -50
3
2 880 -15
3
1 -334 903
3
2 -575 47
3
2 525 55
3
2 -905 -17
3
2 -16 35
3
2 77 51
3
2 695 -52
3
1 310 583
3
2 824 -61
3
2 -160 41
3
2 -837 -18
3
2 944 5
3
2 -316 6
3
1 -397 771
3
1 926 820
3
2 -495 -18
3
1 726 254
3
2 399 58
3
2 -602 13
3
1 620 384
3
1 -563 270
3
2 817 45
3
2 237 -57
3
2 -487 -36
3
2 670 -50
3
2 -729 48
3
2 -846 -10
3
2 667 -38
3
2 473 -26
3
2 -564 40
3
1 998 552
3
2 -298 -40
3
1 96 384
3
2 -369 44
3
1 -550 6
3
2 -464 -61
3
1 -33 397
3
1 -99 434
3
2 671 50
3
2 27 64
3
2 -140 -53
3
2 -156 -4
3
2 -102 21
3
2 -806 -43
3
2 921 -7
3
2 -144 26
3
2 -396 -44
3
2 -646 5
3
2 16 29
3
1 -37 702
3
1 328 92
3
2 -989 19
3
2 413 -31
3
2 163 -48
3
2 845 -5
3
2 57 -25
3
2 -369 -10
3
2 -256 -36
3
2 -472 53
3
2 480 21
3
2 -14 -26
3
1 -957 552
3
2 -596 -26
3
1 139 496
3
2 366 37
3
1 -464 886
3
2 258 32
3
2 -574 -53
3
1 -499 1024
3
2 129 -42
3
1 314 1050
3
2 -86 29
3
1 -713 992
3
2 378 55
3
2 -179 54
3
1 73 361
3
2 990 44
3
1 128 463
3
1 425 659
3
2 874 20
3
2 -100 57
3
2 905 27
3
2 851 14
3
2 150 43
3
1 503 198
3
2 705 -53
3
2 814 42
3
2 -565 -56
3
1 923 637
3
1 708 466
3
1 807 500
3
2 -843 8
3
1 434 111
3
2 458 32
3
2 -634 -61
3
2 -938 1
3
2 -918 -56
3
2 709 10
3
2 294 -64
3
2 411 -24
3
2 -858 9
3
1 896 67
3
1 467 924
3
1 -298 730
3
1 3 186
3
2 678 -33
3
2 264 -25
3
1 775 401
3
2 290 45
3
2 771 -13
3
2 -1007 57
3
2 -22 -19
3
2 -491 -22
3
2 998 -9
3
2 1008 -2
3
1 43 670
3
1 345 133
3
2 166 -55
3
2 -35 17
3
2 -872 4
3
2 925 -14
3
2 527 6
3
2 678 14
3
1 786 581
3
1 -740 1048
3
2 -947 -43
3
2 -262 31
3
2 398 -33
3
2 -308 -38
3
2 -37 22
3
1 597 26
3
1 -800 765
3
2 -259 39
3
2 -898 25
3
2 569 55
3
2 -465 -9
3
2 777 -23
3
2 972 52
3
2 -641 31
3
2 -699 31
3
2 545 -41
3
1 35 129
3
2 821 14
3
2 877 -37
3
1 176 968
3
2 237 -49
3
2 80 45
3
2 -975 -49
3
2 -712 -56
3
1 320 129
3
2 -286 61
3
2 956 46
3
2 -551 -30
3
2 995 47
3
1 231 845
3
2 4 42
3
1 391 812
3
2 -408 45
3
2 566 36
3
2 -580 48
3
2 -298 40
3
2 471 -2
3
2 929 -18
3
2 304 -41
3
1 259 1009
3
2 -174 3
3
2 -435 -13
3
1 -773 971
3
2 -216 15
3
2 -429 12
3
2 -575 -54
3
1 -108 619
3
1 493 442
3
1 513 983
3
2 829 -21
3
1 -944 941
3
2 -471 51
3
2 279 60
3
2 -182 14
3
2 1021 52
3
2 621 52
3
2 -131 20
3
2 233 58
3
2 -375 63
3
2 577 18
3
1 -266 715
3
2 174 50
3
2 750 -32
3
2 -483 18
3
2 116 27
3
2 941 -14
3
2 157 -17
3
2 -739 -49
3
2 -307 58
3
2 -804 60
3
2 590 33
3
2 629 35
3
2 -612 -11
3
1 706 206
3
2 -757 -6
3
1 -819 278
3
2 457 46
3
2 402 -52
3
1 -491 130
3
2 338 42
3
2 -891 4
3
2 512 -34
3
2 492 43
3
1 350 735
3
2 418 23
3
2 180 -8
3
2 -769 -30
3
2 513 27
3
1 674 1066
3
1 -149 351
3
2 -354 34
3
2 -721 62
3
2 975 36
3
2 359 -28
3
2 -489 -49
3
1 -429 226
3
2 -58 -44
3
1 -243 26
3
2 838 25
3
2 -196 -53
3
2 461 -55
3
2 325 -21
3
2 538 28
3
2 1000 8
3
2 880 49
3
2 445 -39
3
1 -612 631
3
2 728 29
3
1 -769 604
3
2 42 23
3
1 936 219
3
2 1023 -30
3
2 -723 33
3
1 288 685
3
2 309 42
3
2 -755 -59
3
1 861 949
3
2 291 -48
3
2 -416 38
3
2 -73 -47
3
1 -879 807
3
2 911 48
3
2 989 50
3
2 842 -53
3
2 -194 24
3
1 464 834
3
2 850 9
3
2 -630 53
3
1 903 185
3
1 -886 984
3
2 -46 56
3
1 811 658
3
1 985 329
3
2 -522 -50
3
2 -662 -27
3
2 422 -33
3
1 101 189
3
2 325 2
3
2 284 -48
3
1 -278 301
3
2 -295 -43
3
1 -368 14
3
1 14 279
3
1 128 978
3
1 -764 634
3
2 210 -41
3
1 -269 1010
3
2 -314 13
3
1 878 891
3
1 -694 314
3
2 530 31
3
1 -426 217
3
2 934 -22
3
2 -548 60
3
2 -445 -2
3
2 -999 8
3
2 -722 64
3
2 210 -25
3
1 144 911
3
1 1007 386
3
2 -137 13
3
2 252 39
3
2 -601 44
3
2 -173 -10
3
2 1012 37
3
2 757 -45
3
1 -517 255
3
2 -659 17
3
2 -882 -18
3
2 634 61
3
1 -486 807
3
2 -952 -11
3
2 916 -1
3
2 523 14
3
2 558 -4
3
2 256 -40
3
2 853 56
3
1 -995 867
3
1 -479 103
3
2 -819 -17
3
2 365 -43
3
2 529 6
3
2 -754 -57
3
1 523 1045
3
1 739 966
3
2 -39 -46
3
2 -248 -13
3
2 -99 55
3
2 -406 52
3
2 -1 35
3
2 587 -5
3
2 -316 24
3
2 -923 -56
3
2 727 0
3
1 875 24
3
2 20 -19
3
2 970 26
3
2 645 -50
3
2 435 -29
3
1 995 161
3
1 398 671
3
2 719 -61
3
2 493 -41
3
2 -388 -17
3
2 -377 -40
3
1 -452 377
3
2 667 11
3
2 -777 -45
3
1 367 384
3
2 34 27
3
2 -545 3
3
1 530 411
3
1 716 243
3
1 -743 128
3
2 263 47
3
1 375 233
3
2 579 35
3
2 -399 -12
3
2 -97 0
3
2 -457 48
3
2 -456 -33
3
2 494 -47
3
2 -998 -44
3
2 -733 -32
3
1 -544 517
3
2 443 19
3
2 198 -4
3
2 717 -45
3
2 -431 32
3
1 776 1067
3
2 723 62
3
2 -192 11
3
2 798 -17
3
1 600 527
3
2 -149 -39
3
2 -802 31
3
2 751 -24
3
2 53 -7
3
2 427 -28
3
2 190 -57
3
1 -623 822
3
1 -1022 135
3
2 -476 -1
3
2 706 -15
3
2 756 36
3
1 451 453
3
1 677 52
3
2 988 26
3
2 473 -26
3
2 -453 -5
3
2 315 63
3
2 -754 -48
3
2 -91 -63
3
1 -233 612
3
1 650 929
3
2 989 -2
3
2 202 -61
3
2 537 26
3
2 -364 11
3
2 -370 -16
3
2 782 19
3
1 -281 561
3
1 -680 326
3
1 -640 659
3
1 950 608
3
2 868 59
3
2 -664 -23
3
1 179 915
3
2 -648 55
3
2 868 58
3
2 -719 6
3
2 -908 -31
3
2 -211 56
3
2 -127 -40
3
2 560 -36
3
1 -978 94
3
2 -192 -5
3
2 -1017 -20
3
2 609 -59
3
1 -476 273
3
1 -113 541
3
1 986 1049
3
1 532 985
3
2 995 41
3
1 604 582
3
1 -1014 308
3
2 -309 10
3
2 -152 -46
3
2 -520 15
3
2 -752 2
3
2 -706 -52
3
2 400 -56
3
2 748 45
3
1 683 618
3
2 76 -25
3
1 901 457
3
1 441 875
3
2 -432 -64
3
2 -1 -63
3
1 572 906
3
2 108 22
3
2 960 48
3
2 683 16
3
2 92 53
3
2 82 47
3
2 -834 34
3
2 -49 -26
3
2 196 -52
3
2 420 -30
3
2 207 61
3
2 -406 54
3
2 -1021 7
3
2 373 -59
3
2 -815 -55
3
2 -3 3
3
2 851 -2
3
2 -803 -48
3
1 872 99
3
2 -422 -19
3
2 -597 24
3
2 -403 -11
3
2 990 25
3
2 397 3
3
1 -411 281
3
2 -237 23
3
2 993 22
3
1 -429 375
3
2 548 -38
3
1 -93 165
3
2 207 -15
3
1 -541 366
3
2 332 -24
3
2 200 59
3
1 770 419
3
2 -427 -50
3
2 789 -21
3
1 -1 128
3
2 -286 -15
3
2 -381 5
3
2 646 -54
3
1 -583 1025
3
1 -890 703
3
2 241 11
3
2 -915 -64
3
1 -563 353
3
2 -242 24
3
2 -639 58
3
2 -1019 -52
3
1 -511 369
3
2 462 -12
3
2 793 6
3
1 -435 152
3
2 -182 -19
3
2 -613 -49
3
1 934 293
3
2 125 17
3
2 1 22
3
2 646 -32
3
1 -979 971
3
1 -355 444
3
2 161 62
3
2 30 22
3
1 606 643
3
1 554 925
3
1 -382 610
3
2 445 -28
3
1 -274 710
3
1 -1003 369
3
2 21 5
3
2 -144 -49
3
2 171 -11
3
2 385 -22
3
2 -907 10
3
1 -901 1068
3
1 512 398
3
2 -816 53
3
2 -518 27
3
2 -769 -50
3
2 997 -27
3
2 171 -26
3
2 288 -3
3
1 -932 469
3
2 174 43
3
1 349 954
3
1 4 434
3
2 75 -50
3
2 -339 -41
3
1 300 405
3
2 589 -2
3
2 -964 6
3
2 409 -43
3
2 771 -21
3
2 -873 28
3
2 -331 61
3
2 389 9
3
2 -120 -4
3
1 -388 659
3
2 -177 -49
3
2 535 1
3
2 231 20
3
1 -207 162
3
2 415 38
3
2 433 3
3
2 -34 -23
3
2 -864 56
3
1 -520 318
3
1 694 216
3
2 -814 43
3
1 846 516
3
2 -1013 22
3
1 439 724
3
1 367 849
3
1 914 200
3
2 -309 25
3
1 634 409
3
2 672 57
3
2 -120 26
3
2 -32 21
3
2 724 -13
3
2 -338 -14
3
2 -596 64
3
2 871 0
3
2 738 -41
3
2 -333 33
3
2 -624 -57
3
2 -258 37
3
1 645 121
3
2 673 9
3
2 160 33
3
2 -870 -19
3
1 374 754
3
1 611 801
3
2 769 17
3
2 256 61
3
2 -962 0
3
1 -676 247
3
2 -431 61
3
2 979 61
3
2 -846 60
3
1 574 415
3
1 128 631
3
2 -721 -18
3
2 956 -18
3
1 -588 975
3
2 486 30
3
2 -311 64
3
1 766 160
3
1 -501 146
3
2 -557 -3
3
2 -729 37
3
2 -329 7
3
2 -468 21
3
2 -273 21
3
2 -31 31
3
2 436 3
3
2 -8 -40
3
2 940 -13
3
2 341 -9
3
2 -622 30
3
2 -251 -57
3
1 584 68
3
2 -818 16
3
2 -260 37
3
2 978 46
3
2 592 24
3
2 180 35
3
2 -421 -49
3
2 919 35
3
2 58 9
3
2 759 -12
3
2 -1014 -47
3
1 502 854
3
2 -23 -3
3
2 -611 32
3
2 713 40
3
2 847 -21
3
1 -519 313
3
1 965 89
3
2 189 2
3
2 694 -30
3
1 725 98
3
2 979 -21
3
2 987 47
3
1 -548 254
3
1 -584 415
3
2 -222 39
3
1 -495 1011
3
2 561 -8
3
2 -298 58
3
2 -109 -8
3
1 878 938
3
2 684 -23
3
2 540 -61
3
1 -838 255
3
1 601 11
3
1 -186 452
3
1 54 910
3
2 900 28
3
1 -827 741
3
2 -972 40
3
2 199 40
3
2 648 -58
3
2 877 -2
3
1 350 326
3
1 506 721
3
1 -505 871
3
2 214 33
3
2 -930 -63
3
2 613 5
3
1 424 660
3
1 -806 40
3
2 211 63
3
1 356 124
3
2 -410 53
3
2 -74 56
3
1 780 323
3
2 906 -43
3
2 -193 -27
3
2 94 -3
3
2 -68 23
3
1 750 992
3
2 -674 -16
3
2 -581 -45
3
2 543 15
3
2 324 9
3
2 387 5
3
2 548 -3
3
2 347 52
3
2 -852 12
3
2 734 -29
3
2 547 48
3
2 -190 -48
3
2 197 -52
3
2 535 -47
3
2 150 -61
3
1 60 330
3
2 -241 -7
3
2 486 62
3
2 798 10
3
1 283 882
3
2 -634 -43
3
2 -711 -1
3
2 -248 15
3
2 597 -27
3
2 902 -10
3
2 594 57
3
1 452 812
3
1 869 934
3
2 -908 45
3
2 -688 -56
3
2 -77 40
3
2 -372 -26
3
1 -712 177
3
2 -141 17
3
1 -165 195
3
2 -460 48
3
1 -128 546
3
2 868 -64
3
2 824 25
3
2 426 61
3
1 406 1023
3
1 288 995
3
1 905 815
3
2 405 53
3
2 348 -19
3
2 -653 44
3
2 534 -37
3
2 82 62
3
2 -1010 -57
3
2 -920 50
3
1 -391 15
3
2 969 -13
3
2 400 23
3
2 -810 25
3
2 -15 29
3
2 -923 -46
3
2 -380 -63
3
2 -496 45
3
2 -912 -63
3
2 23 -10
3
2 -940 -54
3
2 -291 37
3
1 59 389
3
2 424 43
3
1 -875 824
3
2 -929 5
3
2 826 56
3
2 164 -18
3
1 515 229
3
2 141 43
3
2 -20 -18
3
2 -586 -7
3
2 -246 56
3
2 -144 -46
3
2 126 62
3
2 -626 46
3
2 20 -2
3
2 -475 -54
3
1 532 855
3
2 1007 -52
3
2 541 -22
3
1 792 848
3
2 168 16
3
1 607 1068
3
2 -239 -11
3
2 689 7
3
1 419 740
3
1 619 300
3
2 281 -22
3
2 30 -18
3
2 913 -40
3
2 -60 43
3
1 -105 547
3
2 -701 3
3
1 -912 1051
3
1 -588 858
3
2 366 -47
3
1 726 945
3
2 -368 1
3
1 160 442
3
2 -621 -31
3
2 341 10
3
1 -614 740
3
1 367 52
3
1 66 1054
3
2 -367 -41
3
1 -534 17
3
2 610 49
3
2 -997 -11
3
2 -211 31
3
2 901 41
3
1 -707 317
3
1 879 466
3
2 194 -33
3
2 916 13
3
1 -778 984
3
2 409 34
3
2 -225 0
3
2 498 62
3
2 -213 11
3
1 745 500
3
1 187 139
3
2 -410 -53
3
1 -640 390
3
2 845 31
3
2 61 62
3
2 -508 18
3
1 16 622
3
2 -714 21
3
2 -1017 8
3
2 802 35
3
2 -999 0
3
2 578 -16
3
2 -714 -57
3
2 614 -21
3
2 -1006 23
3
2 -820 -31
3
2 -385 5
3
2 909 -23
3
2 14 -52
3
1 819 76
3
2 -898 -14
3
2 -723 17
3
2 687 -41
3
1 -572 89
3
2 1 -32
3
1 92 925
3
1 -402 945
3
1 342 315
3
2 774 -9
3
1 -345 878
3
1 805 250
3
2 313 -49
3
1 -695 331
3
2 -298 63
3
1 813 210
3
2 -376 -5
3
2 -788 -3
3
1 -405 417
3
2 57 22
3
2 -931 -54
3
2 -517 3
3
1 810 765
3
2 44 -6
3
1 -968 1051
3
2 -587 -6
3
2 -333 -14
3
2 1024 0
3
2 537 -47
3
1 -372 975
3
2 -665 -59
3
2 -547 49
3
2 -405 2
3
2 574 4
3
1 517 195
3
2 -637 -12
3
1 698 468
3
2 5 -35
3
1 980 156
3
2 -133 -52
3
2 -1024 -40
3
2 -501 6
3
2 704 -41
3
1 -680 700
3
2 -739 -40
3
2 -283 3
3
2 -548 48
3
2 -886 11
3
1 476 652
3
2 572 -54
3
2 -541 -39
3
1 -722 526
3
2 538 -20
3
2 -563 3
3
2 118 -27
3
2 76 58
3
2 261 -63
3
1 340 772
3
2 823 25
3
2 -313 51
3
2 -880 58
3
1 -4 766
3
2 741 -9
3
2 439 -40
3
2 -337 2
3
2 -557 8
3
2 678 13
3
2 -32 -24
3
1 393 608
3
2 -654 60
3
1 -233 444
3
1 -904 11
3
2 417 16
3
2 -177 -39
3
2 -291 -35
3
2 870 60
3
2 976 47
3
2 501 47
3
1 -415 897
3
2 -273 26
3
2 -549 23
3
2 -760 15
3
2 -604 55
3
2 458 42
3
1 838 487
3
2 -884 -23
3
2 1003 -62
3
2 613 -64
3
2 -177 51
3
2 -32 -7
3
2 -803 6
3
2 -296 -54
3
2 -52 50
3
2 -867 -7
3
1 -765 1058
3
2 429 -8
3
2 620 49
3
2 -539 34
3
2 -517 -30
3
2 564 -22
3
2 3 29
3
1 127 892
3
2 32 33
3
2 135 8
3
2 771 51
3
2 625 64
3
2 -458 26
3
2 547 57
3
2 -469 9
3
2 176 56
3
1 -865 994
3
1 982 32
3
2 -678 -32
3
2 721 -1
3
2 4 -61
3
2 -967 32
3
2 -516 -58
3
2 823 32
3
2 -946 62
3
2 146 -6
3
2 -544 31
3
2 280 -32
3
2 -240 -54
3
2 -620 -42
3
2 -190 36
3
2 797 31
3
2 209 -9
3
2 -822 30
3
1 -787 371
3
2 -714 -14
3
2 -40 -28
3
2 213 32
3
2 -852 -56
3
2 -642 64
3
2 977 -44
3
2 678 -23
3
1 111 902
3
1 868 206
3
2 -91 23
3
2 -674 -38
3
2 -192 40
3
2 -23 -50
3
2 304 50
3
2 109 -29
3
2 -398 34
3
2 323 -24
3
2 -231 23
3
2 -15 43
3
2 256 -4
3
2 150 16
3
2 -702 10
3
2 -793 -42
3
2 -356 -1
3
1 881 938
3
2 249 17
3
2 -906 -12
3
1 775 416
3
2 -135 4
3
2 -871 -58
3
2 340 -18
3
1 735 294
3
2 -238 -8
3
2 -317 -27
3
2 671 -34
3
2 -991 -24
3
2 796 9
3
2 52 -24
3
1 985 179
3
1 877 874
3
2 661 -9
3
1 176 745
3
2 253 -15
3
2 -666 7
3
2 796 -8
3
2 -376 -32
3
1 -482 989
3
2 290 -61
3
2 171 61
3
2 -854 -32
3
2 546 -24
3
2 933 22
3
2 631 59
3
2 -641 -21
3
1 -677 900
3
2 -134 -57
3
2 726 18
3
2 -540 -38
3
2 941 -18
3
2 -88 17
3
1 -402 230
3
2 -173 30
3
2 823 17
3
1 810 574
3
2 496 -28
3
2 -985 -2
3
2 1010 52
3
2 -919 -45
3
2 -59 7
3
2 475 58
3
1 -1000 662
3
2 274 -6
3
2 888 62
3
2 -954 60
3
2 -283 59
3
2 -402 -22
3
2 -151 -30
3
2 502 4
3
2 820 58
3
2 -561 24
3
2 114 39
3
1 317 1005
3
2 -554 29
3
1 -333 702
3
2 852 -58
3
2 -750 30
3
