57
19 281
2 444
19 512
15 897
16 982
11 792
2 149
10 471
9 221
17 72
17 817
13 590
9 864
8 939
14 101
21 1
29 663
28 271
22 491
15 421
32 634
29 545
14 550
23 790
3 743
30 83
24 970
32 480
9 136
10 630
12 703
22 617
21 50
23 490
28 6
15 987
31 75
27 396
16 498
1 370
24 1022
5 751
7 100
14 751
11 600
5 471
22 986
31 618
11 949
19 550
26 993
32 568
11 1019
3 667
12 100
12 707
1 464
3
2 40 52
3
2 790 30
3
2 122 52
3
2 84 50
3
2 94 39
3
2 644 32
3
2 131 24
3
2 125 26
3
2 616 61
3
2 299 30
3
2 732 5
3
2 346 26
3
2 560 20
3
2 26 39
3
2 110 4
3
2 276 7
3
2 410 10
3
1 587 30
3
2 406 46
3
2 237 24
3
2 531 51
3
2 364 12
3
1 994 36
3
2 844 21
3
2 1000 2
3
2 361 21
3
2 906 46
3
1 130 14
3
2 20 14
3
2 674 58
3
2 141 12
3
1 508 50
3
2 516 25
3
2 288 36
3
2 929 11
3
2 486 52
3
2 626 61
3
1 454 1
3
1 96 34
3
2 167 51
3
2 965 63
3
2 149 58
3
2 113 61
3
2 391 28
3
2 1009 61
3
2 28 34
3
2 795 19
3
2 647 25
3
2 172 56
3
2 798 31
3
1 713 22
3
2 448 56
3
2 366 40
3
2 435 46
3
2 476 30
3
2 464 57
3
1 758 0
3
2 217 25
3
2 1018 4
3
2 108 33
3
1 208 1
3
2 434 41
3
2 269 22
3
2 229 9
3
2 600 36
3
2 263 51
3
2 727 41
3
2 570 1
3
2 245 59
3
2 872 38
3
2 568 54
3
2 299 39
3
2 213 52
3
1 422 30
3
1 292 24
3
1 831 35
3
2 18 11
3
2 695 5
3
2 437 57
3
2 438 32
3
2 471 24
3
2 226 2
3
2 149 23
3
2 605 60
3
1 1006 27
3
2 802 30
3
2 456 48
3
1 727 55
3
1 806 31
3
2 687 15
3
1 477 16
3
2 385 7
3
2 843 27
3
2 72 55
3
2 348 36
3
2 222 5
3
2 980 13
3
2 276 35
3
2 729 8
3
2 534 54
3
2 562 18
3
1 358 39
3
2 219 28
3
1 358 5
3
2 172 62
3
2 978 27
3
2 533 46
3
2 903 2
3
2 734 26
3
1 463 39
3
2 527 32
3
2 371 5
3
1 222 39
3
2 226 4
3
2 989 48
3
2 444 1
3
2 415 21
3
2 334 27
3
1 927 8
3
2 951 7
3
2 68 21
3
2 802 7
3
2 466 36
3
2 926 6
3
2 204 34
3
1 695 2
3
1 573 38
3
1 817 3
3
2 677 38
3
2 883 28
3
1 942 40
3
1 393 16
3
2 617 18
3
2 807 47
3
2 296 58
3
1 281 16
3
2 713 45
3
2 78 29
3
2 300 2
3
1 66 3
3
1 862 22
3
2 142 42
3
