1036
12 -106
13 -247
7 -766
19 -123
17 -199
-25 28
-24 369
-15 -638
3 -43
-18 -939
4 65
-16 -818
29 344
-13 -12
24 -742
1 317
-29 -1012
-4 111
13 429
20 -651
-21 527
-31 -135
-8 -204
21 -657
-9 651
5 -277
24 -579
12 -443
31 -488
17 784
3 -700
-3 994
1 -366
-15 -929
-21 -956
13 804
32 358
11 -558
-27 -104
-11 -94
5 -763
-6 -275
18 -955
-12 472
-25 -661
8 -112
-8 820
-14 -511
-31 -62
-25 -1020
9 -971
7 -936
7 453
-29 52
19 -660
-23 -642
-12 -414
22 -204
10 927
24 -764
-15 -525
-3 -583
8 -506
5 -788
-11 -485
28 974
5 26
9 -21
21 -944
27 828
-26 -12
31 -977
8 -219
3 253
-32 -913
-29 -563
31 150
31 905
-12 321
-11 99
-14 359
8 -84
18 -427
-27 863
-32 437
-17 -925
-28 340
2 -2
-27 -523
31 -708
1 -773
-4 -826
6 143
-23 44
-31 197
2 299
14 -322
-19 -597
0 621
-24 -70
-13 932
6 -567
8 -337
-28 -145
-19 -831
23 -247
-24 436
-15 846
19 -994
8 -1006
26 -504
-23 270
-7 -492
-23 475
9 451
-8 -862
12 433
-9 605
-26 51
-29 -253
2 119
-25 178
-14 476
-7 -915
21 -135
27 734
-18 -578
-9 585
-7 677
1 -429
21 439
-29 461
24 -670
21 967
21 -12
-10 -887
22 214
-31 662
23 315
-18 171
-3 -125
-5 53
-19 372
-11 788
-11 672
14 127
16 -932
11 -579
-22 -396
8 340
-6 -947
-7 211
-2 281
-2 468
24 -918
-30 -762
23 7
-29 815
-14 441
16 -622
-14 -87
20 175
-16 92
13 -572
31 -16
0 -201
-10 -780
14 -673
-11 882
-23 608
24 946
5 -566
14 -350
23 -206
-29 -197
10 -333
-26 -812
-7 745
27 -561
21 -513
-3 -60
-12 1021
-19 -192
9 -827
-17 143
19 654
-30 140
24 1016
-30 337
17 392
-7 493
-1 -145
27 -98
23 -528
31 773
17 812
32 293
-16 385
-22 132
21 791
14 -148
2 338
-31 -4
1 -219
-20 114
-20 472
17 744
-27 287
4 926
1 -526
9 766
-31 875
-7 70
27 -889
-20 818
30 988
-9 -191
11 661
29 118
-1 649
2 -922
19 838
-8 -90
29 468
22 -654
2 998
16 228
-20 -878
23 572
13 500
24 695
31 11
-18 765
11 309
25 -935
-9 -934
24 30
13 13
-29 -508
-19 -761
-24 423
-3 999
-14 -451
-30 949
20 914
-19 -26
-4 -648
31 64
22 656
26 488
21 -207
-22 -88
-2 -29
30 275
3 918
-2 862
28 -249
7 -57
8 957
-6 -67
-4 -733
-22 -618
20 403
6 785
22 842
-7 -757
18 -710
-6 970
-3 -407
21 -764
5 -778
15 -197
-15 422
17 834
-30 -388
-8 -847
20 -351
-9 -453
15 -995
-16 -425
-4 68
-15 994
-16 22
3 -869
-27 -377
20 638
12 513
-19 891
28 698
26 778
-23 955
-5 -811
22 -1023
4 657
17 -420
-23 390
1 586
0 -482
-23 -750
5 735
-6 -936
29 279
28 -236
-26 1024
-26 846
24 772
-13 -317
-18 356
-24 -791
14 -797
10 732
-23 998
-9 977
-31 390
14 -836
16 -388
32 961
-15 -146
24 -476
22 -862
-7 -906
-14 122
-29 382
23 -2
-10 979
-26 -595
1 -694
-21 980
29 -618
-9 -515
21 958
22 872
24 -500
20 594
0 66
15 -606
-8 153
5 -14
5 -6
9 -898
-28 -303
28 -903
-32 958
-3 310
-9 -90
9 935
-32 941
-30 737
7 483
9 -535
0 -986
32 -291
-4 936
-10 727
-29 -322
29 877
16 384
15 940
-31 564
14 -367
-30 533
5 -707
24 325
29 377
0 -688
7 -693
-32 -786
26 -457
-21 759
0 -457
-16 98
-8 -187
-11 394
17 -226
-13 -47
15 -617
25 486
-5 422
32 -783
-16 -431
31 642
-1 442
-2 453
-2 5
10 766
28 -399
-7 480
27 -704
-2 166
-27 295
-22 -1011
-21 605
-21 -623
21 798
31 -223
10 709
29 -245
31 274
3 -402
-27 -628
-5 339
-25 -310
-8 435
5 156
14 617
12 -818
3 -897
29 104
-2 814
27 659
24 -780
-3 1010
17 982
-18 -305
28 26
3 -593
-6 600
-18 -353
15 -893
12 98
1 765
-8 -159
-17 -933
20 -116
-27 847
-19 472
-10 375
20 -446
-22 -821
-2 -112
-5 365
0 -429
17 -583
8 463
2 -979
32 297
13 -159
-26 -346
12 83
13 -699
10 593
18 -540
7 -283
-24 276
13 -200
25 151
12 -29
28 -408
-25 988
30 -39
25 104
17 307
-10 395
4 -635
21 -502
23 -128
-20 1000
1 -990
-13 395
6 -386
-14 -550
-26 871
27 -2
-3 -679
8 6
18 -30
-4 -461
-24 -971
-4 237
24 924
30 -378
18 -174
-7 128
31 827
29 171
13 -820
-28 717
-15 66
24 1
-27 164
-20 717
-28 628
-6 410
-2 189
26 101
-24 381
-28 -140
-30 -168
-20 -956
-19 1022
4 75
-4 -652
15 252
12 -30
-3 849
-21 772
7 267
-11 284
-3 -479
24 811
-23 -463
-15 -656
26 -649
12 -103
-13 859
-14 170
21 -416
3 -322
-3 980
-18 90
-32 -218
6 -192
9 725
11 726
17 565
0 -133
2 -857
-24 11
-27 948
5 986
15 -197
-13 180
6 -863
-23 760
-24 18
32 409
20 175
20 -152
4 821
6 -903
-32 574
-16 463
27 224
-31 260
-15 894
-6 929
-2 865
5 84
9 -570
-22 632
-23 157
27 -753
18 -279
-5 -306
-18 693
14 391
-22 316
19 984
-5 -209
-25 174
-4 440
13 -667
-14 163
-32 -229
-29 260
13 -447
-10 -606
-21 748
-7 457
1 170
8 -255
25 368
-16 -122
24 -937
4 -991
-8 353
1 852
28 -783
-6 -898
17 -929
-24 927
12 -221
-22 -526
8 -563
-4 -567
-19 -457
-6 679
24 -249
21 -275
-7 737
15 612
-6 232
27 776
-24 429
-13 -26
20 778
-6 -338
29 -315
-9 -965
-24 -422
16 -760
26 207
-1 -968
27 988
2 -717
14 -972
-24 767
7 -691
0 757
-7 909
10 -761
-15 95
13 707
10 597
20 -586
28 771
-21 -705
18 -915
8 -602
-31 670
-32 262
1 625
26 1006
-19 522
22 -328
-16 957
20 44
8 372
15 -194
7 1005
-25 -906
-22 -77
-7 -833
-32 302
9 -407
-16 -706
22 669
20 -654
24 365
-20 -148
9 -237
-15 997
31 835
31 558
-21 289
-12 -651
-23 264
10 -691
-3 840
9 556
16 583
16 800
10 281
-10 -659
9 -497
-14 682
32 -1024
14 -416
-3 999
15 452
-12 167
30 670
2 -416
-29 -139
-12 103
-27 -680
6 779
13 401
-3 -245
21 -344
8 -553
-10 -965
12 480
8 283
21 810
19 -820
-7 535
9 -641
-4 341
28 -994
-5 149
24 618
25 -17
-14 -62
10 -776
-4 -493
-17 -69
28 -856
26 -790
-28 352
29 162
26 -541
11 -106
-12 816
-12 599
26 167
-11 -316
21 -886
-7 266
6 -83
-15 694
-8 211
21 527
-4 11
27 830
0 268
-7 407
-14 -872
-32 594
-19 535
26 -235
-25 -109
27 -51
-1 140
-26 617
-6 -294
-27 -6
25 911
-24 -729
11 258
22 -765
30 581
6 253
-9 -58
26 164
29 1015
14 667
-29 401
-29 423
30 832
9 599
0 -723
-22 966
10 -936
14 597
-9 -175
3 360
22 -526
8 -911
17 435
18 -618
-10 205
20 308
-23 -872
31 636
-31 234
-1 1009
-9 -222
27 -301
29 -350
-7 725
-17 129
15 905
-27 -352
-15 -981
28 -241
8 1022
6 499
14 571
-12 523
23 -413
-9 904
25 781
-31 522
20 35
-1 776
-9 159
-21 -205
21 1020
0 -478
-22 -473
-19 489
14 -755
-14 341
1 -923
-22 -515
32 84
18 284
-12 -979
16 -704
23 977
-10 -184
-32 -560
-11 -873
23 -945
30 1010
-15 -22
23 -358
30 -588
-3 -449
17 846
28 226
-20 962
10 -254
4 803
10 -448
12 -374
9 -157
6 516
2 37
20 -333
0 201
11 -528
-26 917
1 -175
-20 -578
-20 -1007
-29 65
24 158
28 450
-22 -635
23 -332
10 -630
3 617
1 529
15 -31
5 675
-3 -160
7 525
28 -969
-24 -823
-5 -516
-14 662
16 685
-15 -128
7 245
-13 -400
-14 788
-32 -577
-17 -632
25 -1016
27 147
-19 18
16 -194
29 744
31 893
20 -150
-5 139
28 -74
-15 -716
27 423
9 -966
-8 -559
-19 -1007
17 -311
31 864
-5 258
-23 892
-13 997
-2 -718
6 -466
-7 -387
24 -986
3 -103
-30 577
-32 -751
11 758
-21 -515
5 665
-3 599
24 -601
-31 -462
-9 936
29 957
-26 -921
31 88
25 925
-21 559
-18 -546
4 -609
1 -364
-17 -507
-20 1021
-15 592
23 -495
-23 1015
-19 -421
-28 -927
-8 983
-13 398
-1 268
-16 -300
10 188
-24 -918
-22 714
-22 184
-17 -838
26 -794
25 191
-17 331
29 -37
-1 -888
4 -150
19 -456
6 775
-3 -642
-10 428
-1 698
-23 -684
25 769
-12 302
32 891
-1 117
32 -354
-25 406
-25 -1021
10 811
-17 -90
-18 -652
-22 -44
-24 -92
29 -884
-8 421
-1 -585
-30 -406
25 279
-3 -912
28 -641
19 -782
-10 537
-19 -1019
32 505
-27 -344
-26 964
-14 -131
-23 -873
30 235
29 625
0 618
28 905
23 223
29 619
14 306
-12 -972
22 -1018
-4 -852
-25 618
28 316
14 69
4 -209
-11 152
-3 -285
20 234
11 -1007
23 379
28 -473
-5 -966
-26 425
17 124
12 912
-28 554
11 143
7 226
-5 422
11 -310
-11 744
11 -358
-10 228
-19 -739
22 -808
12 -368
22 754
10 914
-14 54
-10 119
-31 -880
-24 -511
7 308
-11 -279
-28 9
-32 -595
-27 -235
-17 -325
-19 -564
0 -273
3 625
21 -93
-12 585
-12 -4
26 323
7 -445
-27 -749
7 754
2 808
15 -736
32 398
-29 34
-2 277
1 669
16 694
17 901
-18 266
13 137
-26 93
-20 -560
16 760
26 370
6 600
2 594
0 61
17 689
-29 575
5 -914
-24 943
-15 -972
-24 150
-20 396
10 -799
28 -271
31 -871
17 -291
31 212
4 412
-18 -847
14 684
-7 863
-16 185
-10 -979
-30 242
28 -975
-11 -448
-10 -289
-3 102
-3 993
19 254
4 -1001
-22 523
-17 553
-22 536
23 -108
-18 -568
-6 -482
16 657
-12 937
-19 551
-25 680
-11 -351
-25 51
-1 -185
-20 94
-29 -883
23 544
-12 353
32 575
6 803
-8 -966
3
2 -314 18
3
2 855 -54
3
2 -296 -61
3
2 896 28
3
1 775 218
3
2 -434 13
3
2 -877 -41
3
2 691 -31
3
1 -773 65
3
2 -994 0
3
2 777 -24
3
2 -396 16
3
2 392 64
3
2 118 31
3
2 516 10
3
2 153 19
3
2 396 -5
3
2 -780 54
3
2 -579 40
3
2 -2 -59
3
2 634 -21
3
2 -690 -61
3
2 -314 18
3
2 777 -55
3
2 -900 29
3
1 853 897
3
2 -90 -12
3
2 508 -23
3
2 -273 -9
3
1 703 765
3
2 -707 -18
3
2 -207 59
3
1 496 163
3
2 -431 -39
3
2 470 10
3
2 -638 -62
3
2 -89 -48
3
2 213 -54
3
2 448 -56
3
2 -157 2
3
2 477 61
3
2 54 10
3
2 -799 -57
3
2 361 -26
3
2 578 -53
3
2 879 49
3
2 906 -23
3
1 -994 480
3
2 33 -24
3
2 -690 4
3
2 -91 -10
3
2 -611 -29
3
2 -377 -42
3
2 807 24
3
2 646 51
3
2 -738 -13
3
2 -953 43
3
2 -90 23
3
2 -203 -50
3
1 997 930
3
2 -909 40
3
2 -481 -59
3
1 536 43
3
2 -946 -31
3
2 -236 55
3
2 62 48
3
2 -689 -48
3
1 1006 644
3
1 751 921
3
1 -1007 576
3
2 -325 39
3
1 711 546
3
2 -406 50
3
2 -376 -57
3
1 -888 999
3
2 685 42
3
2 -924 -39
3
2 -712 20
3
2 -185 41
3
2 690 -40
3
2 200 -43
3
1 813 377
3
2 -642 -26
3
2 -444 44
3
2 -861 6
3
2 291 -48
3
2 736 53
3
2 -478 38
3
1 -368 551
3
2 350 24
3
2 626 -15
3
2 62 -43
3
2 225 -56
3
2 -396 -6
3
2 325 11
3
2 -921 -24
3
2 538 -6
3
2 940 -48
3
1 -246 996
3
2 803 24
3
1 -505 519
3
1 627 96
3
2 -213 1
3
2 -870 -16
3
1 -695 156
3
1 -64 486
3
2 682 -13
3
1 -404 614
3
1 -963 65
3
1 -666 837
3
2 151 24
3
2 151 -62
3
2 -876 60
3
2 -1012 41
3
2 835 -1
3
2 -292 -21
3
1 1018 56
3
2 380 50
3
2 387 -34
3
2 673 60
3
2 -975 18
3
2 167 18
3
1 -449 845
3
2 -549 -64
3
2 1007 42
3
2 958 -50
3
2 -593 -42
3
2 -546 -20
3
2 1013 40
3
2 254 -6
3
2 539 44
3
1 340 254
3
1 282 319
3
2 -359 11
3
2 107 12
3
2 -551 -9
3
1 676 1015
3
1 372 766
3
2 -842 14
3
1 -344 1021
3
2 -849 27
3
2 867 15
3
2 346 11
3
2 808 19
3
2 -808 -1
3
2 945 22
3
2 650 -14
3
2 -161 -47
3
1 -84 882
3
2 -270 9
3
1 468 362
3
1 128 832
3
2 -609 -5
3
2 369 -3
3
2 -48 25
3
1 683 56
3
2 960 -14
3
2 702 -54
3
2 387 -17
3
2 4 64
3
2 318 -12
3
2 332 -8
3
2 385 28
3
2 -265 20
3
2 584 37
3
2 478 26
3
2 -111 33
3
2 517 -61
3
2 -850 -15
3
2 67 -15
3
2 -661 56
3
2 -810 23
3
2 1001 -43
3
2 -7 63
3
1 -463 453
3
2 -664 46
3
2 -178 -55
3
2 -402 26
3
1 38 1009
3
1 -479 862
3
2 852 3
3
2 399 61
3
2 -684 -28
3
1 -445 377
3
2 -51 -7
3
2 -576 -13
3
2 -312 27
3
2 164 43
3
2 531 29
3
2 150 41
3
1 49 365
3
2 547 12
3
2 951 -40
3
1 620 518
3
2 -198 34
3
2 105 -40
3
1 -41 466
3
2 789 27
3
2 -475 10
3
2 441 -49
3
2 528 28
3
2 -361 -40
3
2 -476 -30
3
2 159 -57
3
2 2 -2
3
2 637 -39
3
2 889 -56
3
2 -958 -45
3
2 -696 -53
3
2 177 32
3
2 669 -28
3
2 -417 -30
3
2 -120 23
3
1 362 373
3
1 586 565
3
2 -524 59
3
2 40 -62
3
2 -83 -41
3
2 297 -45
3
1 684 805
3
2 -307 10
3
1 957 913
3
2 926 20
3
1 550 105
3
2 449 27
3
2 -600 44
3
2 69 -58
3
2 -145 19
3
2 -967 -36
3
1 -309 29
3
2 220 -24
3
2 123 5
3
2 -960 -30
3
2 591 50
3
2 -186 -30
3
2 809 50
3
2 113 57
3
2 666 -8
3
2 483 3
3
2 406 -29
3
2 100 -14
3
2 234 -45
3
2 390 32
3
2 962 54
3
2 -763 -36
3
1 412 566
3
2 889 -50
3
1 -317 37
3
1 -216 466
3
2 -559 -16
3
2 362 -7
3
2 -834 -6
3
1 396 683
3
1 879 98
3
2 653 -17
3
1 -346 627
3
2 -157 2
3
2 -759 49
3
2 -762 -59
3
1 -620 125
3
2 382 48
3
2 -96 -40
3
2 629 28
3
2 -964 18
3
2 839 46
3
2 216 7
3
2 -998 9
3
2 -130 43
3
1 412 357
3
2 -424 26
3
1 840 1014
3
2 719 -32
3
2 983 -26
3
1 -27 623
3
2 -324 49
3
2 -671 -3
3
2 879 20
3
2 -420 -21
3
2 238 -30
3
2 -437 63
3
2 -954 41
3
1 -953 907
3
1 271 580
3
2 552 -59
3
2 -767 -41
3
2 39 -3
3
2 -448 -43
3
1 -336 508
3
2 -897 -36
3
1 180 1022
3
2 226 -14
3
2 648 -31
3
2 324 -44
3
2 397 33
3
2 927 23
3
2 704 36
3
2 457 8
3
2 723 18
3
2 -677 38
3
2 256 22
3
2 -1002 -59
3
2 488 48
3
1 -704 680
3
2 -520 -38
3
2 -13 24
3
2 494 47
3
2 -695 -38
3
2 884 -33
3
2 201 -16
3
2 -456 32
3
1 -1013 425
3
2 649 61
3
2 -519 34
3
1 -662 241
3
2 -252 -50
3
2 456 34
3
2 988 45
3
1 -639 992
3
1 -152 101
3
2 -1009 -31
3
2 43 43
3
2 671 16
3
2 -529 51
3
2 867 47
3
2 133 -44
3
2 -779 2
3
2 883 12
3
2 967 -64
3
2 194 -14
3
1 -575 671
3
2 -572 50
3
1 -288 318
3
2 254 49
3
2 349 38
3
2 1013 6
3
2 -840 56
3
2 -106 17
3
2 -555 61
3
2 -791 -55
3
1 413 792
3
2 -475 -20
3
1 656 568
3
2 356 58
3
2 -870 -42
3
2 -610 19
3
2 884 15
3
2 993 19
3
2 -319 12
3
2 919 54
3
2 457 -38
3
2 -666 35
3
2 -870 -24
3
2 4 3
3
2 -110 -43
3
2 168 -33
3
2 -55 28
3
2 1005 -51
3
2 -893 -57
3
2 -172 -6
3
2 802 23
3
2 -84 -53
3
2 -841 17
3
2 -219 -61
3
2 497 -47
3
2 121 18
3
2 689 -38
3
1 -175 971
3
2 496 -9
3
2 98 33
3
2 401 0
3
2 794 59
3
1 -223 495
3
2 567 13
3
1 -66 1027
3
2 -430 7
3
2 400 -38
3
1 -788 617
3
2 70 22
3
2 -417 20
3
2 717 4
3
2 -680 7
3
1 -666 753
3
2 403 -8
3
2 -31 -56
3
2 996 -2
3
2 -447 40
3
1 -829 417
3
2 855 1
3
2 126 60
3
1 397 441
3
2 422 -50
3
1 -396 64
3
2 -850 -6
3
2 379 47
3
2 201 63
3
2 273 -20
3
2 -764 -55
3
1 -12 671
3
1 -50 70
3
2 -780 30
3
1 -775 282
3
1 -267 1000
3
1 -1015 601
3
2 621 48
3
2 991 -44
3
2 687 31
3
2 111 48
3
1 -501 626
3
2 -56 -38
3
2 -506 22
3
2 -111 -47
3
2 -63 -60
3
2 1022 48
3
2 985 59
3
2 -717 -2
3
2 -15 40
3
1 -942 835
3
2 283 -53
3
1 929 854
3
1 97 142
3
2 745 47
3
1 -289 582
3
2 -330 46
3
2 286 -30
3
1 913 561
3
2 214 24
3
1 1024 556
3
1 17 328
3
1 -769 43
3
2 152 13
3
1 -50 217
3
2 925 -16
3
2 -266 49
3
1 -26 176
3
2 728 3
3
2 937 0
3
1 778 747
3
1 873 715
3
2 720 -31
3
1 265 1001
3
1 24 157
3
2 400 56
3
2 816 -1
3
2 757 38
3
2 -328 47
3
2 -595 -49
3
2 -61 -16
3
2 -180 -18
3
2 356 -43
3
2 -86 62
3
2 127 -41
3
2 716 18
3
2 879 -44
3
2 286 5
3
2 761 -60
3
2 141 0
3
2 179 7
3
2 -153 -36
3
1 -836 213
3
2 -78 -54
3
2 -801 6
3
2 -1005 9
3
2 233 -13
3
2 87 54
3
2 -445 -42
3
2 901 8
3
2 -573 11
3
1 10 201
3
2 449 -23
3
2 950 -42
3
2 -269 -40
3
2 -624 42
3
1 -228 1007
3
2 199 63
3
2 389 30
3
2 527 62
3
1 -1008 467
3
2 333 13
3
2 786 11
3
1 -319 202
3
2 5 30
3
2 -163 55
3
1 917 105
3
1 -1000 81
3
2 -1017 27
3
2 -422 4
3
2 925 20
3
2 -894 2
3
2 -910 -23
3
2 554 -35
3
2 857 -40
3
1 -800 136
3
2 212 9
3
2 27 34
3
2 -244 -15
3
2 -533 5
3
2 60 29
3
2 449 5
3
2 133 39
3
1 -439 985
3
2 -831 29
3
2 739 22
3
2 -966 -13
3
2 487 46
3
2 174 -60
3
2 534 20
3
2 43 27
3
2 -258 47
3
1 478 619
3
2 -39 -53
3
2 947 13
3
2 -146 -45
3
2 618 13
3
2 57 -61
3
1 -268 135
3
2 675 -25
3
2 -98 -28
3
2 899 17
3
2 -812 46
3
2 5 -37
3
2 -707 48
3
2 472 -54
3
2 -845 13
3
2 676 56
3
1 965 378
3
1 802 24
3
2 167 31
3
2 655 -49
3
2 667 -49
3
2 -177 14
3
2 246 -25
3
2 -432 -56
3
1 64 223
3
2 769 23
3
2 -393 44
3
2 -685 36
3
2 -598 -39
3
2 -602 24
3
2 -955 -43
3
1 870 641
3
2 -289 -15
3
2 -411 31
3
2 358 2
3
1 73 5
3
2 -697 63
3
2 854 34
3
2 -234 38
3
1 -987 25
3
2 7 -58
3
2 911 33
3
2 705 9
3
2 219 -24
3
2 -75 -57
3
2 -510 -12
3
1 -411 285
3
2 164 -16
3
2 992 -27
3
2 -834 20
3
1 -561 395
3
2 428 -23
3
2 -604 -36
3
1 173 171
3
2 792 7
3
2 292 -18
3
2 -558 31
3
2 923 -18
3
1 -562 297
3
2 -999 -57
3
1 -480 494
3
2 554 51
3
2 921 -27
3
1 -178 104
3
1 431 741
3
2 -992 11
3
2 748 -34
3
2 -168 -64
3
2 -838 11
3
1 42 285
3
2 -566 34
3
2 420 34
3
1 835 1021
3
2 361 -29
3
2 -784 5
3
1 -626 964
3
1 -187 422
3
1 -391 707
3
2 977 53
3
2 -215 46
3
1 322 951
3
2 1002 -21
3
2 718 28
3
1 -624 834
3
2 736 -27
3
2 -557 0
3
2 -625 12
3
1 -27 868
3
2 -912 17
3
1 -770 732
3
1 424 147
3
1 143 36
3
2 475 23
3
2 806 25
3
1 -67 855
3
1 -175 553
3
1 -1024 544
3
2 697 -43
3
1 -815 429
3
1 772 109
3
2 379 -6
3
1 -1024 152
3
1 568 690
3
2 357 -39
3
2 -274 59
3
2 -58 15
3
2 -136 0
3
2 331 -20
3
2 951 37
3
1 -373 1023
3
2 755 54
3
2 -466 -11
3
2 38 16
3
2 -599 -40
3
1 71 148
3
1 -801 706
3
2 -699 -35
3
1 265 695
3
2 15 56
3
2 -825 -27
3
1 -976 39
3
1 1011 311
3
2 155 -15
3
2 -507 -37
3
1 -682 285
3
2 77 0
3
2 -456 -33
3
1 -230 624
3
2 427 11
3
1 700 291
3
1 337 162
3
2 228 -33
3
2 373 54
3
2 317 52
3
2 -610 -14
3
1 -631 1031
3
2 -317 -40
3
2 707 13
3
2 -812 32
3
2 -340 -13
3
2 -297 -34
3
2 584 -50
3
1 -725 205
3
2 -87 53
3
2 -664 9
3
1 176 171
3
1 96 592
3
1 445 245
3
1 977 862
3
2 -856 -51
3
2 270 56
3
2 -720 43
3
2 771 54
3
2 -738 -13
3
2 -119 6
3
1 -103 407
3
2 923 21
3
2 -58 -24
3
2 -715 46
3
2 -107 64
3
2 -609 -38
3
2 -347 21
3
2 907 8
3
2 -572 31
3
1 143 861
3
2 -119 56
3
2 59 -1
3
1 874 290
3
2 -42 21
3
2 597 8
3
2 -109 49
3
2 103 46
3
2 -231 4
3
2 -300 -10
3
2 -190 -10
3
1 -53 170
3
1 -739 100
3
2 923 51
3
2 -769 -19
3
2 -741 15
3
2 -360 30
3
2 130 17
3
2 -1014 -62
3
2 -972 57
3
2 543 13
3
2 -175 15
3
2 -154 -11
3
2 -10 11
3
2 -824 -6
3
2 -239 46
3
2 101 15
3
2 100 -57
3
2 947 35
3
2 -548 -14
3
1 164 894
3
2 154 -21
3
2 327 27
3
2 229 -64
3
2 735 -41
3
1 -760 597
3
1 -584 618
3
2 -896 44
3
2 -57 51
3
2 -860 -54
3
2 -530 49
3
1 -795 619
3
2 853 -10
3
1 -934 205
3
2 -624 -35
3
1 -522 170
3
2 -345 50
3
1 -965 757
3
2 -715 -33
3
2 -609 29
3
2 429 14
3
2 -642 7
3
2 -413 -41
3
2 -575 35
3
1 -112 648
3
2 662 -34
3
2 997 -27
3
2 481 34
3
2 751 17
3
2 705 39
3
1 820 283
3
1 -277 786
3
2 -383 -21
3
2 316 -7
3
1 -512 429
3
1 429 393
3
2 330 49
3
2 145 -26
3
1 -512 583
3
2 -672 -16
3
2 853 51
3
1 -566 31
3
2 -88 -36
3
1 578 138
3
2 498 -1
3
1 72 1027
3
2 -710 -56
3
2 -656 6
3
2 805 -19
3
2 398 22
3
2 587 -36
3
2 263 7
3
2 -190 -29
3
2 -675 -6
3
1 -741 26
3
2 524 6
3
2 195 5
3
1 295 786
3
1 -746 349
3
1 -639 772
3
2 -729 -15
3
1 317 923
3
2 -340 -42
3
1 1016 411
3
2 90 49
3
1 467 811
3
1 -1010 588
3
1 -936 565
3
2 -193 -60
3
1 -828 22
3
1 -952 653
3
2 -738 34
3
2 273 38
3
1 456 690
3
2 903 14
3
2 61 45
3
2 -460 -43
3
2 678 1
3
2 771 5
3
1 -401 942
3
2 122 41
3
2 364 52
3
2 -948 -28
3
2 94 -58
3
1 -259 62
3
2 327 -51
3
2 837 28
3
2 443 -54
3
2 -48 -22
3
2 -359 -25
3
1 922 403
3
2 -10 -5
3
2 -275 60
3
2 810 20
3
2 -861 -17
3
1 949 956
3
2 -465 -62
3
2 546 -25
3
1 -539 434
3
2 -328 -39
3
2 864 -31
3
1 -477 963
3
2 -992 26
3
2 -407 9
3
1 197 733
3
2 698 -55
3
2 -380 -36
3
2 -424 53
3
2 -292 29
3
1 -239 992
3
1 873 309
3
2 -421 0
3
2 -172 -30
3
2 671 45
3
1 -358 256
3
2 579 -22
3
2 -289 53
3
2 437 32
3
2 637 56
3
2 777 30
3
2 -528 -8
3
2 205 53
3
1 -106 298
3
2 -714 -8
3
2 217 -59
3
2 799 31
3
2 -66 14
3
2 740 23
3
1 -845 43
3
2 786 28
3
1 -329 531
3
2 -766 39
3
2 -490 33
3
2 -1004 51
3
2 -155 36
3
1 718 663
3
2 -761 -23
3
2 152 -45
3
2 -554 -28
3
1 414 237
3
2 770 3
3
2 873 -62
3
2 302 -8
3
2 422 55
3
2 367 -14
3
2 292 -39
3
2 -250 15
3
2 503 -2
3
1 938 896
3
2 -870 49
3
1 -557 423
3
2 -190 -39
3
2 950 13
3
2 -829 25
3
2 417 47
3
2 296 -46
3
2 -394 -30
3
2 842 46
3
2 -377 2
3
2 737 -9
3
2 873 -39
3
2 726 -5
3
2 554 50
3
2 891 -25
3
2 222 -2
3
2 440 -40
3
2 -299 -15
3
2 -707 -15
3
2 -120 -36
3
2 -629 -18
3
1 -796 312
3
1 -875 835
3
2 519 0
3
2 -924 24
3
2 -170 -38
3
2 -438 -13
3
2 100 -5
3
1 683 895
3
1 -749 149
3
1 842 762
3
2 -26 -56
3
2 700 -32
3
2 783 38
3
1 -878 1007
3
2 523 -50
3
1 794 1015
3
2 -796 -51
3
2 -29 7
3
2 -162 19
3
1 476 834
3
2 62 -29
3
1 1005 288
3
1 956 853
3
1 981 336
3
2 436 -61
3
2 -971 44
3
2 -751 -24
3
2 -227 59
3
2 -619 52
3
2 -511 0
3
2 492 -60
3
1 571 891
3
1 -638 471
3
2 -55 7
3
2 -139 -21
3
2 475 57
3
2 -187 42
3
2 536 -21
3
2 766 -20
3
2 -246 -58
3
2 -634 -3
3
2 88 17
3
2 59 26
3
1 61 614
3
1 240 732
3
2 96 19
3
2 421 -5
3
2 420 -1
3
2 -448 -1
3
1 -298 494
3
2 835 0
3
2 451 5
3
2 68 -12
3
2 129 41
3
1 -947 438
3
1 -674 820
3
1 -25 540
3
2 -774 -36
3
2 437 12
3
1 428 406
3
2 224 -56
3
2 -707 33
3
1 -771 98
3
2 -606 15
3
2 -778 27
3
2 621 -46
3
2 994 22
3
2 664 -43
3
2 -856 46
3
2 -239 -56
3
1 733 851
3
2 400 1
3
2 -124 36
3
1 -780 809
3
2 -484 34
3
2 -20 61
3
2 -829 33
3
2 583 -15
3
2 540 -10
3
2 128 -20
3
2 -949 49
3
1 -834 823
3
2 -611 -58
3
2 812 1
3
1 -22 493
3
2 -986 -26
3
1 -194 900
3
2 -232 20
3
1 175 431
3
2 -71 -53
3
2 993 17
3
2 6 -4
3
2 -666 -28
3
2 -770 6
3
2 -400 22
3
2 691 -8
3
2 50 63
3
1 -817 561
3
1 -733 607
3
2 981 -23
3
2 -522 17
3
2 -924 -62
3
2 -851 -58
3
2 -425 -16
3
2 598 -18
3
2 196 28
3
2 -627 -5
3
2 -650 -42
3
2 197 -27
3
2 405 -43
3
1 -410 630
3
1 900 483
3
2 428 -9
3
1 124 514
3
1 -735 90
3
2 389 4
3
2 -564 6
3
2 -714 51
3
2 -293 -53
3
1 360 200
3
1 -873 947
3
2 584 -59
3
2 641 -16
3
2 166 23
3
1 440 77
3
2 -475 -23
3
2 -351 27
3
2 350 2
3
2 300 31
3
2 -724 31
3
2 822 50
3
1 830 164
3
1 -88 515
3
2 -733 -11
3
2 517 17
3
2 -348 -42
3
2 -574 41
3
2 751 59
3
2 415 19
3
2 665 -42
3
2 -657 17
3
1 139 130
3
1 877 964
3
1 962 997
3
2 517 62
3
2 343 -63
3
2 830 52
3
2 901 -29
3
2 -157 49
3
2 435 41
3
2 -548 -64
3
2 -906 26
3
1 969 632
3
2 84 -64
3
2 703 13
3
2 704 -49
3
1 -388 197
3
2 149 18
3
1 -408 502
3
2 289 54
3
2 492 45
3
1 -514 958
3
2 -873 -34
3
2 -674 -10
3
1 -651 919
3
2 -797 12
3
1 74 3
3
2 -659 -34
3
2 -709 -17
3
2 340 -26
3
2 -434 -31
3
2 -614 33
3
1 -61 763
3
2 -460 -5
3
2 -336 -2
3
2 828 -62
3
2 300 -47
3
2 448 16
3
2 -388 23
3
2 -829 -32
3
2 -440 61
3
2 743 60
3
1 -236 194
3
2 -870 -16
3
2 460 31
3
2 873 -7
3
2 -976 -10
3
2 672 20
3
2 -182 30
3
2 666 -32
3
1 941 694
3
1 625 658
3
1 -798 471
3
2 -615 -20
3
2 -12 57
3
2 872 57
3
2 -809 54
3
2 142 -55
3
1 503 874
3
1 -433 931
3
1 -790 330
3
2 -1003 52
3
1 -662 222
3
2 -340 -64
3
1 -497 879
3
2 -444 26
3
2 646 -28
3
2 1024 43
3
2 -911 45
3
2 -935 -57
3
2 -903 13
3
1 -742 438
3
2 -734 8
3
2 -601 15
3
2 -191 64
3
2 -579 -9
3
1 132 793
3
2 967 -59
3
2 35 -35
3
2 -796 21
3
2 164 -4
3
2 270 53
3
2 -877 -43
3
2 -1002 -49
3
1 -209 972
3
1 979 378
3
2 -152 32
3
2 -824 -49
3
1 -385 70
3
2 645 24
3
1 -217 692
3
2 338 -9
3
2 -230 37
3
1 1001 551
3
2 -405 41
3
2 177 -26
3
2 254 -58
3
2 -553 -20
3
1 828 190
3
2 414 30
3
2 -683 13
3
1 -805 617
3
2 -181 58
3
2 -570 -34
3
2 1012 37
3
2 277 -6
3
2 742 23
3
2 492 32
3
2 -531 20
3
2 268 15
3
2 -981 -42
3
2 497 46
3
2 -663 11
3
2 -215 -23
3
2 -187 -31
3
2 -787 -8
3
2 1012 42
3
2 -575 -57
3
2 -227 -17
3
1 648 128
3
1 131 244
3
2 568 -60
3
2 760 -23
3
2 -36 55
3
2 -818 47
3
2 -456 50
3
2 -308 -34
3
2 -120 50
3
2 -957 -41
3
2 57 51
3
2 776 49
3
2 -1022 21
3
2 519 -17
3
2 -417 63
3
2 723 35
3
2 852 -8
3
2 -776 -17
3
2 165 -24
3
2 70 50
3
1 -56 928
3
2 567 15
3
2 445 -8
3
2 77 -34
3
2 -177 -2
3
1 1004 336
3
2 873 -22
3
1 179 189
3
2 957 58
3
2 -952 6
3
2 883 12
3
2 -574 -64
3
2 444 -34
3
2 -619 -48
3
2 584 -56
3
2 -82 53
3
2 -873 13
3
1 316 297
3
2 104 -48
3
2 931 -53
3
2 305 58
3
2 -182 14
3
2 246 48
3
2 568 -20
3
2 -747 -14
3
2 1007 64
3
2 918 49
3
2 862 3
3
2 64 -41
3
2 -287 -43
3
2 390 -19
3
1 1014 735
3
1 616 400
3
1 153 25
3
2 214 62
3
1 -403 608
3
2 843 -61
3
1 214 461
3
2 -573 -40
3
1 462 1035
3
2 318 17
3
2 -634 -49
3
2 -919 -11
3
2 931 10
3
2 -826 28
3
2 -996 53
3
2 -173 64
3
1 -768 851
3
2 -414 -5
3
1 992 967
3
1 -230 193
3
2 -700 33
3
2 422 -64
3
2 -202 -47
3
2 -980 -15
3
2 926 -41
3
2 375 -11
3
2 -177 -54
3
2 -893 1
3
2 853 50
3
2 162 -15
3
2 -15 -21
3
2 313 -51
3
2 736 16
3
2 -641 -32
3
1 1006 268
3
1 665 278
3
2 -311 27
3
1 855 820
3
2 516 32
3
1 -355 152
3
2 97 35
3
2 -299 17
3
2 -411 58
3
1 -334 123
3
2 131 43
3
2 500 -53
3
1 -424 109
3
2 -336 -17
3
2 351 -10
3
2 66 2
3
2 629 -49
3
1 -710 94
3
2 569 -23
3
2 -857 55
3
1 -848 934
3
2 499 -11
3
1 -28 496
3
2 -556 4
3
2 -954 57
3
1 656 1000
3
2 850 59
3
1 124 625
3
2 841 51
3
2 -363 -9
3
2 995 -40
3
2 -227 -53
3
2 221 44
3
2 493 -45
3
2 -606 -58
3
1 513 857
3
1 934 765
3
1 754 50
3
2 697 -10
3
1 -159 373
3
2 -101 28
3
2 491 19
3
2 579 47
3
2 -773 62
3
2 -315 -9
3
2 255 -7
3
1 491 65
3
2 508 -58
3
2 -404 31
3
1 -138 306
3
2 959 45
3
1 504 141
3
2 20 -50
3
1 -10 280
3
2 882 17
3
1 719 419
3
2 156 -15
3
1 -982 995
3
2 504 -40
3
2 -182 6
3
2 -328 2
3
2 -476 -29
3
2 170 47
3
2 295 -57
3
2 -121 -55
3
2 -147 42
3
1 217 205
3
2 370 -19
3
2 -473 4
3
2 -589 -10
3
2 887 56
3
2 267 14
3
2 -932 -45
3
2 -597 -18
3
2 501 -21
3
2 -516 -31
3
1 -831 1026
3
2 47 -46
3
1 -448 593
3
2 353 54
3
1 776 828
3
2 243 -10
3
2 -229 46
3
2 403 -35
3
2 80 -31
3
1 710 435
3
2 -64 44
3
1 -35 998
3
2 838 62
3
1 -527 1010
3
1 -725 521
3
1 -597 54
3
2 917 18
3
2 -110 63
3
2 -310 -50
3
1 707 708
3
2 -280 -31
3
1 -1003 940
3
2 954 -56
3
2 1022 -23
3
2 -364 25
3
2 -268 -49
3
2 -472 -46
3
2 -372 39
3
2 972 9
3
1 475 711
3
1 -331 439
3
2 797 -58
3
2 319 -40
3
2 -676 -16
3
2 -299 -11
3
1 691 630
3
2 999 -48
3
1 -117 485
3
2 308 -45
3
1 -720 929
3
2 70 63
3
2 -459 -57
3
2 218 -9
3
2 -647 -62
3
2 -506 43
3
2 938 43
3
1 16 51
3
1 -307 475
3
2 -653 20
3
2 -308 -33
3
2 -614 4
3
2 -827 42
3
2 -925 19
3
2 558 -57
3
2 -990 -31
3
1 725 923
3
2 314 -53
3
2 -646 61
3
1 -480 506
3
2 -777 -3
3
1 -37 795
3
1 384 843
3
2 257 63
3
2 -99 -35
3
2 -847 24
3
2 -750 35
3
2 883 18
3
1 440 190
3
2 -146 -43
3
2 -569 -64
3
2 -10 8
3
2 -961 36
3
1 729 264
3
2 -357 13
3
2 -255 11
3
2 -497 1
3
1 880 510
3
1 306 761
3
2 35 58
3
2 438 46
3
2 182 -40
3
2 -835 -13
3
1 -879 561
3
1 -874 203
3
2 -263 -55
3
1 476 1013
3
2 -1004 39
3
2 220 41
3
1 428 33
3
1 -347 764
3
2 -321 4
3
2 982 56
3
2 871 -23
3
1 115 1032
3
1 -359 79
3
2 650 -23
3
2 -169 -54
3
2 628 -64
3
2 409 3
3
2 -462 30
3
2 521 27
3
1 -238 295
3
1 -114 920
3
2 84 -59
3
2 -1024 -60
3
2 917 19
3
2 -226 1
3
2 -500 -1
3
2 -111 55
3
2 464 9
3
1 -388 1020
3
2 76 -7
3
2 1022 -39
3
2 -991 47
3
2 334 59
3
1 636 41
3
2 -121 28
3
1 -381 317
3
2 -437 -21
3
2 653 39
3
1 1004 603
3
1 -729 165
3
2 -491 52
3
2 28 8
3
2 -595 -10
3
1 868 106
3
2 456 -10
3
1 -977 103
3
2 -753 -64
3
2 1024 -45
3
1 -206 405
3
2 -335 10
3
1 398 658
3
2 -683 54
3
2 -931 -64
3
1 165 721
3
2 -576 12
3
2 -818 -31
3
1 -37 570
3
2 632 54
3
2 115 -12
3
2 -952 42
3
1 582 886
3
2 103 -57
3
2 206 48
3
1 -312 697
3
2 -301 41
3
2 -909 -52
3
2 558 -36
3
2 76 -14
3
1 859 405
3
2 -699 -16
3
2 -717 -39
3
2 -712 20
3
2 -656 -25
3
2 394 2
3
2 -281 62
3
1 848 261
3
2 -781 11
3
2 738 8
3
2 280 -46
3
2 -311 -23
3
1 -858 859
3
2 573 30
3
2 -799 -47
3
2 -782 -63
3
1 -236 213
3
2 774 0
3
1 -617 181
3
2 -861 -39
3
2 -863 -36
3
2 -508 -15
3
1 277 10
3
2 536 -45
3
1 -653 752
3
2 -10 -59
3
2 -921 64
3
1 923 161
3
2 3 -3
3
2 462 -32
3
1 -186 167
3
2 -568 -1
3
2 -360 23
3
1 -279 912
3
2 500 24
3
2 -728 -21
3
1 16 964
3
2 914 11
3
2 -771 -53
3
2 -699 -52
3
1 -179 960
3
2 554 -46
3
1 -346 124
3
2 871 -60
3
2 -343 -23
3
1 -690 669
3
1 73 275
3
1 685 420
3
2 -129 44
3
2 601 26
3
2 476 34
3
2 -342 -41
3
2 200 -28
3
2 -694 17
3
2 73 -33
3
2 822 -1
3
2 8 -11
3
2 295 49
3
2 -979 -58
3
2 -739 -28
3
2 -60 42
3
2 -663 1
3
2 467 26
3
2 -614 -55
3
1 -88 487
3
1 -528 289
3
2 923 28
3
2 697 4
3
2 219 -4
3
2 -258 32
3
2 105 -29
3
1 -922 719
3
1 802 812
3
2 -704 36
3
2 40 -59
3
2 -381 14
3
2 -98 44
3
2 -573 -64
3
2 -99 -53
3
2 -340 57
3
2 -183 -40
3
2 -178 20
3
2 357 -4
3
2 -425 44
3
2 878 -13
3
1 753 176
3
2 536 -25
3
2 -279 6
3
1 -884 682
3
2 303 -23
3
2 -19 -40
3
2 139 -34
3
2 -398 52
3
1 -651 643
3
2 -722 -36
3
2 -187 54
3
2 425 15
3
2 -523 53
3
2 -799 -22
3
2 -696 -21
3
2 -471 15
3
2 491 -24
3
2 -267 30
3
1 -919 211
3
2 904 -12
3
2 -904 -3
3
1 446 1014
3
2 -778 6
3
2 -539 -15
3
2 39 -28
3
2 -919 -24
3
2 1012 13
3
2 533 21
3
2 -464 -59
3
2 -355 0
3
2 714 -23
3
2 934 -62
3
2 329 35
3
2 156 -41
3
2 -469 -57
3
2 293 19
3
2 886 -47
3
1 425 159
3
2 -977 -17
3
2 641 53
3
2 971 -11
3
2 -686 64
3
2 -320 -64
3
2 -502 -10
3
2 -496 8
3
2 -997 27
3
2 -427 -13
3
2 -858 59
3
1 6 956
3
2 -291 27
3
2 692 -11
3
2 513 1
3
2 -382 46
3
2 -722 -55
3
2 -534 -3
3
2 732 -21
3
2 -403 46
3
2 658 33
3
2 -163 8
3
2 769 -14
3
2 537 14
3
2 -144 13
3
2 -854 -23
3
1 787 370
3
2 324 -12
3
2 -662 64
3
2 -343 53
3
1 632 231
3
2 126 57
3
2 -790 -57
3
2 63 23
3
1 -442 731
3
1 594 6
3
2 -734 -59
3
2 -831 -54
3
1 -705 853
3
2 -841 62
3
2 -641 56
3
2 61 4
3
2 -777 33
3
2 -374 -25
3
2 939 6
3
2 87 52
3
1 -749 636
3
2 -755 -6
3
1 47 968
3
2 853 38
3
2 746 47
3
2 384 -19
3
2 118 16
3
1 -309 353
3
2 153 -19
3
2 335 59
3
2 -105 -40
3
2 134 23
3
1 350 718
3
2 393 -28
3
2 434 -16
3
2 -433 -40
3
2 479 20
3
1 -692 337
3
2 726 -5
3
2 706 -17
3
2 -671 24
3
2 -40 3
3
2 743 51
3
2 -565 9
3
2 830 18
3
1 189 296
3
1 648 145
3
2 -109 -47
3
2 619 -39
3
2 185 5
3
2 -301 57
3
2 463 18
3
2 -840 -60
3
2 -64 -32
3
2 -456 -38
3
2 267 10
3
2 -71 27
3
1 -842 205
3
1 208 732
3
2 156 27
3
2 875 46
3
2 722 35
3
2 343 -50
3
2 -936 10
3
2 351 -15
3
2 -485 53
3
1 221 1020
3
2 -637 -64
3
2 -167 -41
3
2 820 -54
3
1 982 547
3
2 -353 31
3
2 362 19
3
2 -230 16
3
1 -133 295
3
2 -53 -45
3
2 711 -48
3
2 245 45
3
2 490 -15
3
2 -1010 -57
3
2 -483 -45
3
2 -792 39
3
2 575 -14
3
2 217 -54
3
2 -393 -57
3
1 850 267
3
1 626 888
3
1 -622 123
3
2 -152 22
3
2 195 6
3
2 -448 -64
3
2 -184 51
3
2 174 55
3
2 -569 -29
3
2 -275 -7
3
1 -130 116
3
2 919 -44
3
2 531 40
3
2 117 30
3
2 -489 62
3
2 -980 18
3
2 139 34
3
2 977 51
3
1 873 318
3
2 107 41
3
1 84 480
3
1 751 136
3
2 258 28
3
2 -639 -29
3
1 -936 546
3
2 917 -37
3
1 851 373
3
2 -389 -61
3
2 -179 4
3
2 -865 -30
3
1 235 602
3
2 -127 -64
3
2 -814 -48
3
2 -910 -8
3
2 -57 6
3
1 405 1000
3
2 -997 38
3
2 162 26
3
2 984 20
3
1 898 60
3
2 -882 -55
3
2 -389 9
3
2 734 17
3
1 970 464
3
2 -589 10
3
2 691 64
3
2 755 -56
3
2 -256 -10
3
1 170 761
3
2 345 -32
3
2 -135 -37
3
1 -675 932
3
2 501 14
3
1 65 479
3
1 963 179
3
2 211 29
3
2 -250 -56
3
2 942 19
3
1 -186 189
3
2 -740 36
3
2 -562 -64
3
2 585 -6
3
2 12 -64
3
2 -535 36
3
2 597 -28
3
2 -236 47
3
2 -67 20
3
2 -406 -23
3
1 -67 577
3
2 -114 35
3
2 -674 -38
3
2 956 38
3
1 289 683
3
2 -404 16
3
1 358 813
3
1 451 788
3
1 -459 81
3
2 -594 -36
3
2 816 49
3
2 -159 22
3
2 -99 42
3
2 -164 1
3
2 -518 24
3
2 -148 54
3
2 -13 25
3
2 -687 43
3
2 -934 -55
3
2 19 -19
3
2 -471 -17
3
2 483 -1
3
2 -932 -22
3
2 869 64
3
1 -188 724
3
1 -1019 125
3
2 403 -6
3
2 -448 -17
3
2 802 -32
3
1 -12 271
3
2 -736 -55
3
2 -412 26
3
2 847 -13
3
2 317 -15
3
2 -21 -16
3
2 -903 -16
3
2 341 -56
3
1 483 646
3
1 -25 577
3
2 -107 53
3
2 -356 -51
3
1 -981 46
3
2 932 -36
3
2 -861 18
3
1 645 211
3
1 323 694
3
2 73 -50
3
2 907 12
3
2 601 55
3
2 -754 -24
3
2 -66 54
3
1 656 770
3
2 871 14
3
2 159 -14
3
1 415 71
3
2 -88 51
3
2 194 57
3
2 -388 -28
3
2 -231 -52
3
2 -72 19
3
2 -434 23
3
2 -6 -46
3
2 289 31
3
1 -239 584
3
2 -762 44
3
2 235 -59
3
2 -198 43
3
2 -185 -37
3
2 -779 -59
3
1 -981 27
3
2 -386 -6
3
2 -375 53
3
2 -905 62
3
1 1005 817
3
2 -116 62
3
1 475 738
3
2 539 54
3
1 149 421
3
2 -301 47
3
1 -209 162
3
2 694 3
3
2 -730 -64
3
2 271 4
3
2 471 12
3
1 540 317
3
2 -644 -51
3
1 -94 417
3
2 -692 -49
3
2 -775 41
3
1 -62 374
3
2 861 2
3
2 -999 42
3
2 497 -52
3
1 -508 726
3
1 869 691
3
2 -745 50
3
2 -1017 29
3
1 880 483
3
2 -362 25
3
2 -401 -54
3
1 -218 101
3
2 -711 -18
3
2 306 7
3
2 390 -8
3
2 -478 25
3
2 659 -34
3
2 692 4
3
1 671 688
3
1 745 114
3
1 613 868
3
2 579 -12
3
2 824 53
3
2 618 7
3
2 -792 39
3
2 137 -41
3
2 359 -30
3
2 768 -45
3
2 -269 13
3
2 -369 54
3
2 205 30
3
2 -146 -46
3
2 -48 3
3
1 -1014 542
3
2 14 37
3
2 992 11
3
2 -285 -4
3
2 559 -30
3
2 971 10
3
2 806 -52
3
1 215 328
3
2 -179 9
3
2 -595 -11
3
2 306 -42
3
1 269 716
3
2 707 29
3
2 -907 -5
3
1 -327 1016
3
2 576 45
3
2 -87 -46
3
2 -549 -43
3
2 -195 35
3
2 -1008 -18
3
2 -626 35
3
2 -482 17
3
2 171 15
3
2 955 61
3
2 -843 51
3
2 155 -4
3
2 93 -18
3
1 140 479
3
2 501 -24
3
1 6 154
3
1 -370 331
3
2 408 26
3
2 -206 51
3
2 316 -11
3
2 -361 44
3
2 884 -30
3
2 924 -30
3
1 563 818
3
2 18 29
3
2 -378 -60
3
1 315 42
3
2 868 23
3
1 13 998
3
2 -520 55
3
2 924 51
3
1 432 910
3
2 -908 -59
3
2 915 -60
3
2 -795 52
3
2 939 -25
3
1 -15 699
3
2 841 -2
3
2 975 21
3
2 45 24
3
2 -992 -13
3
1 605 259
3
2 381 -59
3
2 479 30
3
1 -1011 65
3
2 -514 23
3
2 -586 -18
3
1 452 916
3
2 -66 46
3
2 728 -38
3
1 -436 852
3
2 -335 64
3
2 -644 -10
3
2 -952 0
3
1 327 380
3
2 -373 -20
3
2 -357 23
3
2 -848 6
3
2 -977 17
3
2 -219 2
3
2 -632 -55
3
2 -780 -39
3
2 794 3
3
2 -404 -51
3
1 -897 746
3
1 -457 816
3
2 320 41
3
1 -119 385
3
2 91 62
3
2 -636 -33
3
2 -718 -57
3
2 -123 42
3
1 -808 602
3
2 -342 -23
3
2 728 26
3
1 -146 863
3
1 108 940
3
2 392 57
3
2 -893 -15
3
2 286 17
3
2 46 52
3
1 513 688
3
2 327 0
3
1 894 635
3
2 748 15
3
1 729 773
3
2 976 -28
3
1 -404 561
3
1 351 165
3
1 215 1026
3
2 1017 -35
3
2 76 -17
3
2 711 -15
3
2 -895 40
3
2 489 24
3
1 380 739
3
2 882 53
3
2 -246 20
3
2 463 40
3
2 -488 -20
3
2 -659 -15
3
2 768 62
3
2 597 52
3
2 580 -8
3
2 889 36
3
1 -824 13
3
2 -93 -3
3
2 116 37
3
2 707 -15
3
1 -238 945
3
2 128 -47
3
2 315 42
3
2 322 35
3
2 -34 -4
3
1 -372 287
3
2 -970 62
3
1 -587 416
3
1 218 913
3
2 15 24
3
1 180 77
3
2 -97 -43
3
2 -311 51
3
1 -387 791
3
1 899 447
3
2 -934 -6
3
2 -788 -38
3
2 692 -61
3
2 -221 41
3
1 -188 705
3
1 741 77
3
2 543 -28
3
1 -418 992
3
2 -861 -58
3
1 835 50
3
2 -385 11
3
2 467 61
3
2 5 55
3
2 186 55
3
2 100 25
3
2 -569 15
3
1 502 760
3
1 -144 1004
3
1 880 1032
3
2 -714 38
3
2 675 42
3
2 65 19
3
1 -953 946
3
1 -918 577
3
2 -123 7
3
1 -92 364
3
2 381 -47
3
2 172 -6
3
2 -516 -55
3
2 1002 58
3
2 503 -58
3
2 -386 28
3
2 108 -30
3
2 -397 5
3
2 952 -3
3
2 381 -48
3
2 -858 -31
3
2 853 -29
3
2 -29 24
3
2 -778 13
3
2 -561 -52
3
2 751 41
3
2 551 30
3
2 -131 11
3
2 -598 -11
3
1 -237 625
3
2 -642 -18
3
2 -285 -28
3
1 688 57
3
1 597 136
3
2 -762 -16
3
2 -151 7
3
2 -579 -37
3
2 -438 -16
3
2 379 42
3
2 723 -58
3
2 503 -30
3
2 99 -1
3
2 -829 -34
3
2 789 0
3
2 832 -43
3
2 -198 -26
3
2 -126 20
3
2 644 -22
3
1 178 250
3
1 -59 952
3
1 825 707
3
2 -589 -18
3
2 138 -21
3
2 927 47
3
1 -536 679
3
2 -714 -32
3
2 632 -61
3
2 -46 -3
3
2 708 -51
3
1 757 751
3
1 378 476
3
2 -560 -25
3
2 -806 15
3
2 330 50
3
2 369 -40
3
2 -425 53
3
1 358 198
3
2 603 -15
3
1 383 763
3
1 -434 633
3
2 410 33
3
1 858 440
3
1 1007 644
3
2 29 25
3
2 250 48
3
2 -60 39
3
2 -587 54
3
1 -944 677
3
2 -1001 4
3
2 959 -38
3
2 778 18
3
2 -720 -41
3
2 486 -56
3
2 -76 18
3
2 -967 24
3
1 -161 542
3
1 602 756
3
2 419 -12
3
2 267 -14
3
2 -683 -59
3
1 889 273
3
2 -789 -42
3
2 -640 56
3
2 16 -12
3
2 -540 7
3
2 -913 -17
3
2 7 49
3
2 530 8
3
2 234 46
3
2 526 -25
3
1 -52 230
3
2 959 -21
3
2 -194 15
3
2 58 45
3
2 -306 30
3
1 1014 833
3
2 372 44
3
2 -257 21
3
2 -794 -14
3
2 322 -9
3
2 976 56
3
2 922 11
3
1 -560 850
3
2 600 12
3
2 230 10
3
1 436 461
3
2 32 44
3
2 133 38
3
1 132 945
3
2 296 26
3
2 968 -61
3
1 -551 219
3
2 74 -32
3
2 -871 -30
3
1 727 705
3
2 -794 -11
3
1 312 112
3
1 -559 47
3
2 -828 35
3
2 763 -6
3
2 129 -26
3
2 -731 -38
3
2 165 11
3
2 62 62
3
1 555 603
3
2 825 38
3
2 351 -48
3
2 16 43
3
2 75 9
3
2 759 29
3
2 853 21
3
2 -205 -39
3
2 45 61
3
2 -1006 -8
3
2 826 -57
3
2 138 -3
3
2 -73 29
3
2 225 19
3
2 652 45
3
2 827 35
3
2 23 -59
3
2 743 16
3
2 388 -23
3
2 -456 -8
3
2 -611 -42
3
1 649 525
3
2 -543 -45
3
2 222 -31
3
2 336 64
3
2 -5 -55
3
1 986 969
3
2 -659 24
3
2 474 22
3
2 452 -6
3
2 362 60
3
2 -266 -33
3
1 -608 549
3
2 713 9
3
2 125 -7
3
2 778 -37
3
2 -155 22
3
2 -285 -12
3
2 696 8
3
1 -754 951
3
2 -517 6
3
2 -330 24
3
2 -54 -49
3
2 -275 2
3
1 -255 60
3
2 -879 27
3
1 -297 453
3
2 491 14
3
2 690 37
3
1 -848 242
3
2 -994 -9
3
2 155 -8
3
1 -851 235
3
2 -969 14
3
2 535 -32
3
2 925 -31
3
2 707 10
3
1 355 896
3
1 -790 326
3
2 307 14
3
2 -513 1
3
1 187 679
3
2 90 -14
3
2 -386 12
3
2 1008 3
3
1 298 501
3
2 -712 57
3
1 -641 872
3
1 739 333
3
2 25 -12
3
2 49 56
3
2 294 56
3
1 -595 923
3
2 401 4
3
2 -67 18
3
1 821 115
3
2 135 39
3
2 -884 0
3
2 -721 18
3
2 -736 -64
3
2 784 -7
3
2 797 -14
3
2 -544 -29
3
2 522 -8
3
2 -50 -9
3
2 326 7
3
2 13 -64
3
2 -283 -25
3
2 -720 12
3
2 -38 1
3
1 533 269
3
2 478 -18
3
2 -526 -52
3
2 683 -41
3
2 -891 -30
3
2 -654 26
3
1 -870 715
3
1 -200 750
3
2 713 -30
3
2 47 61
3
2 -636 -41
3
2 -775 34
3
1 -77 751
3
2 350 -64
3
1 908 617
3
2 -520 -43
3
1 985 1014
3
2 -76 43
3
2 -1003 44
3
2 -466 -46
3
2 284 25
3
1 -16 376
3
2 967 -50
3
1 639 767
3
1 548 972
3
2 -382 52
3
1 225 211
3
2 -692 -40
3
2 169 -3
3
2 39 -33
3
2 -606 56
3
2 301 -40
3
2 -858 -31
3
2 513 -26
3
2 -539 -11
3
2 217 41
3
1 591 672
3
2 225 39
3
1 455 127
3
2 457 2
3
2 -746 48
3
2 819 -29
3
1 -744 635
3
2 -392 -38
3
2 -334 -29
3
2 337 -53
3
2 -435 15
3
2 895 -19
3
2 -870 -58
3
2 -587 0
3
2 253 59
3
2 -626 55
3
1 857 778
3
1 546 284
3
1 106 604
3
2 83 -45
3
2 -416 7
3
1 -656 579
3
2 722 8
3
2 -726 35
3
2 -861 -40
3
2 -802 23
3
2 -249 -9
3
2 -571 34
3
2 794 46
3
2 232 -49
3
2 522 -26
3
2 718 4
3
2 534 16
3
2 936 13
3
2 845 -61
3
2 -998 29
3
2 836 44
3
2 -31 60
3
2 -406 -32
3
1 -622 442
3
2 -856 -37
3
2 -517 -4
3
2 -760 -62
3
2 -407 62
3
2 981 21
3
2 -442 -46
3
2 -692 -28
3
2 -449 -9
3
2 -703 55
3
2 -837 -35
3
2 769 -10
3
2 113 63
3
1 -900 386
3
1 -523 481
3
2 5 -52
3
1 -688 215
3
1 692 108
3
1 311 319
3
2 -353 -11
3
2 519 -18
3
2 -427 -43
3
2 403 57
3
2 142 -36
3
2 348 15
3
2 420 23
3
2 178 -10
3
1 -352 749
3
1 -334 994
3
1 202 840
3
1 849 610
3
2 -40 35
3
2 266 -31
3
2 736 31
3
1 611 531
3
2 -5 -6
3
2 -130 -31
3
2 -719 21
3
2 611 57
3
1 -688 958
3
2 -709 -59
3
2 736 51
3
1 830 773
3
2 709 12
3
1 -526 665
3
2 187 54
3
2 806 39
3
2 128 21
3
2 -641 -38
3
2 -680 11
3
1 172 736
3
1 -128 688
3
1 554 226
3
2 -965 14
3
2 -446 30
3
2 410 -36
3
2 -27 33
3
2 -42 17
3
1 -500 695
3
2 -710 11
3
2 41 -16
3
2 -984 -14
3
2 787 -27
3
1 1007 941
3
2 926 -13
3
2 -382 -7
3
2 -362 62
3
1 343 580
3
2 1016 37
3
2 216 21
3
2 843 -44
3
2 -887 -16
3
1 -652 621
3
2 841 30
3
2 715 58
3
1 -532 568
3
1 -152 26
3
2 613 -7
3
2 -671 26
3
2 -35 -3
3
1 305 792
3
2 -1017 -32
3
2 -542 46
3
2 235 -36
3
