1015
28 -369
-9 -475
26 486
-6 -909
15 -187
-1 694
-24 -106
-1 374
0 371
9 -73
-4 223
-4 50
4 874
-9 -175
19 970
-30 994
16 -301
-30 -361
10 388
-14 683
15 -946
-26 -298
-31 702
3 62
5 -880
-10 433
5 -324
1 258
20 966
-19 200
-28 -538
-11 1000
10 176
1 -654
23 -118
14 252
9 894
0 -68
-5 -995
-18 620
-16 -18
-27 -484
-9 -2
32 -305
2 370
18 -685
-1 -449
-3 -1008
0 -71
-2 290
20 -96
30 795
-28 1009
-25 856
1 720
3 188
27 991
8 -153
-14 -10
-1 417
25 -52
-3 191
-7 -979
2 -262
26 -942
-15 810
-17 571
-21 271
15 283
23 56
10 -983
-28 -856
-27 460
26 -539
-7 -955
-18 810
13 121
11 -483
8 184
32 -371
-16 -717
-14 253
2 -4
23 -616
17 627
4 -767
-25 196
-32 164
-6 -70
7 -943
-11 14
-25 -1008
5 867
-24 -723
-32 -187
16 294
-6 -655
19 487
0 -466
-16 132
-9 335
13 -195
0 -209
15 -862
10 106
13 -792
-18 622
-30 767
8 807
-30 492
-11 998
26 -285
24 -717
15 708
-9 -952
10 -1022
21 -307
-18 -86
-25 -736
-16 -283
-9 -704
21 1
21 -315
-4 -641
-27 811
-27 -426
-14 636
-19 -921
10 3
2 785
29 115
17 483
7 -942
-23 315
32 -551
3 252
-6 -532
-31 713
-16 1021
10 669
28 434
18 56
13 45
-6 -549
30 970
-5 -389
-21 512
18 -645
-19 -22
2 453
-8 -298
7 222
-2 -579
32 885
-25 -19
-28 226
-7 -252
-13 -565
26 -584
1 -159
12 -878
22 -578
-22 -455
9 -284
5 496
9 -538
-13 -664
14 -631
28 -407
0 -800
-9 -242
-26 -12
-2 219
23 -701
-23 870
-16 532
-11 -897
12 650
16 -757
28 732
5 -1003
-13 -63
21 902
10 -349
16 -441
20 69
16 837
25 361
-10 -8
6 -847
-23 -688
-10 853
-31 -361
-31 -888
-4 -181
-22 670
0 -988
27 -290
0 -87
-24 -103
16 261
-5 838
24 22
14 105
-28 -678
15 363
-16 992
16 634
-22 -867
-26 -487
14 613
7 329
16 790
6 -973
-24 -88
5 686
13 938
-7 -779
-11 674
20 462
-2 121
11 678
11 505
-29 -305
-20 33
-5 -898
-4 -97
-21 -240
7 -18
0 370
3 -240
9 66
-28 532
22 -391
-23 662
25 -335
-19 -640
-5 -153
-32 118
15 -498
10 -226
-22 286
-17 597
-12 882
-23 881
7 985
27 -252
30 -198
-14 338
-4 -52
-2 -6
-24 -266
25 -44
7 755
-29 147
-23 -287
1 -114
22 -914
12 556
8 -988
-31 -828
5 541
1 -1001
31 -289
-9 266
-13 337
19 -728
4 -386
-31 164
8 -699
2 -911
20 232
-27 -475
21 -543
25 -202
8 -530
16 515
25 -62
17 -671
-26 -637
-10 -692
31 -146
24 -229
22 -144
13 -163
31 758
-18 732
-13 462
1 308
-26 -173
10 437
-10 -924
31 -181
14 -559
-23 712
25 791
-14 553
8 -889
-5 625
-27 259
27 684
-6 -100
26 -42
1 -375
25 280
23 -140
-7 -740
31 133
-2 510
-25 788
2 -85
-24 -296
28 687
-32 791
-17 854
0 -275
-19 531
-8 -631
8 -14
4 243
2 1006
-25 984
8 -450
-13 -144
21 690
17 -767
-2 174
-18 -977
11 313
18 124
-8 865
-25 656
-20 -526
13 -165
-8 -982
-6 -273
10 692
22 801
10 -222
-3 302
6 -748
24 -976
-26 -1017
-1 799
-8 -90
13 975
3 772
-11 633
-11 119
9 -293
-12 546
10 -327
6 656
-13 -569
11 -918
16 -636
30 -221
-12 321
17 -1004
23 619
-27 -6
27 193
-5 -873
-5 1012
-10 -755
0 431
-26 664
10 -1019
10 578
29 216
15 706
7 43
-11 529
20 -753
18 -53
-16 480
-13 948
0 707
-2 -551
0 -680
-32 389
0 -1002
-23 367
22 836
-24 -537
-21 93
0 -905
7 142
17 1012
31 -339
-22 792
-5 900
-3 813
-19 278
26 -772
19 -19
14 374
-31 -356
-3 -482
14 -363
12 -517
1 -850
15 -135
-29 763
6 -808
-27 -212
-14 53
-16 188
-1 246
13 104
-21 576
-13 114
21 -937
17 -358
-18 -274
26 122
-4 -992
-25 347
3 -925
16 262
-18 -514
28 301
-10 -799
-14 917
12 -583
-18 -568
2 -944
15 943
25 -697
10 -740
-31 -137
-30 -739
-32 703
12 -207
-8 719
16 95
-15 617
-23 -257
28 -653
0 801
-3 144
-1 806
-13 290
-7 -120
16 797
-10 -866
10 -965
-14 -469
5 52
-15 -484
-8 -109
4 -562
19 518
-14 -187
-23 354
-8 678
3 -691
9 210
-25 -353
-27 -297
-26 -257
12 -432
25 -207
-1 564
28 984
-2 -921
22 715
31 -667
17 259
-7 586
-25 -241
4 -426
11 699
2 -310
-18 386
10 -747
-27 791
-23 -582
-10 -31
-1 -597
-5 575
9 -222
32 -440
26 474
28 305
14 432
-26 275
16 -357
-2 -211
4 -217
29 774
-26 816
7 -94
-29 -926
27 217
-16 827
-2 -992
5 544
2 -285
-17 -76
20 -482
5 83
-17 361
12 -770
7 -942
0 837
-2 -415
9 -140
26 351
-29 -635
-17 -540
-22 -178
-18 796
-21 -915
-16 872
-15 -1007
-6 -636
31 695
-19 850
-3 -125
27 474
-5 252
6 828
0 62
17 -443
-11 -303
29 -381
16 -465
-16 -115
30 -611
-7 190
8 -902
-24 -493
3 -209
-16 -283
-20 265
30 889
6 761
15 -909
-28 -690
14 250
3 -286
28 -962
22 795
-17 430
16 -320
-26 -922
0 685
-32 619
8 990
-31 653
-1 -1011
-3 234
5 -326
-17 -964
14 22
-25 -985
9 -334
5 -1015
-15 -975
-10 -892
-2 546
-3 -469
16 868
32 -342
17 -540
-19 -473
-32 -196
-10 760
25 -402
-13 -514
5 105
25 -645
-2 652
16 743
-13 -197
22 431
5 -427
15 43
19 -913
15 250
17 11
20 -955
8 49
-6 317
19 112
-24 -734
-24 353
7 499
0 -990
-7 682
-2 -956
4 -326
5 -461
-5 -430
-31 -583
29 -778
-27 108
9 -244
30 121
-18 -196
20 388
-25 -575
-6 253
4 -304
-27 -370
15 637
-16 -45
10 -148
6 28
-18 680
-18 -758
-1 -614
29 219
-29 -1004
-21 -274
11 -452
12 431
29 854
3 947
-31 -53
2 929
-19 -750
-29 895
9 889
28 62
-13 881
-28 959
0 191
27 -80
30 -19
24 548
-24 272
-2 39
11 126
8 -885
10 -487
-3 -881
32 -610
16 -597
-22 -599
2 -713
22 817
-13 -989
11 -113
28 707
-6 -912
-12 933
-6 -840
11 -26
22 421
21 -130
2 157
-9 747
20 -997
-22 -174
19 126
0 734
-11 -130
-32 926
-30 -813
12 -376
21 -698
-30 -828
18 505
-9 308
-30 -741
-25 860
0 704
-28 1011
9 219
-13 160
30 -51
-27 263
6 -898
-12 88
-25 773
-22 662
32 782
-20 -951
27 -508
-4 163
17 -977
1 215
-27 -956
6 -54
24 14
-20 632
16 999
-23 -217
-5 35
-32 439
-1 95
0 883
-8 -602
-11 114
-13 -710
-17 202
-11 -236
-8 601
-6 107
-19 632
26 140
-24 596
14 110
-31 -297
17 762
16 441
-18 -295
18 -827
32 -281
27 555
25 76
-7 -629
29 -363
13 -840
18 518
10 377
-10 -993
-8 771
-27 -697
-18 799
-2 -922
-23 409
-15 -1022
-10 448
-29 -107
6 267
-4 222
-18 321
20 121
20 115
24 -728
-12 -241
-15 -584
-14 -554
-24 -533
-17 832
2 -52
-11 -111
-10 -714
-28 183
-32 -198
-7 -853
13 87
25 396
3 997
-24 846
-21 -22
7 598
-19 -402
22 161
-4 288
31 -342
-1 696
19 -327
-30 -116
-16 -328
5 306
1 735
-14 848
19 -936
-23 104
-15 578
-5 515
20 -525
19 -830
31 -823
15 -909
-16 206
-12 432
-28 281
29 -265
-5 514
-31 -715
20 -590
-6 330
-23 441
5 433
27 -1021
-12 657
8 -476
-6 651
-5 -203
7 -926
-7 554
15 -631
-12 333
22 -749
-18 -342
14 47
-19 718
10 -410
13 -725
19 129
-17 972
-9 -731
-14 613
1 -803
29 687
-7 412
-29 337
20 26
23 -603
-24 1006
3 -138
-25 683
32 -107
-24 -310
-30 -215
-12 -17
-28 -933
-20 -797
-2 196
-25 89
22 769
17 74
14 282
-14 -272
-15 -622
12 -754
-15 249
8 -692
8 202
32 -178
12 -672
32 -794
-31 -431
-22 124
25 -629
26 648
19 714
11 -291
-13 822
-27 -351
-8 170
-4 -560
6 873
31 562
20 306
25 -475
-12 189
-11 -435
-26 -299
23 -478
18 414
17 -788
-1 -645
-24 586
-8 -105
-7 377
-30 -870
-2 -28
26 613
23 -460
-5 918
-14 552
12 -155
-27 864
-24 318
20 155
19 -981
5 -190
-30 -176
-26 -938
31 -907
-18 -216
-12 -745
13 786
-25 802
-32 -751
-7 -609
-14 777
28 -82
24 319
-6 -535
-30 967
-15 -160
-1 -582
-9 147
16 -105
-27 -32
-5 -488
10 -54
11 -397
15 624
-9 930
-31 702
-19 -749
-28 786
-30 855
20 555
12 -753
15 -988
-4 571
17 -805
0 448
-22 656
-12 435
-27 769
9 -187
14 940
32 -640
12 -111
11 213
-9 742
-16 -611
24 841
-13 -357
-24 -649
17 -988
28 -858
18 -243
-18 956
28 911
-25 743
-21 -980
9 -582
3 -774
-4 -448
-26 493
32 507
32 -459
-11 568
1 -849
-30 -91
-8 513
5 -841
-30 -640
-14 974
-22 303
7 -542
-18 -699
4 776
6 -794
-29 15
19 621
-30 -418
29 332
-25 -142
21 68
19 -305
-26 -158
-6 -687
-18 -7
-20 -15
-25 -557
18 131
-26 880
-23 -679
-9 -815
-9 -214
-16 370
31 479
21 29
14 185
-18 -921
26 -860
27 -241
2 171
-32 789
3 -464
5 -912
2 -1023
11 573
-8 566
25 -318
-20 -437
-20 231
-8 -783
-15 -646
12 868
9 -206
25 939
28 510
15 842
-22 754
-24 -518
9 556
-5 834
-10 854
-9 374
4 -297
-6 -949
18 490
21 706
28 231
8 325
-23 -467
-22 -422
30 325
-29 -708
-20 -228
25 -104
23 -718
-21 -593
-24 80
-4 673
-23 229
1 -283
11 41
-30 -974
25 -53
-20 296
-18 615
-26 -478
-14 -732
-13 481
-10 -362
-13 904
2 -943
-6 -944
-30 603
-7 969
17 -547
3
2 -498 23
3
2 -448 43
3
1 -73 964
3
2 -995 14
3
2 -568 49
3
1 426 14
3
1 802 928
3
2 884 44
3
1 -491 950
3
1 -547 80
3
2 139 10
3
2 734 2
3
2 252 -15
3
2 275 -18
3
1 -693 843
3
2 739 62
3
1 272 553
3
2 261 -59
3
2 -181 0
3
2 643 55
3
1 -106 232
3
2 -336 -42
3
2 734 -55
3
2 328 2
3
1 881 83
3
2 -900 -6
3
2 -854 -26
3
2 900 -54
3
2 -450 6
3
2 822 27
3
2 424 -31
3
1 -604 458
3
2 -151 -51
3
2 175 -2
3
2 -109 4
3
2 991 -55
3
2 -199 -21
3
2 710 4
3
2 -521 -23
3
2 227 -60
3
2 870 38
3
2 523 -49
3
1 432 569
3
1 -687 1005
3
2 513 55
3
2 -247 -23
3
2 334 22
3
2 -546 -55
3
2 446 17
3
2 -455 44
3
1 -45 765
3
2 -993 -5
3
2 465 -64
3
2 -61 -45
3
1 831 1
3
2 948 34
3
2 -609 42
3
1 -597 945
3
2 -164 21
3
2 751 63
3
1 -102 345
3
2 261 -20
3
1 -814 179
3
2 110 18
3
2 -892 13
3
1 -342 460
3
2 701 -58
3
2 -11 57
3
2 793 39
3
2 -482 58
3
1 -536 115
3
2 -548 61
3
2 6 26
3
2 -492 -49
3
2 856 -3
3
2 466 25
3
2 652 -53
3
1 -813 87
3
2 134 -50
3
2 866 0
3
1 928 251
3
2 -237 -18
3
2 988 29
3
2 970 -33
3
2 -865 57
3
2 -613 -41
3
2 626 27
3
2 -320 -34
3
2 564 14
3
1 40 833
3
2 -630 6
3
2 503 10
3
2 -913 32
3
2 457 -5
3
2 112 -33
3
2 -280 39
3
2 -549 22
3
2 -1018 -62
3
2 -674 20
3
2 -774 -22
3
2 -264 -58
3
2 833 -37
3
2 432 21
3
2 -437 -42
3
2 -217 30
3
1 -101 543
3
2 -648 -25
3
1 332 246
3
2 -536 -57
3
2 979 25
3
2 620 -22
3
2 -171 64
3
1 -96 62
3
2 -215 -41
3
2 -71 13
3
1 -527 447
3
2 -661 -51
3
2 153 49
3
2 572 57
3
2 134 27
3
2 -97 14
3
2 -237 -42
3
2 727 47
3
2 347 -2
3
1 104 934
3
2 -915 42
3
2 -429 4
3
2 -523 -36
3
2 -680 28
3
2 477 31
3
1 -390 853
3
2 -982 -45
3
2 558 31
3
2 565 53
3
2 -375 45
3
2 596 -38
3
2 -721 48
3
2 147 -54
3
1 460 894
3
2 194 -62
3
2 -698 0
3
2 454 -6
3
1 -107 415
3
2 -429 26
3
2 -727 -39
3
1 -560 329
3
2 -455 48
3
2 464 -23
3
2 -725 -59
3
2 -887 44
3
2 -403 7
3
2 -905 13
3
1 -69 640
3
2 -755 -64
3
2 459 18
3
2 91 -10
3
1 -725 363
3
1 -370 142
3
2 -902 -54
3
2 -954 -54
3
2 -49 -47
3
2 400 13
3
2 434 26
3
1 -925 1012
3
2 473 -10
3
2 -870 47
3
1 -770 281
3
1 49 147
3
1 -825 639
3
2 -884 -57
3
1 578 442
3
2 -723 -13
3
2 789 -36
3
2 909 -9
3
2 -793 13
3
2 79 -58
3
1 -621 956
3
2 237 18
3
2 -467 -62
3
1 126 487
3
2 -408 64
3
2 91 54
3
2 204 41
3
1 -650 391
3
2 361 59
3
1 -403 131
3
2 223 19
3
2 489 27
3
2 25 -34
3
2 -22 -33
3
1 931 199
3
2 272 59
3
2 452 -6
3
2 366 33
3
2 115 62
3
2 -343 -18
3
2 -339 33
3
2 893 22
3
1 -185 84
3
2 726 -15
3
2 -332 59
3
2 -219 25
3
2 -684 -59
3
2 88 -60
3
2 -580 -43
3
2 -407 61
3
2 -852 -1
3
2 539 -63
3
2 416 -27
3
2 -664 -37
3
2 -13 -7
3
2 -601 37
3
1 224 856
3
2 617 -9
3
1 -72 236
3
1 566 8
3
2 591 3
3
2 -286 -38
3
2 473 13
3
2 -694 41
3
2 -734 -42
3
2 259 -12
3
2 1019 -10
3
2 463 20
3
2 -20 40
3
2 -315 55
3
2 -764 -33
3
2 342 1
3
2 822 -13
3
2 1005 48
3
2 -946 -34
3
2 273 -5
3
2 -168 -42
3
2 -904 -4
3
2 -309 -31
3
2 -1013 27
3
1 -350 22
3
1 -707 848
3
2 -523 -51
3
2 -405 16
3
1 -506 262
3
2 186 10
3
1 -467 522
3
2 834 12
3
2 -930 -38
3
1 -709 487
3
2 -1010 -34
3
2 807 58
3
2 358 -8
3
2 -348 -25
3
2 -980 -25
3
2 -736 30
3
2 644 48
3
2 -432 -55
3
2 -428 -57
3
2 636 9
3
2 -628 -2
3
1 137 187
3
2 199 28
3
2 894 42
3
2 151 -28
3
2 99 -38
3
2 1009 -59
3
1 153 747
3
2 724 -36
3
2 -149 -28
3
2 620 15
3
2 -393 -54
3
2 715 -1
3
1 860 145
3
2 -364 45
3
1 634 121
3
2 -57 37
3
1 169 813
3
2 -928 30
3
2 844 16
3
2 -858 -20
3
2 126 -62
3
2 -518 10
3
2 129 -4
3
2 693 56
3
1 706 295
3
2 458 -42
3
2 -433 -17
3
2 163 -59
3
2 281 -46
3
1 46 148
3
2 -660 44
3
1 -674 826
3
1 714 701
3
1 -725 667
3
2 796 27
3
2 -261 6
3
2 -324 34
3
2 -777 -29
3
2 639 -25
3
2 -834 -56
3
1 546 248
3
2 -735 17
3
2 135 -63
3
2 942 -54
3
2 298 15
3
2 -651 22
3
2 -937 46
3
2 632 32
3
2 56 -62
3
2 740 -19
3
2 289 52
3
2 -146 41
3
2 -572 -2
3
1 -346 842
3
2 198 21
3
2 -281 -22
3
2 211 -3
3
1 -809 304
3
2 -105 22
3
2 -468 35
3
2 707 -31
3
2 200 52
3
1 -102 561
3
1 -1023 460
3
1 -214 61
3
2 47 64
3
2 11 -51
3
2 380 3
3
2 887 20
3
2 -901 22
3
2 839 25
3
2 -517 44
3
2 955 22
3
2 266 -39
3
2 920 -8
3
1 141 851
3
2 -159 8
3
1 105 96
3
2 542 14
3
2 -329 53
3
2 -743 62
3
2 100 22
3
2 -1018 45
3
2 964 49
3
2 -959 -31
3
2 584 27
3
1 700 336
3
2 -912 46
3
2 574 14
3
2 -582 -16
3
2 274 38
3
1 776 449
3
2 -926 -23
3
2 702 31
3
2 537 32
3
2 -97 59
3
1 382 53
3
2 962 43
3
2 998 -55
3
2 -161 21
3
1 -341 42
3
2 -241 -17
3
1 135 447
3
2 -820 -1
3
1 -791 356
3
1 -395 3
3
1 -4 76
3
2 224 36
3
2 -119 48
3
2 22 -6
3
1 829 863
3
2 24 63
3
1 -758 221
3
2 26 18
3
1 267 325
3
2 543 -25
3
2 -612 18
3
2 -449 42
3
2 633 22
3
1 645 925
3
2 -993 16
3
2 -934 44
3
2 573 13
3
2 -983 -43
3
1 -291 77
3
2 113 -11
3
2 -893 38
3
1 -878 31
3
2 97 -20
3
2 -46 -12
3
2 70 -13
3
2 -408 -13
3
2 -698 37
3
2 359 -17
3
2 407 26
3
2 -833 48
3
2 -684 12
3
1 -686 135
3
2 409 -43
3
2 -590 6
3
2 435 -63
3
2 -808 -55
3
1 827 16
3
2 995 -36
3
2 -790 -21
3
2 -163 5
3
2 347 -56
3
2 639 7
3
2 -760 43
3
2 -656 -8
3
2 571 -31
3
1 905 553
3
1 -77 235
3
2 760 -16
3
2 383 -60
3
2 38 -36
3
1 -675 914
3
2 -88 45
3
2 -616 15
3
2 400 32
3
1 -160 950
3
2 848 21
3
2 966 -42
3
2 520 53
3
2 895 -42
3
1 960 523
3
2 -631 -49
3
2 -463 -39
3
2 -247 -23
3
2 937 22
3
2 -61 11
3
2 779 -37
3
2 600 -8
3
1 229 73
3
2 -876 -50
3
1 80 294
3
1 373 395
3
2 -162 52
3
2 -374 -16
3
1 -512 44
3
1 304 941
3
2 598 8
3
2 248 -20
3
2 203 -29
3
1 -316 903
3
2 -412 21
3
2 975 -24
3
2 -414 35
3
2 -59 -62
3
2 401 6
3
2 341 -59
3
2 -398 -53
3
2 55 -20
3
1 -920 196
3
1 272 46
3
2 938 18
3
2 1015 4
3
2 895 -27
3
2 628 -42
3
2 479 -9
3
2 872 23
3
1 -302 797
3
2 809 -61
3
2 -319 20
3
1 641 556
3
1 252 581
3
1 -894 847
3
1 -376 292
3
1 -916 131
3
1 185 569
3
1 365 764
3
2 -584 -6
3
2 497 55
3
2 270 -35
3
1 475 233
3
2 -741 0
3
2 820 38
3
2 -526 18
3
2 -584 49
3
2 -949 -13
3
1 -196 484
3
2 481 52
3
2 -343 50
3
2 -562 -51
3
1 439 365
3
2 371 -21
3
2 -339 21
3
2 346 39
3
2 -263 63
3
2 1021 -14
3
2 580 -16
3
1 822 186
3
2 421 0
3
2 -327 -54
3
2 -204 60
3
2 -619 9
3
2 -806 -61
3
2 900 26
3
1 -998 614
3
2 -245 -50
3
2 -754 -41
3
2 913 6
3
2 -439 20
3
2 -215 -9
3
2 -706 53
3
2 611 30
3
1 -589 177
3
2 99 -36
3
2 612 -38
3
1 878 451
3
2 972 -10
3
2 187 14
3
2 -998 30
3
2 -876 5
3
1 -522 844
3
2 1015 37
3
1 520 925
3
1 216 728
3
2 -64 35
3
2 -583 -21
3
2 705 53
3
1 -744 62
3
2 -10 39
3
2 -770 -50
3
2 235 50
3
2 750 -61
3
2 157 -43
3
2 -814 -39
3
2 -751 35
3
2 374 48
3
2 778 16
3
2 220 -54
3
2 637 38
3
2 567 4
3
2 306 -2
3
2 172 32
3
2 -247 55
3
1 1020 630
3
1 999 37
3
2 -723 -59
3
2 -193 46
3
2 -538 33
3
2 477 -36
3
2 -706 -58
3
1 -866 241
3
2 -14 -17
3
2 -721 28
3
1 -929 690
3
2 601 31
3
2 -292 -46
3
2 419 63
3
2 878 -33
3
2 853 30
3
2 333 -41
3
1 -426 814
3
2 -165 -44
3
2 328 5
3
2 697 58
3
1 129 784
3
2 946 -50
3
1 448 35
3
2 -587 -54
3
2 -915 -34
3
1 -923 482
3
1 -45 683
3
2 -537 8
3
2 -176 1
3
2 276 -47
3
2 -208 30
3
1 905 481
3
2 -692 -62
3
1 -70 355
3
2 183 0
3
1 32 760
3
2 820 16
3
1 -880 715
3
2 553 -45
3
2 -214 -64
3
1 1014 511
3
1 -799 574
3
2 716 51
3
2 854 37
3
2 -19 -19
3
2 487 -39
3
2 143 8
3
2 574 -42
3
1 -949 950
3
2 514 40
3
2 536 -7
3
2 -241 -17
3
1 -359 826
3
2 -393 41
3
1 -419 54
3
1 -327 631
3
2 1009 -7
3
1 982 964
3
2 -433 39
3
2 687 17
3
2 7 -9
3
1 -632 532
3
1 -837 602
3
2 -789 47
3
2 468 47
3
2 41 21
3
2 13 48
3
2 690 -34
3
2 168 -32
3
2 537 -49
3
1 -467 277
3
1 220 970
3
2 262 -48
3
2 -650 -57
3
1 -638 49
3
2 -746 -47
3
2 -487 19
3
1 -742 162
3
2 598 37
3
1 536 97
3
2 610 2
3
1 331 130
3
2 -30 18
3
2 -832 47
3
2 -931 5
3
2 -234 -7
3
1 -606 833
3
1 -526 436
3
2 988 63
3
2 430 -59
3
2 -1001 48
3
1 -225 914
3
2 590 40
3
2 95 41
3
1 -964 939
3
2 956 -1
3
1 260 261
3
2 34 46
3
2 -56 11
3
2 158 61
3
1 699 489
3
2 -436 21
3
2 -466 -35
3
1 360 453
3
1 879 398
3
2 965 46
3
2 -640 10
3
1 -836 1004
3
2 145 49
3
2 -683 26
3
2 287 -11
3
2 81 -4
3
2 564 59
3
1 -341 937
3
2 -906 44
3
2 -525 17
3
2 568 -44
3
2 230 -57
3
2 -529 -36
3
1 -207 479
3
2 88 -11
3
2 -133 -28
3
2 443 -62
3
2 -156 0
3
2 -299 -19
3
2 76 -8
3
2 -638 -33
3
2 -131 -47
3
2 93 -52
3
2 -21 18
3
2 -316 15
3
2 932 -42
3
2 -812 46
3
1 133 914
3
1 -995 334
3
2 -756 -61
3
2 -748 13
3
2 439 -32
3
2 -593 -12
3
2 399 49
3
2 171 -25
3
2 -990 -52
3
2 582 20
3
2 -183 -64
3
2 471 4
3
1 -412 473
3
2 230 -57
3
2 -109 44
3
2 -176 -25
3
1 525 268
3
2 762 27
3
1 623 532
3
2 -538 54
3
2 284 -22
3
2 -141 -9
3
2 448 2
3
2 -945 -63
3
2 -349 -50
3
2 -969 -63
3
2 -662 31
3
2 38 48
3
2 -723 -54
3
2 548 -2
3
2 -546 47
3
2 225 -33
3
1 -694 1007
3
2 37 38
3
2 -379 3
3
2 -478 -64
3
2 171 20
3
2 429 -28
3
2 -556 -47
3
1 836 155
3
2 577 3
3
1 532 226
3
2 147 -52
3
2 -476 59
3
2 -596 -27
3
2 702 31
3
1 -343 552
3
2 379 47
3
2 -981 45
3
2 297 -11
3
1 603 884
3
2 220 -60
3
1 31 915
3
1 -27 193
3
2 636 22
3
1 -889 895
3
2 575 34
3
2 268 48
3
2 277 56
3
2 903 -44
3
1 -892 428
3
2 -530 -55
3
2 676 40
3
2 1007 15
3
2 -524 -36
3
1 826 641
3
2 482 -17
3
2 -362 9
3
2 -252 51
3
2 256 5
3
2 -562 39
3
1 -82 693
3
1 -844 992
3
2 371 34
3
2 -1011 -63
3
2 561 -53
3
1 -870 240
3
2 -12 22
3
1 -73 21
3
2 -1010 14
3
2 549 39
3
2 -430 11
3
2 885 62
3
2 -599 20
3
2 213 -3
3
2 373 -48
3
1 -498 744
3
2 -799 -11
3
2 760 25
3
2 360 -43
3
2 -586 -51
3
2 105 -29
3
2 878 33
3
2 -153 -19
3
2 -444 16
3
2 1017 36
3
2 448 58
3
2 890 1
3
2 -67 59
3
1 397 645
3
2 1002 28
3
2 162 -24
3
1 -158 230
3
1 -800 654
3
2 -371 -5
3
1 -905 561
3
2 720 -22
3
2 561 19
3
2 654 10
3
2 -99 4
3
2 879 -32
3
2 -475 -4
3
2 -1004 26
3
1 177 1006
3
1 -94 484
3
2 -579 17
3
2 119 10
3
2 -35 -60
3
2 -303 -2
3
2 75 -1
3
2 434 -35
3
2 -836 30
3
2 467 -22
3
2 -925 13
3
2 468 -62
3
1 -407 859
3
2 539 24
3
2 -856 21
3
2 397 -7
3
2 -381 -64
3
2 794 0
3
2 -199 21
3
2 388 31
3
2 348 43
3
1 417 600
3
2 -800 56
3
2 402 -33
3
2 134 -26
3
2 -533 22
3
2 -943 56
3
2 -685 1
3
2 96 32
3
2 414 -55
3
2 288 -42
3
2 -105 47
3
2 166 -62
3
2 9 -54
3
2 -458 33
3
2 -245 58
3
2 -680 -47
3
1 -149 220
3
2 -269 -63
3
2 173 13
3
1 109 23
3
1 148 782
3
1 760 708
3
1 -1024 533
3
2 -56 -16
3
2 -777 14
3
2 283 39
3
2 -843 50
3
2 -798 -17
3
1 -295 619
3
2 -994 -50
3
2 -1011 50
3
2 583 -32
3
2 939 -53
3
2 458 10
3
2 812 -55
3
2 -582 -49
3
2 -57 20
3
2 -347 -42
3
1 -331 892
3
2 -109 -17
3
1 607 19
3
2 689 53
3
2 -211 -38
3
2 -547 -25
3
2 -777 54
3
2 -634 61
3
2 -287 7
3
2 629 -14
3
2 818 1
3
2 -570 -16
3
2 -353 36
3
2 -433 54
3
2 -49 -5
3
2 -737 64
3
1 -506 725
3
2 -133 7
3
2 -359 61
3
1 534 937
3
2 -301 39
3
2 938 -20
3
2 -841 16
3
1 522 291
3
2 -25 -12
3
2 -7 -40
3
2 523 1
3
1 326 121
3
2 359 44
3
2 564 25
3
2 83 44
3
1 -392 876
3
2 54 49
3
2 -19 -35
3
2 -437 37
3
2 640 35
3
2 102 -19
3
2 246 9
3
2 438 -20
3
2 -634 -37
3
1 733 908
3
2 -790 17
3
2 -138 -64
3
2 286 -13
3
2 49 22
3
1 639 358
3
2 807 -59
3
2 559 54
3
2 785 -5
3
2 103 11
3
2 -441 -37
3
2 389 -44
3
1 969 963
3
1 -53 97
3
2 -106 -17
3
1 785 564
3
1 51 348
3
2 -247 18
3
2 728 52
3
1 262 76
3
2 968 -43
3
2 368 9
3
2 -906 -36
3
1 -752 766
3
2 812 -50
3
2 787 -25
3
1 -188 550
3
2 551 -8
3
2 -336 -26
3
2 661 -47
3
2 -165 -51
3
2 992 27
3
2 -754 -4
3
2 -421 -7
3
2 -795 60
3
2 732 26
3
1 -834 793
3
2 436 -36
3
1 -534 113
3
2 -909 -55
3
2 949 0
3
2 1015 -38
3
2 702 -19
3
2 978 25
3
2 -770 45
3
2 -550 -41
3
2 -651 34
3
2 -1021 -36
3
1 140 998
3
2 -538 -34
3
2 -231 53
3
1 1004 284
3
2 -50 37
3
2 822 26
3
2 307 60
3
2 754 22
3
2 388 -47
3
1 -467 35
3
1 791 375
3
2 -275 -43
3
2 72 5
3
2 -385 36
3
1 -652 488
3
2 -971 -9
3
2 -228 24
3
1 272 454
3
2 235 -54
3
2 -660 22
3
1 71 307
3
2 872 13
3
2 319 38
3
2 -125 -30
3
2 -470 -53
3
2 -14 24
3
1 -852 444
3
1 855 637
3
2 -564 4
3
2 899 -31
3
1 637 741
3
2 -186 18
3
2 966 6
3
2 275 42
3
2 796 51
3
1 -595 145
3
1 508 95
3
2 314 -16
3
2 90 12
3
2 -289 5
3
2 246 49
3
1 -74 578
3
2 -1013 -26
3
2 574 -64
3
1 718 770
3
2 -722 45
3
1 917 228
3
2 -738 40
3
2 -295 57
3
1 434 146
3
2 274 6
3
2 -190 -64
3
2 426 -38
3
2 -634 50
3
2 -420 -17
3
2 -939 7
3
1 869 147
3
1 -459 671
3
2 30 23
3
2 -277 53
3
2 -992 38
3
2 570 22
3
2 -899 -43
3
2 -848 18
3
2 486 -58
3
2 -198 -45
3
2 89 -35
3
1 -705 27
3
2 -730 -30
3
1 104 599
3
2 -541 -29
3
2 654 9
3
2 30 -60
3
2 159 -61
3
2 -435 -18
3
2 -8 -61
3
1 -309 799
3
2 93 12
3
2 -565 -48
3
2 -18 -27
3
1 633 451
3
2 636 23
3
2 314 -5
3
2 605 30
3
2 -150 -8
3
1 704 175
3
2 690 -15
3
2 -860 -11
3
2 -307 43
3
2 -182 -32
3
2 773 17
3
2 543 27
3
2 208 -53
3
2 920 64
3
2 -733 -64
3
2 -165 -51
3
2 -136 1
3
2 -558 -31
3
1 -598 507
3
1 -988 493
3
1 -598 491
3
2 -484 52
3
2 522 13
3
2 913 64
3
2 335 63
3
2 -109 47
3
2 -941 29
3
2 92 -32
3
2 521 -61
3
2 294 -34
3
2 -95 -58
3
2 -14 28
3
1 661 579
3
2 194 -22
3
2 -810 -21
3
2 573 -8
3
1 -77 981
3
2 491 10
3
2 394 -27
3
1 -676 666
3
2 -853 -61
3
2 126 47
3
1 752 640
3
2 -814 -31
3
2 -67 35
3
2 -302 -50
3
2 366 -14
3
2 -248 -58
3
1 370 748
3
1 599 715
3
2 -38 -5
3
2 934 38
3
2 -41 24
3
1 119 358
3
2 -746 -61
3
2 772 -23
3
1 467 161
3
2 471 -26
3
2 -150 49
3
2 663 -28
3
1 -895 614
3
2 -819 -49
3
2 363 -40
3
2 -785 54
3
1 -996 667
3
2 -566 13
3
2 51 -37
3
2 780 37
3
2 -963 -61
3
2 -686 61
3
1 423 1008
3
2 -26 -1
3
1 -883 47
3
2 654 34
3
2 -841 -2
3
2 -823 33
3
2 917 8
3
2 -377 -26
3
2 -855 -55
3
2 -660 -57
3
2 296 -29
3
1 950 825
3
1 698 711
3
2 525 16
3
1 36 177
3
1 -1002 172
3
2 -281 61
3
2 617 34
3
2 114 -1
3
2 -404 61
3
2 238 8
3
2 -392 39
3
1 -39 989
3
2 635 44
3
2 844 16
3
2 617 36
3
2 -100 53
3
1 -232 265
3
2 -535 -38
3
2 77 -50
3
2 916 54
3
2 358 12
3
2 -599 26
3
2 236 57
3
2 -582 -46
3
2 -820 21
3
2 -789 -24
3
2 -597 12
3
2 -109 32
3
2 332 44
3
1 578 907
3
2 414 -51
3
2 788 15
3
2 -162 34
3
2 138 -43
3
2 698 -6
3
2 -507 1
3
2 850 -34
3
2 -247 -21
3
2 -101 -26
3
1 -651 77
3
2 388 -44
3
1 576 408
3
2 -126 -11
3
2 -571 -39
3
2 -428 -32
3
1 920 30
3
2 811 -17
3
1 -474 958
3
2 -398 -8
3
1 -419 887
3
2 890 -42
3
2 814 -37
3
2 803 11
3
2 581 -37
3
2 -434 -48
3
1 -502 586
3
1 -413 390
3
2 -763 -55
3
1 -637 489
3
2 808 -35
3
2 565 -53
3
2 72 -53
3
1 629 90
3
2 539 -33
3
2 962 -30
3
2 549 -9
3
2 -695 -33
3
1 -385 76
3
2 722 21
3
2 -38 45
3
1 782 722
3
2 1010 52
3
2 -828 -45
3
2 265 30
3
2 644 28
3
2 -117 -17
3
2 -75 -60
3
2 45 -62
3
2 -744 25
3
2 -791 -17
3
1 -515 766
3
2 462 -36
3
1 391 162
3
2 -949 40
3
2 -928 43
3
2 -1004 30
3
2 -655 5
3
1 729 1001
3
1 850 684
3
2 95 0
3
2 295 3
3
2 478 -23
3
2 -820 54
3
1 103 298
3
2 200 -27
3
1 946 628
3
2 327 8
3
1 -813 922
3
2 725 19
3
2 540 -29
3
2 132 55
3
2 282 -40
3
2 -49 59
3
2 -665 -30
3
2 -277 43
3
2 223 -15
3
2 -820 -36
3
1 -408 365
3
1 -32 290
3
2 76 -51
3
2 -364 26
3
2 -841 -26
3
2 131 -40
3
2 -132 50
3
1 1007 230
3
2 572 -42
3
1 119 264
3
1 -495 693
3
2 -27 -1
3
2 322 -34
3
2 135 14
3
2 -293 -62
3
1 -996 836
3
2 792 -57
3
1 -974 98
3
2 567 57
3
2 -299 4
3
2 -685 -60
3
2 -890 10
3
2 833 40
3
1 -97 634
3
1 550 190
3
2 495 -47
3
2 712 -45
3
2 538 -20
3
2 -817 5
3
1 968 171
3
2 462 -54
3
2 331 -64
3
2 30 -1
3
2 -364 13
3
2 321 -63
3
2 -805 53
3
2 999 14
3
2 -546 46
3
2 -848 57
3
2 -871 -54
3
2 -1009 -10
3
2 -221 35
3
2 -582 15
3
2 277 -47
3
2 -69 56
3
1 136 842
3
1 921 800
3
1 -509 459
3
1 507 933
3
2 -74 52
3
2 -502 -38
3
2 587 28
3
2 -259 57
3
2 355 32
3
2 794 -61
3
2 -952 38
3
2 -290 -39
3
2 929 -39
3
1 -341 759
3
1 -307 96
3
2 -50 57
3
2 891 19
3
2 -225 52
3
2 -808 -53
3
2 -198 47
3
2 902 -51
3
2 150 38
3
2 -432 -11
3
2 659 40
3
2 15 56
3
1 862 958
3
2 -883 48
3
2 195 41
3
1 -586 135
3
2 638 -11
3
2 -300 -64
3
1 -190 642
3
2 351 -58
3
2 301 -26
3
2 -344 56
3
2 -122 23
3
1 466 453
3
2 -556 41
3
2 -884 48
3
2 861 1
3
2 -163 34
3
2 216 -2
3
2 683 32
3
2 117 32
3
2 -285 41
3
2 -830 23
3
2 -544 -28
3
2 440 -29
3
2 359 6
3
2 -571 -55
3
1 -497 3
3
2 969 17
3
2 391 0
3
2 411 38
3
2 -361 -24
3
1 -374 785
3
1 722 699
3
1 -5 144
3
1 -312 188
3
1 -272 81
3
2 -784 -54
3
2 927 -49
3
2 -454 1
3
2 548 -41
3
2 135 -2
3
2 -500 -34
3
2 570 -52
3
2 226 32
3
2 -552 -56
3
2 -598 46
3
2 -589 17
3
2 337 -62
3
2 -678 16
3
2 -901 -55
3
2 -216 -42
3
2 581 15
3
2 146 -46
3
2 498 44
3
2 -485 -41
3
2 -908 2
3
1 707 963
3
2 -747 -43
3
2 -204 34
3
1 678 884
3
2 -762 -8
3
2 -276 7
3
2 226 -7
3
2 953 -9
3
2 364 -48
3
2 708 -64
3
2 -337 -45
3
1 31 363
3
2 -847 -2
3
1 -864 36
3
2 -496 -31
3
2 -633 22
3
2 273 42
3
2 -281 25
3
2 1004 -44
3
2 -8 -45
3
2 -844 12
3
2 -554 -58
3
2 -853 5
3
2 -368 7
3
1 1024 107
3
1 34 576
3
1 -197 307
3
2 -547 -29
3
1 1018 953
3
2 -84 -41
3
2 361 -30
3
1 -527 691
3
2 -422 45
3
2 985 -44
3
2 786 -21
3
1 780 677
3
2 -334 42
3
2 231 -48
3
2 355 55
3
1 913 462
3
2 53 -16
3
2 1022 -56
3
1 266 331
3
1 522 798
3
2 927 -41
3
2 985 -58
3
2 -450 39
3
2 481 -49
3
2 -602 43
3
2 -645 53
3
2 -170 23
3
2 492 -3
3
2 787 6
3
1 -139 117
3
1 934 551
3
2 418 -2
3
2 908 -42
3
2 159 63
3
1 -840 0
3
2 977 -8
3
2 917 -41
3
2 -147 15
3
1 -182 8
3
1 -634 65
3
2 -6 -43
3
1 -584 893
3
2 972 -64
3
2 -794 38
3
1 -529 47
3
2 586 -35
3
2 390 -46
3
1 -552 451
3
2 319 33
3
1 707 205
3
2 -915 33
3
2 990 -60
3
2 -275 -29
3
1 473 427
3
2 -382 29
3
2 -881 41
3
2 -132 -11
3
2 -354 -58
3
2 -32 -37
3
2 -941 -15
3
2 368 46
3
2 728 13
3
2 559 -45
3
2 255 16
3
2 488 -64
3
1 418 21
3
2 509 61
3
1 143 975
3
2 -317 -20
3
2 -27 -5
3
1 -648 598
3
1 889 148
3
1 -610 626
3
1 948 417
3
2 -354 -14
3
2 -945 -12
3
1 -241 852
3
2 100 23
3
2 550 -19
3
1 -108 889
3
1 -143 188
3
2 41 21
3
2 410 30
3
2 -336 5
3
2 325 -35
3
2 986 -4
3
2 -259 -63
3
2 558 -22
3
2 7 -27
3
2 -918 -44
3
2 -598 -38
3
2 310 -20
3
2 999 -50
3
1 -536 12
3
2 60 -4
3
2 199 23
3
2 -212 1
3
1 -153 391
3
2 519 60
3
2 464 56
3
1 677 736
3
2 -513 -64
3
2 344 -18
3
2 -948 -45
3
1 -368 685
3
1 -830 322
3
1 -720 648
3
2 -791 -5
3
1 594 732
3
1 -113 113
3
2 566 52
3
2 438 27
3
1 -457 866
3
2 341 -48
3
2 -578 49
3
1 695 823
3
2 536 -62
3
2 224 42
3
1 827 241
3
2 305 -61
3
2 -724 39
3
2 -810 61
3
2 870 42
3
2 -833 3
3
2 -308 14
3
2 -568 6
3
2 635 59
3
2 -1010 -13
3
1 -21 732
3
2 -489 37
3
2 98 25
3
2 -656 6
3
2 -191 -20
3
1 302 666
3
1 898 80
3
1 -819 515
3
2 467 -31
3
1 -62 540
3
1 -636 692
3
2 -660 57
3
1 -760 272
3
2 -371 27
3
2 946 57
3
2 -852 34
3
2 211 -17
3
2 482 17
3
2 144 -34
3
2 -266 -55
3
1 -526 408
3
2 -832 -34
3
2 145 53
3
2 144 30
3
1 -621 744
3
2 -768 5
3
2 -618 40
3
2 -991 -61
3
1 105 435
3
1 233 492
3
2 432 34
3
2 -343 -55
3
1 491 751
3
1 983 17
3
2 477 54
3
2 319 -8
3
2 298 43
3
1 -225 176
3
2 492 47
3
2 354 55
3
2 -701 24
3
2 277 58
3
1 578 582
3
2 466 30
3
2 596 41
3
1 376 302
3
2 -533 -1
3
2 -384 -46
3
1 -232 685
3
2 579 5
3
2 759 -13
3
1 294 626
3
2 -623 29
3
2 -824 -37
3
1 349 87
3
2 -799 -13
3
2 -425 -34
3
2 -173 15
3
2 -8 -8
3
2 686 -9
3
2 -931 -9
3
1 -329 563
3
2 -924 27
3
2 336 16
3
1 847 713
3
2 63 59
3
2 864 22
3
2 -37 58
3
2 -305 42
3
2 41 61
3
2 -182 -8
3
2 -650 29
3
2 -575 51
3
1 -404 302
3
2 331 -25
3
2 174 -62
3
2 -1009 1
3
2 344 -40
3
2 -759 -38
3
2 -455 56
3
2 -724 43
3
2 217 -32
3
1 -411 676
3
1 -671 446
3
2 -874 21
3
1 353 483
3
2 676 23
3
2 -845 -17
3
1 -283 519
3
2 -208 -4
3
2 65 33
3
2 629 -58
3
2 644 -2
3
2 722 34
3
2 686 -7
3
1 -152 1004
3
2 831 -43
3
2 -623 17
3
1 59 412
3
2 -1014 -47
3
2 -214 44
3
1 739 48
3
2 -342 -43
3
2 -446 -36
3
2 535 -14
3
2 -654 37
3
1 -253 901
3
2 728 58
3
2 -440 -20
3
2 94 33
3
1 -687 232
3
1 593 95
3
1 -973 833
3
2 -674 -37
3
1 820 745
3
2 -439 -41
3
1 1023 36
3
2 249 -37
3
2 1003 47
3
2 441 -32
3
1 404 433
3
1 -68 696
3
2 678 11
3
2 -299 -31
3
2 796 -55
3
2 -987 -13
3
1 -676 580
3
2 1021 5
3
2 921 -61
3
2 105 -14
3
2 -902 34
3
2 -266 46
3
2 702 -12
3
1 636 769
3
2 -398 -46
3
2 -839 58
3
2 -318 2
3
1 -625 833
3
2 -7 -4
3
2 -441 -61
3
2 727 40
3
2 -775 -63
3
2 -769 59
3
2 284 -12
3
2 -339 -6
3
1 -280 931
3
1 532 852
3
2 48 -63
3
2 -971 -37
3
2 -499 -2
3
1 368 438
3
2 498 13
3
1 847 690
3
2 555 -58
3
1 349 416
3
2 512 1
3
1 56 353
3
2 -669 -39
3
2 -131 -10
3
2 541 -21
3
1 942 884
3
1 -856 351
3
2 -1022 60
3
1 635 940
3
2 -372 32
3
2 -857 2
3
2 904 31
3
2 -532 63
3
2 -154 20
3
1 -18 659
3
2 459 -2
3
2 467 -2
3
2 -257 -52
3
2 -434 -30
3
2 -292 -11
3
2 855 47
3
2 164 2
3
1 -295 468
3
2 -987 -38
3
2 -321 -13
3
2 179 -28
3
2 -657 54
3
2 232 54
3
2 619 18
3
2 -479 -38
3
2 -150 -34
3
2 -444 -33
3
2 743 63
3
1 -842 890
3
2 302 -14
3
2 620 40
3
2 29 -48
3
2 233 36
3
2 723 20
3
2 -940 -25
3
1 -517 7
3
1 -402 119
3
2 -716 28
3
1 571 441
3
2 230 -26
3
2 806 13
3
1 -316 550
3
1 -619 88
3
1 -874 817
3
2 -1001 -51
3
2 -780 -18
3
2 -381 -27
3
1 -665 140
3
2 122 -40
3
2 993 10
3
2 -423 -56
3
1 -872 13
3
1 12 336
3
2 -612 46
3
2 948 17
3
1 115 969
3
2 326 -52
3
2 -914 -55
3
2 213 -30
3
2 -721 -38
3
2 170 -45
3
1 -590 225
3
2 -924 25
3
2 937 -40
3
2 -944 64
3
1 691 745
3
2 713 -47
3
2 770 13
3
2 -367 30
3
2 -589 25
3
1 333 25
3
2 -892 29
3
2 29 61
3
2 -595 30
3
1 971 146
3
1 -884 488
3
2 -793 -57
3
1 -160 540
3
1 -164 265
3
2 -682 -40
3
2 303 -41
3
2 -706 -34
3
1 30 289
3
1 986 533
3
2 -1013 54
3
2 -921 -54
3
2 354 20
3
2 574 29
3
2 876 -25
3
1 960 224
3
1 105 101
3
1 -494 826
3
2 -916 28
3
1 -547 379
3
2 -1013 -5
3
2 329 57
3
2 -953 19
3
1 -561 914
3
2 737 -4
3
1 15 113
3
2 -244 -26
3
2 -219 51
3
2 -802 -49
3
2 -940 -57
3
1 -203 936
3
2 843 30
3
1 288 402
3
1 -611 780
3
1 -478 930
3
1 -1014 804
3
1 -852 325
3
2 -714 24
3
1 230 58
3
1 475 661
3
2 -532 13
3
2 -729 -45
3
2 -526 7
3
2 943 -21
3
2 -357 -44
3
2 -990 -15
3
2 -1020 22
3
1 -342 223
3
1 -474 435
3
1 -796 764
3
2 -318 -47
3
2 -565 5
3
1 -185 436
3
2 383 -48
3
2 -449 5
3
2 619 30
3
2 16 -16
3
2 570 42
3
1 525 708
3
2 -408 12
3
2 416 -54
3
2 234 33
3
2 -113 -36
3
2 -337 22
3
2 -24 29
3
2 -677 13
3
1 787 718
3
2 954 -15
3
2 -377 23
3
2 -415 22
3
2 290 -39
3
2 -330 37
3
2 580 4
3
2 445 -59
3
1 -815 435
3
1 26 522
3
1 -581 111
3
1 439 636
3
2 185 8
3
2 231 60
3
2 -218 2
3
2 -457 -21
3
2 -537 53
3
2 -132 -47
3
2 628 -54
3
1 784 400
3
2 -71 -13
3
2 640 55
3
2 926 2
3
2 -737 58
3
2 -146 51
3
2 552 -17
3
2 -456 -58
3
2 -212 -51
3
2 -588 -39
3
2 -584 -57
3
2 -877 -36
3
1 856 770
3
2 -65 21
3
2 80 49
3
1 877 437
3
2 55 -43
3
2 357 -36
3
2 -199 52
3
1 -143 445
3
2 -291 39
3
2 408 -8
3
1 348 186
3
2 480 -53
3
1 478 168
3
2 572 32
3
2 543 -40
3
2 -64 7
3
1 -764 978
3
2 -151 16
3
2 353 -9
3
2 -5 -25
3
2 -271 27
3
1 -830 236
3
2 -755 59
3
2 752 -31
3
1 -39 641
3
2 496 -52
3
2 364 63
3
2 -133 -63
3
2 -48 -41
3
2 -476 15
3
2 -758 -10
3
2 476 14
3
2 -427 37
3
2 200 35
3
2 673 42
3
2 535 -49
3
1 654 529
3
2 320 23
3
2 -610 -53
3
2 133 36
3
1 -117 765
3
2 13 -5
3
2 -534 55
3
2 -256 -27
3
2 -118 -28
3
2 936 62
3
2 -745 56
3
2 -802 39
3
2 -923 -44
3
1 269 202
3
2 -817 47
3
2 160 -44
3
2 -705 27
3
2 955 -14
3
1 259 126
3
2 239 -47
3
2 880 -28
3
2 496 -61
3
2 490 -40
3
1 -722 552
3
2 -543 -51
3
2 780 27
3
1 139 326
3
2 -846 -25
3
2 -437 37
3
2 1014 17
3
1 969 288
3
1 594 539
3
2 722 -23
3
1 742 981
3
1 786 875
3
1 227 464
3
1 -924 329
3
2 -639 5
3
2 -711 14
3
2 280 -12
3
1 -830 119
3
2 -174 43
3
2 931 -32
3
2 27 -45
3
2 -570 60
3
2 -139 -2
3
1 -57 798
3
1 -518 769
3
1 458 659
3
1 -456 595
3
1 -460 695
3
2 814 21
3
1 276 749
3
2 -561 -11
3
2 656 -62
3
2 310 13
3
2 717 41
3
2 480 -44
3
1 -224 969
3
2 218 36
3
1 -767 594
3
1 352 423
3
2 -954 32
3
2 648 7
3
2 777 -50
3
2 -807 22
3
2 223 24
3
2 379 -64
3
2 -464 -44
3
2 -457 26
3
2 167 -44
3
2 580 -38
3
2 93 31
3
2 151 57
3
2 -756 53
3
2 -126 22
3
2 879 1
3
2 665 -3
3
2 249 -27
3
2 601 18
3
2 -271 -37
3
2 246 -8
3
2 -107 53
3
2 -543 -45
3
2 426 16
3
2 895 -28
3
1 662 885
3
2 956 23
3
1 -817 777
3
2 -782 4
3
2 -772 -52
3
2 495 -35
3
2 -214 37
3
1 757 289
3
1 983 314
3
2 -297 -56
3
2 721 5
3
1 674 827
3
2 -572 7
3
1 618 600
3
1 -824 154
3
2 -634 27
3
1 -792 401
3
2 -694 -60
3
1 324 661
3
2 -544 50
3
1 674 767
3
2 -776 -31
3
2 -646 -25
3
1 -734 972
3
2 -953 -48
3
2 -36 7
3
1 -299 807
3
1 201 851
3
2 408 43
3
2 747 41
3
2 -960 -33
3
1 -978 721
3
1 114 435
3
2 -39 12
3
2 -683 -52
3
2 -28 -62
3
1 -653 43
3
2 302 44
3
2 -505 46
3
2 -41 21
3
1 -654 343
3
2 940 -32
3
1 802 602
3
2 411 25
3
1 -640 51
3
1 410 123
3
2 -658 -63
3
2 -27 28
3
2 72 2
3
2 988 -59
3
2 -897 -57
3
1 212 296
3
2 980 12
3
1 -778 373
3
2 -161 -6
3
1 854 924
3
1 -843 57
3
2 -942 -15
3
1 247 352
3
1 571 763
3
2 775 -42
3
1 -101 831
3
1 40 64
3
2 -739 36
3
2 -939 -33
3
2 -732 -20
3
2 -658 60
3
2 -858 49
3
2 -517 41
3
2 -653 16
3
2 -795 52
3
2 -572 -60
3
2 -582 -45
3
2 1002 35
3
2 1005 18
3
1 -699 974
3
1 -116 467
3
1 559 611
3
1 -749 803
3
2 -383 53
3
2 597 -53
3
2 780 22
3
2 379 11
3
2 -139 -18
3
2 497 -4
3
2 -948 -17
3
2 -545 0
3
2 861 10
3
1 -744 685
3
1 521 664
3
2 -920 -56
3
1 830 412
3
2 36 -22
3
2 -190 -64
3
1 -586 316
3
2 -555 4
3
2 -317 61
3
2 -18 52
3
2 -4 -40
3
2 746 21
3
1 -471 397
3
1 673 171
3
2 532 61
3
2 -452 -49
3
2 772 38
3
2 -939 9
3
1 -648 64
3
2 1016 -62
3
1 513 878
3
2 681 57
3
2 112 32
3
2 -597 -2
3
2 870 25
3
1 -743 621
3
2 59 33
3
2 -325 -24
3
1 743 890
3
2 668 5
3
2 -201 -43
3
2 978 -54
3
2 629 61
3
2 392 50
3
2 586 20
3
2 734 19
3
2 -891 41
3
2 247 18
3
1 7 906
3
2 633 -54
3
1 -455 320
3
2 837 -56
3
2 645 4
3
2 35 11
3
2 703 32
3
2 107 -58
3
2 -155 6
3
2 176 60
3
2 672 48
3
2 687 -59
3
2 724 -17
3
2 -242 50
3
2 -1016 -1
3
2 -462 54
3
2 -713 20
3
2 636 -30
3
2 283 45
3
2 335 -54
3
2 980 -37
3
2 -626 -17
3
2 -742 58
3
2 944 -41
3
2 799 -44
3
2 -548 27
3
2 368 38
3
2 -990 -64
3
2 -815 61
3
2 514 -4
3
1 -342 992
3
2 -303 11
3
1 -273 862
3
2 317 27
3
2 768 24
3
2 187 -3
3
2 -365 -5
3
2 837 3
3
2 -708 17
3
2 -546 -36
3
1 -550 551
3
2 465 24
3
2 623 -20
3
2 650 20
3
1 -722 128
3
1 102 409
3
2 -414 2
3
2 -421 -13
3
2 -820 57
3
1 209 457
3
2 -586 3
3
2 850 37
3
2 815 -60
3
2 -919 -30
3
2 177 14
3
2 -732 -45
3
2 415 5
3
2 914 18
3
2 799 -32
3
2 -232 -2
3
1 -642 282
3
2 253 33
3
1 613 769
3
2 -347 41
3
2 250 -15
3
1 100 504
3
2 413 28
3
2 -713 -28
3
2 122 -34
3
2 159 -63
3
2 390 58
3
2 -760 -34
3
2 760 13
3
2 -62 -29
3
1 -15 129
3
2 -334 63
3
2 -405 -26
3
2 383 -11
3
1 71 589
3
2 914 -45
3
2 -465 11
3
2 469 9
3
2 982 41
3
2 -161 -24
3
2 -293 -17
3
2 -262 -3
3
1 -287 668
3
2 559 47
3
2 -908 -38
3
1 208 636
3
2 603 -60
3
2 146 9
3
1 115 34
3
2 -414 -61
3
1 774 513
3
1 -682 818
3
1 -72 431
3
2 -569 17
3
2 188 17
3
1 783 451
3
1 350 969
3
2 -208 64
3
2 910 10
3
2 -146 35
3
2 -878 31
3
2 -787 -16
3
2 817 31
3
1 -56 507
3
2 49 -10
3
1 -333 632
3
2 736 19
3
2 743 62
3
2 -868 14
3
2 -42 -37
3
2 -526 -35
3
1 460 114
3
1 -419 886
3
2 647 -33
3
2 -904 29
3
2 679 -42
3
2 992 25
3
1 640 96
3
2 -746 12
3
1 -488 251
3
1 -538 657
3
1 -634 744
3
2 591 -30
3
2 -7 38
3
2 75 15
3
2 -512 -16
3
2 40 4
3
2 32 0
3
2 -744 -37
3
2 158 -32
3
2 544 -23
3
1 -977 485
3
2 443 59
3
2 -526 17
3
2 -866 63
3
2 -16 -7
3
2 665 54
3
2 889 -60
3
2 -138 29
3
2 -209 4
3
2 -904 36
3
2 837 -6
3
2 351 3
3
1 -219 122
3
1 286 904
3
2 -62 -48
3
2 -585 42
3
2 -291 -52
3
2 -589 -41
3
2 -689 39
3
2 -566 24
3
2 -246 52
3
2 -365 40
3
2 -843 29
3
1 -663 923
3
2 -263 -43
3
2 869 15
3
2 726 -46
3
2 363 -25
3
1 60 758
3
2 -23 -57
3
2 143 -44
3
1 95 967
3
1 786 695
3
1 155 366
3
2 409 39
3
2 -5 -33
3
1 90 993
3
1 558 14
3
2 749 6
3
2 -59 -49
3
1 -722 706
3
2 110 24
3
2 -798 12
3
2 433 39
3
1 -522 905
3
2 -138 -53
3
2 -539 -42
3
2 -478 37
3
1 991 714
3
1 619 847
3
2 401 61
3
1 603 33
3
1 -165 624
3
2 -697 34
3
2 -120 18
3
1 278 750
3
2 -170 20
3
2 285 -3
3
2 -43 -43
3
2 444 47
3
2 -328 14
3
1 -166 351
3
2 -1024 58
3
2 444 -31
3
2 -728 48
3
2 991 5
3
2 -550 7
3
2 372 8
3
1 731 943
3
2 -261 -13
3
1 921 591
3
2 -542 33
3
2 -955 7
3
2 -90 49
3
1 435 712
3
2 612 58
3
2 -210 -26
3
2 -10 15
3
2 736 26
3
2 968 21
3
2 794 -19
3
2 614 31
3
2 -504 11
3
2 860 15
3
1 -89 158
3
2 -398 19
3
1 213 30
3
2 547 -26
3
2 378 42
3
1 -338 61
3
2 -133 64
3
2 -358 62
3
1 -668 839
3
2 986 27
3
2 952 -4
3
1 37 66
3
2 770 -64
3
2 -986 38
3
1 264 793
3
2 -895 -25
3
2 -628 57
3
2 963 37
3
1 -764 190
3
1 921 785
3
2 805 38
3
1 -678 845
3
2 159 14
3
2 32 47
3
2 -46 28
3
2 -874 38
3
1 563 394
3
2 962 -62
3
2 -601 -47
3
1 -20 810
3
2 492 -37
3
2 -179 -46
3
2 129 -51
3
2 94 30
3
1 -763 803
3
2 497 8
3
1 463 315
3
1 538 916
3
2 364 3
3
1 809 147
3
1 -214 326
3
2 807 -45
3
2 -189 39
3
2 -383 -13
3
2 -761 15
3
1 -36 424
3
2 -126 -14
3
2 901 -48
3
2 -603 -14
3
1 235 910
3
2 -276 32
3
1 -307 24
3
2 -534 27
3
2 737 23
3
1 -48 440
3
2 652 -44
3
1 -600 417
3
1 346 688
3
1 -671 976
3
2 869 -23
3
2 337 11
3
2 -239 7
3
1 -525 170
3
2 120 -42
3
2 253 13
3
2 135 52
3
2 776 10
3
1 -948 447
3
2 -912 38
3
1 -801 884
3
1 -318 538
3
2 834 -48
3
2 -124 40
3
1 -818 708
3
2 -96 -43
3
2 -768 29
3
2 205 23
3
2 -379 -27
3
2 944 18
3
2 496 -44
3
1 -976 160
3
2 863 -45
3
2 583 50
3
2 211 28
3
2 996 -39
3
2 -183 8
3
2 -114 61
3
2 -421 -12
3
2 266 40
3
1 -260 1013
3
2 -618 55
3
2 552 -9
3
1 450 936
3
1 600 318
3
2 99 -13
3
2 735 57
3
1 -942 699
3
2 454 -32
3
2 901 -60
3
1 1 395
3
1 537 386
3
2 -883 21
3
2 -863 -64
3
2 -552 -19
3
2 -768 -54
3
2 441 -34
3
2 -253 13
3
2 427 37
3
2 -971 -62
3
2 83 57
3
1 -14 214
3
2 -189 50
3
1 -602 680
3
2 -159 62
3
1 -185 785
3
2 828 -42
3
1 136 100
3
2 186 -42
3
1 43 243
3
1 -26 441
3
2 231 -28
3
2 -316 -54
3
2 934 48
3
1 -693 219
3
2 -498 -13
3
2 -944 -8
3
2 -784 21
3
1 -960 803
3
2 518 40
3
2 -59 58
3
2 896 -24
3
2 334 -20
3
2 956 28
3
2 -148 -9
3
2 -969 43
3
2 -738 57
3
2 -552 55
3
2 -150 -7
3
2 -644 -36
3
2 582 -21
3
2 -489 13
3
1 -284 214
3
2 -530 -1
3
2 -805 6
3
1 782 507
3
2 460 40
3
1 592 314
3
2 291 47
3
2 -257 56
3
2 -1011 -9
3
2 -460 -14
3
1 604 160
3
2 839 11
3
1 -870 908
3
2 419 59
3
2 -402 55
3
2 331 55
3
2 810 6
3
2 587 -40
3
2 -332 13
3
2 -471 30
3
2 -981 50
3
1 -504 219
3
2 378 28
3
2 -18 6
3
2 924 13
3
2 -95 34
3
1 -41 982
3
2 -602 18
3
2 652 59
3
1 717 718
3
2 640 55
3
2 650 53
3
2 -808 -8
3
2 70 -48
3
2 994 29
3
2 887 -58
3
2 -685 10
3
2 -356 -50
3
2 80 27
3
2 123 22
3
2 338 -15
3
1 304 20
3
2 860 23
3
2 623 -11
3
2 14 59
3
2 677 -28
3
2 384 -40
3
2 -57 -42
3
2 -570 -3
3
2 561 2
3
1 816 706
3
2 -272 -49
3
1 376 697
3
1 -446 783
3
2 -707 7
3
2 517 53
3
