1111
24 819
9 381
-2 -987
31 -842
31 -313
-2 452
24 614
30 617
9 -612
-12 501
-14 -43
-15 -327
-9 241
26 -755
31 -800
13 -616
-8 -5
-20 790
-18 -762
4 -684
29 -637
13 755
-16 -662
8 -397
15 -333
-1 511
-25 776
27 257
30 738
32 -940
9 435
21 469
-32 257
30 -50
-20 -843
-1 -557
4 -454
31 34
29 -479
17 -342
4 -259
13 860
-31 353
-21 -2
-6 619
28 -508
25 -962
-24 -565
18 -318
-21 -699
8 -837
-23 -593
29 991
-31 -359
16 -409
5 -812
-28 -533
-30 361
27 -883
-25 -626
-7 953
-5 278
22 -662
-18 -203
10 -390
8 -605
-25 403
-1 -470
27 805
30 -655
-9 -1019
-31 -273
22 -906
5 318
-14 447
-27 -5
21 607
31 -146
-27 499
-11 1014
9 -739
-30 -94
16 -277
22 546
-26 -881
-8 411
-7 985
29 646
-2 739
30 850
-14 -881
-3 537
4 -930
17 182
11 43
-6 701
-29 -444
-27 1017
-29 43
4 -705
21 -84
11 -690
-7 356
-4 -557
-19 -617
9 232
-2 627
6 788
4 -377
15 289
-1 -395
3 -518
11 -964
-4 489
8 12
29 801
29 -511
9 829
-14 579
-18 940
2 566
-32 -1024
32 916
-25 -648
-32 223
19 717
-31 630
-26 -499
32 697
-3 -744
1 -227
-28 636
-29 680
21 -893
24 -311
25 -316
27 194
-3 -90
1 474
-2 -400
-5 951
-29 -1013
7 515
-22 -802
11 526
-13 383
-29 -977
14 -439
-23 947
-2 961
6 -261
-4 -647
-15 -694
-3 -1006
-2 61
-11 476
-18 959
-8 32
3 512
0 -901
-19 244
-4 -200
-20 501
-6 506
14 77
-8 35
-14 64
26 -250
14 188
-10 -851
-11 -613
-25 -276
-27 111
-3 -229
-29 -503
24 124
17 401
6 545
0 -716
-10 -212
25 981
5 -823
5 -789
15 926
26 232
1 159
19 723
22 -548
-23 -362
2 -80
-18 654
1 925
16 -33
-32 -605
-25 983
0 661
-24 -482
-18 -577
8 -723
-29 688
-26 -601
19 -873
-18 -807
18 957
27 363
5 527
18 921
-20 -490
-18 -665
20 139
8 648
-8 745
-4 -900
1 -594
7 -1019
8 446
-23 -596
7 551
-27 201
14 500
17 848
-20 43
-5 429
-28 607
8 1018
-32 82
-18 -504
-29 295
-30 995
20 -466
-25 307
-8 917
27 -447
8 868
-5 -610
-32 829
13 346
17 -43
7 936
18 -998
16 -739
3 34
-20 422
13 -86
-22 29
28 -144
30 -59
6 46
-9 192
25 -240
8 233
32 331
-24 -76
-3 -184
7 851
-31 253
-30 -50
-9 918
-20 615
1 253
7 792
13 980
21 882
-2 227
5 -109
-32 -882
-14 575
2 702
20 -776
-22 847
-16 -664
22 187
18 -151
4 170
-13 399
-7 -430
7 20
0 -637
-3 -985
11 -74
-7 -424
-17 -971
15 29
-28 650
19 248
31 -161
-2 -478
-11 919
-31 -407
-13 346
-29 -537
-14 672
23 466
-24 384
20 -375
-12 435
0 -647
23 -136
-9 -294
19 -342
-19 474
-21 -462
7 35
31 -633
-1 9
-32 -892
-32 -370
-17 1003
-25 327
-21 -423
-17 -353
-25 -336
-27 500
-31 -595
29 43
7 160
6 -929
25 513
-10 667
25 271
-22 -406
-5 659
-18 -329
-30 -169
-26 999
-16 973
14 -68
-25 669
-6 165
-16 637
28 -864
4 -812
11 496
16 899
-10 -931
26 814
4 -476
13 447
-31 574
-21 -296
31 198
0 682
21 -736
3 561
16 -624
7 149
12 -53
-18 817
10 -962
-5 580
12 -700
2 -669
11 818
-27 67
-30 56
23 -622
14 447
15 384
32 -126
21 -347
-25 -930
-3 -190
9 -349
-21 -29
14 295
-15 893
26 408
11 468
-28 2
-12 568
-30 818
-24 824
5 6
-12 -561
-19 617
-10 -871
7 -82
-24 752
3 -434
1 306
27 248
13 -544
7 -114
-3 -680
-20 970
21 969
32 -166
-32 -533
23 953
-18 -281
0 559
-5 -281
-6 -165
-11 45
25 168
-18 -738
9 524
9 560
-12 -335
31 -728
27 280
17 886
19 -14
2 -47
-24 -741
16 971
-9 -969
14 294
15 -377
15 316
26 -848
-6 206
25 857
22 86
-22 -891
17 -379
12 -401
32 -1010
-13 348
-22 523
-10 -874
-30 -576
-25 646
-1 -929
22 56
-3 571
-21 -522
-11 420
29 6
-12 -680
-30 376
-18 552
8 -552
-17 -440
20 -1004
-10 -598
-10 40
24 888
-20 592
-13 -70
5 -141
21 -657
10 -259
23 183
-10 781
17 -626
-14 493
-20 -918
-16 -20
23 -264
23 -763
-18 -341
10 12
12 474
-3 1019
28 -798
20 905
21 214
26 357
-26 905
27 412
14 757
26 206
-23 -691
-12 -1007
-17 -326
-15 232
-3 579
3 -119
18 -689
-22 -80
-29 240
-2 644
-2 -67
7 -687
11 601
-1 -419
17 -906
-15 -340
3 484
31 -503
22 -45
-17 -508
-21 486
-4 -463
19 784
12 359
7 793
18 -572
7 979
10 28
28 3
11 -648
4 -605
12 -451
6 225
27 -475
27 -713
15 713
29 950
-26 82
22 -293
9 708
32 -93
2 -822
21 414
27 930
-8 863
1 26
4 -706
-29 136
23 669
7 -301
-23 -810
27 241
6 662
27 -175
21 -773
26 -155
32 157
-3 532
11 277
9 -549
28 -305
-31 -652
-9 -437
12 -981
-27 -855
-30 700
12 -358
-8 525
30 -273
14 -352
24 883
7 137
-26 564
17 74
-6 82
24 443
6 -487
24 -723
-32 -725
-19 -180
26 -425
-8 -172
-19 -76
26 32
-26 703
31 654
-14 -827
25 -960
11 948
-19 -959
-25 -849
0 806
-31 -213
11 301
29 427
-21 43
-25 -384
-3 -270
-11 736
3 -297
-32 -45
-5 -562
-21 636
15 -623
-32 154
31 564
-27 -48
22 18
23 -597
-20 850
-6 -585
14 344
27 -774
26 -917
5 349
15 -649
-30 -857
28 -569
1 -171
-27 -686
11 813
13 824
3 -289
27 503
-26 137
-16 -543
-3 -829
-28 -905
-20 387
12 408
-1 -476
-8 527
6 -939
17 -16
-30 816
11 409
29 -312
0 856
32 -999
28 -974
0 -362
7 -798
-21 844
-7 -745
13 -965
-22 -82
2 -577
17 812
25 -621
-15 -578
-6 606
11 286
-9 38
23 205
7 963
-3 226
32 -238
-25 -590
19 285
6 301
10 377
14 -72
-11 -361
-11 844
-32 -1
-21 -788
7 608
18 -639
-32 639
-8 -314
-2 334
17 666
29 364
14 -834
-4 790
-15 -31
-27 197
-12 967
-1 -901
10 -634
-13 28
28 -298
11 125
30 -255
-7 167
-11 830
-19 -145
-9 -940
-32 -477
30 -670
-5 -259
4 -570
-15 -805
27 799
3 159
-16 978
-4 280
20 -715
29 -256
24 -879
-23 510
-19 923
-10 -603
6 -954
11 258
23 -768
20 -276
6 962
-12 -429
22 -737
-22 -636
14 -84
-11 -616
17 562
-11 281
8 62
24 -367
23 -381
-6 969
8 -513
-32 -398
-20 -311
27 -58
26 295
-8 362
-28 -757
25 310
-22 -117
-9 922
2 -154
8 127
-22 456
32 -643
17 326
0 -748
2 15
25 -956
-8 229
6 867
-30 36
-28 593
2 -581
29 1000
-17 -939
12 -254
31 -974
26 -673
20 -368
-18 -443
-11 -479
32 283
-14 -801
10 -247
13 361
29 464
-15 312
24 189
-30 -88
2 -968
-24 -988
-31 -72
4 -838
-13 -944
23 500
32 -736
-15 -530
-25 -442
27 -615
-20 659
-29 442
-9 -882
-19 -381
-24 997
-27 1007
3 552
29 -681
-10 105
1 248
26 -164
-19 335
7 769
26 -330
-30 524
2 149
-4 -687
-5 -256
26 -703
-25 299
27 943
16 323
-4 -212
-31 -73
-18 685
0 -946
31 922
-28 133
-21 -805
-11 -31
19 907
0 901
-1 710
-28 -838
4 8
-2 300
-6 767
30 -114
31 778
13 447
6 -13
-10 -66
27 -597
-21 551
-7 -130
-9 365
-6 -898
-5 996
17 -651
-14 330
13 -381
22 309
-32 228
-31 -597
21 7
-20 419
28 -649
-32 902
32 420
30 -600
12 949
5 -983
-22 518
32 886
3 683
-14 -263
-28 308
-5 -850
29 240
-28 -507
-23 -61
-19 752
23 266
26 605
-8 -479
-16 -561
-20 -230
-17 -505
25 -1019
-14 668
3 -965
12 -35
14 450
13 -120
4 -796
-2 -89
-28 -715
19 -543
26 267
19 749
7 68
-6 770
25 692
-21 126
26 646
-21 -664
-27 -339
-28 -463
-32 -48
0 -225
5 -699
-14 -677
11 -164
6 186
23 891
24 404
-4 610
-15 797
29 -98
-27 975
32 180
-10 742
-19 -388
25 -48
-19 207
22 -768
-7 -587
-3 143
-16 -616
8 -648
-3 -785
5 -815
21 -607
-16 103
-10 -633
10 -157
12 -660
-5 -612
-6 863
-23 -971
15 -422
-4 -959
-24 -623
-19 -223
-32 25
1 -453
-10 -603
-6 90
31 -775
29 -379
-29 -779
12 700
8 49
10 75
-2 -61
12 957
20 -75
-10 45
-30 -818
-8 -914
-6 -537
4 496
-29 -74
30 -302
10 266
-9 305
4 -705
-3 98
-19 -956
-18 769
30 -724
27 549
-30 -325
17 -985
23 928
-23 -400
-27 832
-28 -750
11 682
-23 422
32 828
-28 436
9 194
16 -533
12 -831
4 782
25 425
-4 -306
18 -124
-31 493
-9 908
28 -854
26 701
5 449
-27 -95
28 795
-12 60
11 344
5 227
25 4
-5 559
30 -111
30 -444
-19 -966
10 341
-8 236
-4 131
-1 939
-9 -172
30 679
23 722
4 -46
29 -882
-18 -500
12 108
21 -748
3 290
-7 -399
-16 -765
-16 -211
25 722
29 -713
32 945
14 661
2 78
22 505
7 -773
7 557
9 -781
-25 250
30 -439
-4 506
19 -846
-28 208
0 -746
30 14
-32 22
17 830
-8 39
-9 202
-18 781
-10 -620
7 -371
-6 913
22 -6
7 225
0 -873
-12 429
27 838
-8 -770
15 -904
21 -443
-13 -943
18 85
-23 340
9 -787
-8 -542
-19 103
31 -959
-15 -16
-24 641
10 -387
28 940
28 609
-8 678
-15 -691
11 -405
25 430
16 276
12 308
20 -223
-16 199
-12 674
-21 883
-26 -732
-20 -738
-9 -973
27 -324
23 454
-21 -305
-19 636
-7 907
7 431
25 -94
30 314
-16 -726
27 -265
-32 -674
-31 287
7 636
12 -973
-6 -24
10 823
-7 69
-19 449
16 872
-28 817
-13 -222
-4 -983
-30 419
18 -614
-19 -577
24 -322
28 41
-5 -530
-28 33
-8 -449
-20 648
20 -339
5 113
-21 992
-3 -854
1 715
29 -16
30 145
-9 -424
-11 -417
-4 -837
20 -204
-23 -261
30 906
-8 -189
13 292
-8 830
-23 -362
4 576
-11 391
5 -634
21 695
20 -698
2 -760
4 883
18 -75
-25 645
-8 275
23 -1013
-3 -870
13 -412
19 -231
13 -112
-27 -177
-13 -988
-11 185
-15 296
-5 -224
29 -328
-14 -1013
23 400
1 -936
11 681
-17 -108
-14 -1018
18 -510
27 1005
-24 -501
3 -823
26 -181
10 49
14 665
-7 885
32 454
-22 -543
23 -426
-7 401
-30 -635
-13 26
10 -275
-29 839
7 -373
-31 522
7 -337
28 498
-4 449
18 -513
2 -134
-11 -493
3 -609
22 272
1 -667
18 -348
-11 217
25 3
12 736
-7 -332
25 -900
-32 -511
-30 401
-30 295
5 -492
9 -85
3
2 -872 53
3
2 -969 22
3
2 -468 -53
3
1 -303 1104
3
2 912 36
3
1 111 924
3
2 473 -38
3
1 987 705
3
2 461 24
3
2 994 -32
3
1 -657 985
3
2 61 47
3
2 -487 63
3
1 -874 1013
3
2 -20 -14
3
2 263 32
3
1 -810 195
3
2 -156 54
3
1 -127 199
3
2 -272 -27
3
2 523 -55
3
1 739 27
3
2 877 35
3
2 -755 56
3
2 687 50
3
2 -941 -8
3
1 -700 1026
3
1 1024 976
3
2 943 -15
3
2 -134 -22
3
2 -379 -55
3
2 -150 11
3
2 606 4
3
2 -114 40
3
2 460 27
3
2 -859 -64
3
2 -375 -59
3
1 850 908
3
2 215 -33
3
1 744 243
3
1 357 644
3
2 -580 -6
3
1 -980 548
3
2 718 18
3
2 -971 9
3
2 81 45
3
1 -986 772
3
2 -371 25
3
2 232 -9
3
2 -328 -40
3
2 750 -21
3
2 -620 41
3
2 -114 10
3
2 70 -38
3
2 -823 33
3
2 968 57
3
2 916 -33
3
1 -656 676
3
2 -161 17
3
2 -243 -10
3
1 500 918
3
2 -870 -14
3
2 -408 -43
3
1 957 94
3
2 -987 -51
3
2 366 28
3
2 -453 -18
3
1 -233 982
3
2 338 7
3
2 451 -10
3
1 850 134
3
2 -669 31
3
2 -588 60
3
2 -912 53
3
2 613 -35
3
1 456 292
3
2 233 -33
3
2 1009 50
3
2 -149 53
3
1 -961 173
3
2 -219 -8
3
2 -757 -11
3
2 -635 -4
3
2 -480 -56
3
1 -221 815
3
1 343 325
3
2 644 -28
3
2 -965 -62
3
2 -529 -23
3
1 -258 1089
3
2 -908 64
3
1 582 1061
3
2 -243 -11
3
2 -206 -45
3
2 -398 -59
3
1 -783 878
3
2 -481 -53
3
1 -970 129
3
2 590 4
3
2 -586 -1
3
2 51 1
3
2 278 -35
3
2 961 -7
3
2 1002 -55
3
2 -512 50
3
2 619 -50
3
1 239 521
3
1 -906 233
3
2 242 -45
3
1 973 413
3
2 838 49
3
2 -383 37
3
2 140 49
3
2 745 18
3
2 954 63
3
2 -479 -22
3
2 888 32
3
1 -962 195
3
2 -335 -1
3
1 -833 908
3
2 359 -62
3
1 795 566
3
2 -479 -44
3
1 391 757
3
2 -897 -54
3
2 -133 -33
3
1 877 836
3
2 627 -14
3
2 709 22
3
1 -850 464
3
1 1001 1070
3
2 165 9
3
1 1018 1083
3
1 -601 128
3
2 919 -13
3
2 -55 -40
3
1 169 698
3
2 804 30
3
2 944 30
3
2 320 38
3
2 928 20
3
1 -492 995
3
1 801 868
3
2 334 -39
3
2 903 -27
3
2 388 -36
3
2 872 -30
3
2 168 -26
3
1 -125 680
3
2 172 25
3
2 224 33
3
2 390 14
3
1 441 846
3
2 410 31
3
2 -850 -49
3
2 888 18
3
2 -145 12
3
2 514 -1
3
1 -94 46
3
1 -747 649
3
2 -759 58
3
2 360 12
3
2 724 -22
3
2 841 30
3
2 622 58
3
2 472 -33
3
2 -687 40
3
2 -637 -27
3
2 400 -35
3
2 -217 -9
3
2 -632 14
3
2 -429 -9
3
2 -613 61
3
2 130 -32
3
2 -428 -3
3
2 154 48
3
1 -299 896
3
2 -401 51
3
2 -1011 -60
3
2 309 12
3
2 145 -39
3
1 256 416
3
2 -504 -27
3
1 -670 744
3
1 681 322
3
2 -887 -57
3
2 124 -22
3
2 495 -16
3
2 -797 40
3
2 -260 -36
3
2 846 11
3
2 -286 29
3
2 290 -27
3
1 -802 1057
3
2 867 -42
3
2 796 -50
3
2 992 4
3
2 -767 -24
3
1 -1020 30
3
2 -393 20
3
1 -128 382
3
1 -856 483
3
2 579 53
3
2 -535 -56
3
2 -481 3
3
1 313 592
3
2 976 15
3
2 185 9
3
2 99 13
3
2 220 15
3
2 -168 -21
3
2 -407 34
3
2 -754 9
3
2 -177 62
3
2 142 59
3
1 -141 711
3
2 138 26
3
2 -435 53
3
2 172 -11
3
2 -375 -62
3
2 226 -63
3
2 259 44
3
1 976 1
3
2 616 -7
3
2 427 64
3
2 251 -63
3
1 -140 68
3
2 758 60
3
2 -895 24
3
2 539 -34
3
2 -456 -28
3
1 604 151
3
2 -212 52
3
2 -276 -45
3
2 903 -25
3
2 -231 51
3
1 734 423
3
2 -349 -52
3
1 291 923
3
2 704 15
3
2 84 32
3
1 825 245
3
2 -554 -53
3
2 316 1
3
2 -840 62
3
2 -296 -20
3
2 271 -55
3
2 -26 47
3
1 939 68
3
1 264 505
3
2 -377 17
3
2 780 -56
3
2 -105 9
3
2 -520 -29
3
1 664 873
3
2 -737 20
3
2 -375 -37
3
2 -950 49
3
2 345 -1
3
2 53 22
3
2 -775 19
3
2 -545 27
3
2 833 -11
3
2 -951 14
3
2 1000 -25
3
1 -97 334
3
1 651 545
3
2 390 22
3
2 -715 3
3
2 188 15
3
2 729 2
3
2 992 -62
3
2 -760 34
3
2 555 27
3
2 641 -1
3
1 709 288
3
2 -564 -13
3
2 168 55
3
2 -197 -18
3
1 306 666
3
1 -622 831
3
2 741 35
3
2 565 -47
3
2 280 -12
3
1 -121 485
3
2 538 -51
3
1 1008 389
3
2 914 28
3
2 -181 -36
3
2 -909 8
3
2 833 -20
3
2 -852 -22
3
2 149 -58
3
2 571 -59
3
2 1000 29
3
1 -126 653
3
1 682 761
3
2 489 36
3
1 709 220
3
1 629 100
3
2 -77 -60
3
2 345 10
3
1 838 1068
3
2 -381 -49
3
2 314 11
3
2 -20 -36
3
2 -162 39
3
1 -165 679
3
2 -372 54
3
2 -469 30
3
2 362 -25
3
2 -36 -14
3
2 613 25
3
2 -712 -19
3
1 880 978
3
2 145 6
3
1 -331 933
3
1 461 465
3
2 -663 -49
3
2 726 9
3
1 646 780
3
2 441 -19
3
2 797 -26
3
1 326 920
3
2 112 17
3
2 641 29
3
2 -774 -51
3
2 135 45
3
2 271 24
3
2 854 38
3
2 978 55
3
2 -461 63
3
2 -43 -2
3
2 1020 42
3
2 -215 -49
3
2 -871 51
3
2 567 -17
3
2 -161 -27
3
2 -145 -16
3
2 753 -3
3
2 -496 -22
3
2 55 -34
3
1 -192 138
3
2 -111 23
3
2 -927 -23
3
2 290 61
3
2 98 -42
3
2 -297 61
3
2 78 -59
3
1 -975 111
3
2 854 -2
3
2 -448 -54
3
2 -341 -21
3
1 434 279
3
2 155 -33
3
2 470 34
3
2 483 50
3
2 444 36
3
1 1002 279
3
2 -136 12
3
1 447 1078
3
1 143 810
3
1 -998 950
3
2 -456 -13
3
1 -799 471
3
2 -704 54
3
2 -530 -37
3
2 -736 49
3
2 567 -37
3
2 672 3
3
2 332 -29
3
2 76 32
3
2 983 -42
3
2 -726 64
3
2 -550 26
3
2 -441 32
3
1 915 201
3
2 -482 -1
3
2 705 -21
3
1 457 703
3
1 -666 25
3
2 751 39
3
2 676 21
3
1 -210 23
3
1 -959 663
3
2 -906 17
3
2 -92 62
3
1 -85 517
3
2 73 34
3
1 871 746
3
2 635 -11
3
2 -699 52
3
2 -939 28
3
2 -572 -62
3
2 -565 -39
3
1 843 806
3
2 -125 -17
3
1 611 971
3
2 778 32
3
2 -82 -10
3
1 -785 149
3
1 537 513
3
1 -136 270
3
2 -287 37
3
2 -640 -32
3
1 -721 736
3
2 54 43
3
1 550 204
3
2 -226 59
3
2 480 -10
3
1 563 170
3
2 -131 -9
3
1 174 299
3
2 104 -44
3
2 474 -49
3
2 -700 -63
3
2 -226 -22
3
2 780 -50
3
2 -841 -7
3
2 -917 -63
3
2 -628 43
3
1 150 253
3
2 717 -52
3
2 -377 -51
3
2 -119 -20
3
2 -611 50
3
2 526 -17
3
2 -419 -54
3
1 -274 78
3
2 714 -38
3
2 -611 20
3
2 -424 45
3
2 276 1
3
2 839 35
3
2 467 4
3
2 568 47
3
2 -89 -35
3
2 84 -28
3
2 -923 14
3
2 250 -50
3
2 -15 -47
3
2 -644 62
3
1 -742 700
3
2 377 46
3
1 -258 242
3
1 388 464
3
2 -433 -17
3
1 -899 280
3
2 -741 3
3
2 223 40
3
2 -459 -52
3
2 -344 -53
3
2 -817 62
3
2 374 38
3
2 804 10
3
1 -159 155
3
2 974 61
3
1 -395 905
3
1 950 103
3
2 637 -59
3
2 918 -10
3
2 -356 2
3
2 1002 -34
3
1 -367 444
3
2 -39 4
3
2 916 -20
3
2 1017 -23
3
1 -337 484
3
2 -501 -17
3
2 115 -23
3
1 -802 548
3
2 833 -42
3
2 -236 -49
3
1 -140 950
3
2 985 -15
3
2 -705 -25
3
2 -212 53
3
2 1008 23
3
2 518 22
3
2 650 -21
3
2 92 -2
3
2 944 -37
3
2 -722 14
3
1 -89 38
3
2 -370 64
3
2 263 -19
3
2 -396 -30
3
2 161 34
3
2 -508 -17
3
2 81 55
3
2 518 -10
3
1 696 1004
3
2 770 63
3
2 205 32
3
1 -341 308
3
2 -395 34
3
2 445 50
3
2 -901 -54
3
2 864 54
3
2 118 18
3
2 -977 15
3
1 364 129
3
1 -149 189
3
2 321 9
3
2 96 8
3
2 -350 -49
3
2 -698 22
3
1 -137 412
3
2 -731 28
3
2 597 7
3
1 -624 461
3
2 820 42
3
1 237 924
3
1 -20 892
3
2 -40 3
3
1 -195 507
3
2 -733 -15
3
1 510 483
3
1 622 680
3
2 -393 22
3
2 -917 -37
3
1 -944 89
3
2 733 57
3
2 -751 -24
3
2 -67 33
3
2 394 20
3
2 236 35
3
2 -95 55
3
2 -988 -38
3
2 -44 2
3
1 -729 514
3
2 589 5
3
2 -848 -46
3
1 -67 952
3
2 -333 -48
3
2 -526 2
3
1 -994 853
3
2 -901 6
3
1 130 356
3
1 855 62
3
2 -179 50
3
2 -9 -41
3
2 -889 -30
3
2 490 -60
3
2 12 59
3
2 710 15
3
2 -174 24
3
2 725 -10
3
2 844 31
3
2 -732 -12
3
2 727 -45
3
2 -308 -50
3
2 -681 -49
3
2 -686 -42
3
2 -560 10
3
2 654 61
3
1 -237 486
3
2 589 -4
3
1 476 254
3
2 485 13
3
1 -453 923
3
2 -1018 -6
3
2 915 50
3
1 -625 593
3
2 954 61
3
2 196 33
3
2 674 -26
3
2 880 58
3
2 -86 -31
3
2 -558 50
3
2 320 -4
3
2 -705 56
3
2 -56 -11
3
1 -672 522
3
2 1011 -53
3
2 -630 -38
3
1 750 446
3
1 367 170
3
2 481 4
3
2 401 -36
3
1 -93 164
3
2 750 -33
3
2 -451 36
3
2 -280 1
3
2 65 5
3
2 -1001 -15
3
2 -774 60
3
2 -4 -28
3
2 -152 31
3
2 795 14
3
2 -264 -20
3
1 -707 898
3
2 1008 10
3
1 -863 154
3
2 -798 1
3
2 -403 61
3
2 517 9
3
2 -438 -5
3
1 686 217
3
2 -295 -33
3
2 -355 -29
3
1 828 430
3
1 -525 639
3
2 652 63
3
2 -924 23
3
2 -656 0
3
2 826 29
3
2 685 -18
3
2 -198 38
3
1 193 263
3
2 211 51
3
2 -750 -15
3
2 -914 -26
3
1 -734 564
3
2 -1001 -54
3
2 909 63
3
1 -614 981
3
2 -709 -37
3
2 -405 36
3
2 -367 27
3
2 -824 14
3
2 9 26
3
1 -113 275
3
2 -182 49
3
2 -548 34
3
2 -473 -45
3
2 152 57
3
2 819 28
3
2 -446 38
3
2 115 37
3
2 672 46
3
2 -156 -19
3
2 509 -40
3
2 -420 45
3
1 272 373
3
2 123 -40
3
2 -498 62
3
2 259 -11
3
2 5 28
3
2 -945 31
3
2 163 -52
3
2 977 7
3
2 -789 7
3
2 98 -29
3
1 342 839
3
2 -545 -60
3
1 -630 984
3
2 -14 -18
3
2 593 -38
3
2 787 -20
3
2 201 -3
3
2 -964 -45
3
2 -139 -64
3
2 1 -61
3
2 813 61
3
2 -814 31
3
2 -230 -13
3
2 -357 44
3
2 138 36
3
2 -218 48
3
2 741 62
3
2 -924 42
3
2 777 42
3
1 -819 901
3
2 -1008 2
3
2 992 -10
3
2 183 58
3
2 -862 -54
3
2 167 -44
3
1 712 473
3
2 341 54
3
1 241 817
3
2 -148 34
3
2 -591 9
3
1 -990 259
3
2 -1004 -12
3
1 873 243
3
2 -601 -13
3
1 707 971
3
1 269 961
3
1 -105 1110
3
2 811 -35
3
2 4 -32
3
1 920 881
3
1 999 1074
3
2 -995 41
3
2 271 48
3
1 -45 34
3
2 262 -52
3
1 305 653
3
2 890 -39
3
2 -826 -64
3
2 890 -64
3
1 -867 380
3
2 -258 -28
3
2 -853 -58
3
2 391 49
3
1 581 743
3
1 -119 63
3
1 -518 552
3
2 607 31
3
2 11 -44
3
2 -528 8
3
2 -134 28
3
2 89 -40
3
2 687 64
3
2 -367 4
3
2 359 -23
3
2 729 28
3
2 424 -62
3
2 737 51
3
2 27 1
3
2 129 -36
3
2 21 -45
3
1 623 147
3
1 374 378
3
2 839 5
3
2 240 4
3
2 69 -40
3
2 -437 7
3
2 -974 1
3
2 -652 -47
3
2 -809 -9
3
2 469 -13
3
1 -758 543
3
2 -138 33
3
2 450 -11
3
2 887 54
3
2 215 37
3
1 365 331
3
2 -718 9
3
2 -891 -21
3
1 369 799
3
2 -538 51
3
2 350 59
3
2 562 43
3
2 -753 10
3
2 648 19
3
2 3 -17
3
2 -937 -22
3
1 815 927
3
2 872 -60
3
2 286 -58
3
2 -302 57
3
2 -871 46
3
2 738 -15
3
2 -735 14
3
2 159 -48
3
1 73 152
3
1 614 748
3
1 -704 567
3
2 -759 34
3
2 -203 -29
3
2 668 -27
3
2 -239 -54
3
2 929 26
3
2 959 -59
3
2 814 -15
3
2 356 18
3
2 824 14
3
2 534 10
3
1 -208 431
3
1 780 1086
3
2 281 -47
3
1 -706 720
3
2 218 -30
3
2 541 -23
3
2 -1003 63
3
2 -179 45
3
1 453 941
3
2 981 -7
3
2 -341 63
3
1 -593 710
3
2 1023 -48
3
2 619 19
3
1 397 1031
3
2 70 -2
3
2 -583 21
3
2 -893 57
3
2 751 31
3
2 353 11
3
2 794 -1
3
2 -222 -20
3
2 -336 -19
3
2 94 23
3
1 -194 1080
3
2 241 -29
3
2 -717 -35
3
2 307 10
3
2 -941 58
3
2 -564 60
3
1 -590 710
3
2 309 30
3
2 -672 55
3
1 -691 746
3
2 -966 28
3
2 769 27
3
2 -66 -55
3
2 136 46
3
2 683 46
3
1 -21 253
3
1 29 1032
3
1 -21 934
3
2 773 -33
3
1 -665 175
3
1 894 613
3
1 212 963
3
2 433 8
3
2 -564 62
3
2 -86 -57
3
2 569 14
3
2 731 -63
3
2 -344 51
3
2 196 3
3
1 990 317
3
2 83 10
3
2 868 -63
3
2 510 50
3
2 343 -24
3
2 160 39
3
2 -979 -18
3
1 -53 1043
3
2 811 3
3
2 897 -52
3
2 47 -11
3
2 642 -16
3
2 -846 16
3
1 -572 634
3
2 -653 -58
3
2 -952 -52
3
1 238 409
3
2 849 -20
3
2 908 -44
3
1 -117 497
3
2 595 13
3
1 -180 151
3
2 499 -2
3
2 796 55
3
2 631 -63
3
2 -48 4
3
2 -303 14
3
2 -590 36
3
2 -177 -57
3
2 591 -29
3
2 -140 58
3
1 -356 965
3
2 540 29
3
1 340 1000
3
2 580 52
3
2 578 35
3
2 493 24
3
2 370 58
3
2 -356 -7
3
1 -362 788
3
2 -289 19
3
2 424 47
3
1 -657 942
3
1 234 741
3
1 -37 1056
3
2 -587 49
3
2 -320 -2
3
1 492 522
3
1 134 430
3
2 28 50
3
1 -458 1045
3
2 810 18
3
2 -447 -16
3
2 879 -60
3
2 -563 7
3
2 -44 57
3
2 339 22
3
1 -743 483
3
1 731 772
3
2 -27 48
3
2 -376 58
3
2 568 50
3
2 399 46
3
2 683 18
3
2 222 3
3
1 -916 927
3
2 408 47
3
1 589 108
3
2 1021 47
3
2 837 22
3
1 185 435
3
1 -710 411
3
2 112 -41
3
2 -568 -58
3
2 46 24
3
2 893 -30
3
2 872 14
3
1 688 215
3
2 833 46
3
2 -96 33
3
1 -534 664
3
1 -939 57
3
2 524 -47
3
2 333 -7
3
1 -121 694
3
2 -375 -46
3
2 -474 53
3
1 433 989
3
2 -958 -33
3
2 182 47
3
1 751 594
3
1 -138 485
3
2 132 -36
3
2 -603 -14
3
2 -121 -50
3
2 773 45
3
2 652 56
3
2 -78 -34
3
1 198 297
3
2 963 -23
3
2 -532 19
3
2 1022 60
3
2 -209 58
3
2 497 28
3
1 -500 230
3
2 -594 -5
3
2 -429 -38
3
1 -157 684
3
2 -115 34
3
2 -1008 -9
3
2 142 -54
3
2 -785 -9
3
2 -116 44
3
1 109 824
3
2 737 18
3
1 621 926
3
2 -102 45
3
2 -369 32
3
1 -259 67
3
2 807 51
3
2 -576 -40
3
2 954 -28
3
2 136 -46
3
2 176 63
3
1 471 814
3
2 387 26
3
2 -839 -12
3
1 517 513
3
1 -745 934
3
1 183 754
3
2 -859 27
3
2 719 64
3
2 305 40
3
2 763 -61
3
2 -485 -8
3
1 673 657
3
2 -970 -50
3
2 306 55
3
1 758 926
3
1 270 36
3
2 -117 -37
3
2 -774 -2
3
2 -948 23
3
2 -757 19
3
2 -603 20
3
2 -262 -14
3
2 375 10
3
2 -844 58
3
2 324 -26
3
2 -479 -29
3
2 -910 41
3
2 1017 -64
3
2 108 -51
3
2 596 -38
3
2 -415 -27
3
2 619 7
3
2 500 17
3
2 -76 47
3
2 -592 -14
3
1 -256 929
3
2 -422 -58
3
1 -926 59
3
1 -24 952
3
2 540 7
3
2 1017 -8
3
2 -615 23
3
1 927 707
3
1 -449 573
3
2 684 28
3
2 -37 59
3
2 -293 -22
3
1 -713 763
3
2 -23 21
3
1 318 124
3
2 -449 40
3
2 660 18
3
2 820 14
3
2 -105 -44
3
2 113 -34
3
2 -251 -53
3
1 -139 820
3
2 -461 28
3
1 825 930
3
2 240 33
3
2 942 -28
3
2 -46 -47
3
2 -54 47
3
2 391 -45
3
1 190 905
3
1 799 594
3
2 -599 8
3
2 -328 -37
3
2 173 45
3
2 368 62
3
2 796 -44
3
1 427 181
3
1 -331 509
3
1 -38 913
3
1 344 385
3
2 -38 50
3
2 -707 29
3
2 -933 5
3
1 620 888
3
1 -680 629
3
2 -419 -15
3
1 443 775
3
2 -1020 -26
3
2 621 45
3
2 -884 25
3
2 210 -48
3
1 68 147
3
2 -937 10
3
2 320 -36
3
1 53 346
3
2 -474 32
3
2 -831 15
3
2 985 -53
3
2 -203 60
3
2 -930 -13
3
2 -1007 -64
3
2 -148 53
3
2 -488 1
3
2 206 -41
3
1 -456 589
3
2 -569 15
3
2 664 3
3
2 82 -40
3
2 -595 -45
3
2 -383 14
3
2 551 -38
3
2 119 26
3
1 175 803
3
2 -726 -16
3
2 597 -29
3
2 -634 -18
3
2 -740 59
3
1 721 223
3
2 169 40
3
2 273 -39
3
2 -364 40
3
2 519 43
3
1 -597 137
3
2 -551 -9
3
1 977 726
3
2 966 29
3
1 -546 727
3
2 222 23
3
2 -357 -5
3
1 -436 374
3
2 79 27
3
1 181 146
3
2 -279 -27
3
1 262 133
3
2 -554 -16
3
2 917 -29
3
2 -1018 46
3
2 -61 17
3
2 286 30
3
2 963 -41
3
2 -461 27
3
2 -874 -22
3
2 354 31
3
2 325 52
3
2 874 -40
3
2 38 47
3
2 -769 -43
3
1 -239 45
3
2 -210 -4
3
2 -516 -35
3
2 142 -14
3
2 887 52
3
1 -324 709
3
2 -1014 -51
3
2 315 -9
3
2 540 -42
3
2 627 57
3
2 -993 0
3
2 510 4
3
2 -342 -9
3
1 -914 576
3
2 -613 -12
3
2 227 19
3
2 -720 -50
3
2 -631 -22
3
2 -574 7
3
2 370 -49
3
2 156 34
3
2 -251 -50
3
2 459 42
3
2 -850 -54
3
2 997 12
3
1 3 1094
3
2 619 28
3
2 608 61
3
2 846 2
3
2 344 -47
3
2 -641 48
3
1 724 412
3
2 131 -13
3
2 651 32
3
2 -650 -42
3
2 -322 25
3
1 285 399
3
2 670 61
3
2 123 -22
3
2 208 19
3
2 15 54
3
2 601 3
3
2 -86 63
3
1 173 320
3
2 465 2
3
2 -849 -49
3
2 44 52
3
2 -137 -60
3
2 26 20
3
1 -41 884
3
1 -993 808
3
2 400 -57
3
2 300 18
3
2 192 -62
3
1 -263 702
3
1 957 81
3
1 269 96
3
2 -172 10
3
1 754 38
3
2 -204 -7
3
2 -654 62
3
2 812 -1
3
2 -717 42
3
2 525 -23
3
2 -447 13
3
2 840 59
3
1 478 751
3
2 -224 -40
3
2 -84 9
3
1 -516 693
3
2 224 -23
3
2 102 -40
3
2 745 7
3
2 -1008 -22
3
2 -373 -54
3
2 -471 -31
3
2 922 -59
3
2 264 -30
3
2 1003 44
3
2 -931 -3
3
2 54 -2
3
2 917 -42
3
1 521 918
3
2 -835 -34
3
2 628 -39
3
2 548 -7
3
1 -119 906
3
2 432 44
3
2 -19 -51
3
2 818 -30
3
1 -846 890
3
2 993 -25
3
2 -23 11
3
2 -1 -24
3
2 559 42
3
1 185 615
3
1 -796 436
3
2 -369 -49
3
2 -808 39
3
1 364 432
3
2 582 -61
3
2 69 -32
3
2 -47 -48
3
2 977 -52
3
1 -428 1065
3
2 488 -13
3
1 -332 723
3
2 594 -37
3
1 456 1070
3
2 -766 -27
3
2 -932 -20
3
2 14 64
3
1 425 58
3
2 824 -56
3
2 -138 -30
3
2 729 -52
3
2 899 -58
3
2 -772 12
3
2 246 -8
3
2 862 25
3
2 868 8
3
2 954 32
3
2 66 -9
3
1 -284 759
3
2 -96 -42
3
2 676 -17
3
2 -855 -34
3
2 661 18
3
2 245 26
3
2 -350 -61
3
2 -246 -62
3
2 625 18
3
1 284 488
3
1 220 618
3
2 -639 -30
3
1 864 688
3
2 -416 13
3
2 -715 4
3
2 50 10
3
2 797 58
3
1 -265 314
3
2 -993 51
3
2 674 39
3
2 552 57
3
2 -535 -8
3
1 347 971
3
2 341 -45
3
2 859 -8
3
2 616 -62
3
2 -143 -46
3
1 -42 816
3
2 760 29
3
2 657 -19
3
2 -797 35
3
2 -302 -43
3
2 -3 12
3
2 265 -11
3
2 669 49
3
2 -177 15
3
2 -1006 -39
3
2 907 20
3
1 -831 820
3
1 -474 174
3
2 725 -35
3
2 -87 61
3
2 549 -24
3
2 934 17
3
2 -371 -5
3
2 16 -21
3
2 -417 43
3
2 -360 34
3
1 434 43
3
2 -565 39
3
2 903 -2
3
2 -246 -57
3
2 577 61
3
2 -381 13
3
2 -216 -62
3
2 -119 30
3
2 14 25
3
2 -472 64
3
1 941 991
3
2 916 58
3
1 -403 919
3
2 286 -54
3
2 -393 -30
3
1 629 424
3
2 33 -44
3
2 -1001 -52
3
2 423 -34
3
2 227 29
3
2 -683 -45
3
2 959 2
3
1 582 954
3
1 -65 907
3
2 468 -55
3
1 680 1034
3
2 481 -15
3
1 524 530
3
2 -200 -53
3
2 453 -13
3
2 76 31
3
2 638 -39
3
2 38 8
3
2 -309 -22
3
2 887 -2
3
2 618 -56
3
1 -985 327
3
2 473 49
3
2 -251 54
3
1 -580 208
3
2 550 16
3
1 493 721
3
2 677 -10
3
1 -324 1034
3
2 336 -31
3
2 727 -9
3
1 -57 261
3
1 -961 765
3
2 -423 11
3
2 442 13
3
2 836 42
3
2 589 -19
3
2 -365 17
3
2 94 -42
3
2 -150 -31
3
1 -115 481
3
2 -660 -44
3
2 234 -44
3
1 -1009 152
3
1 535 71
3
2 195 -26
3
2 608 -60
3
2 876 40
3
2 524 -42
3
2 -246 -14
3
1 -34 967
3
1 -784 789
3
2 -918 8
3
1 547 12
3
1 -224 322
3
1 -738 1020
3
1 579 917
3
1 634 733
3
2 -408 20
3
2 -311 -5
3
1 -276 407
3
2 -87 -46
3
2 197 63
3
1 641 216
3
2 -715 9
3
2 155 -2
3
2 -10 34
3
2 915 31
3
2 -1019 -49
3
2 -598 50
3
1 -19 830
3
2 602 -6
3
2 -421 -26
3
2 -803 -63
3
1 1007 43
3
2 933 -53
3
2 -317 -38
3
2 -86 30
3
2 -59 14
3
2 799 49
3
2 705 55
3
2 138 19
3
2 -150 42
3
1 -53 172
3
2 977 -42
3
2 665 -43
3
2 324 27
3
2 -492 -16
3
2 901 -29
3
2 -517 64
3
2 -959 -48
3
2 325 -17
3
2 -340 40
3
2 318 -2
3
2 -646 19
3
2 663 39
3
2 -723 -2
3
2 -204 -20
3
2 62 -50
3
2 -433 61
3
2 787 16
3
2 629 -8
3
2 208 39
3
2 127 -56
3
2 95 -48
3
2 -418 1
3
1 546 328
3
2 -917 -13
3
2 -281 36
3
2 -679 63
3
2 223 44
3
1 570 393
3
2 499 36
3
2 374 -21
3
2 141 40
3
2 -248 -7
3
2 -639 -21
3
1 828 76
3
2 -949 -38
3
2 -459 43
3
1 244 61
3
2 713 23
3
2 -263 -23
3
1 -463 764
3
2 -81 -45
3
1 748 839
3
1 -897 947
3
1 -105 650
3
2 -665 -54
3
2 -467 2
3
2 -457 -23
3
2 665 56
3
2 454 39
3
2 143 27
3
1 -142 730
3
2 -305 24
3
2 -764 -8
3
2 51 -57
3
2 -313 48
3
2 935 29
3
2 44 -3
3
2 -204 -59
3
2 -262 6
3
2 880 28
3
2 522 50
3
1 -682 440
3
2 605 51
3
2 -354 -7
3
1 342 27
3
2 -818 -14
3
1 -195 732
3
2 -107 21
3
2 672 25
3
1 -171 494
3
1 -24 965
3
2 7 0
3
2 -868 32
3
2 -471 22
3
2 -444 -30
3
1 -940 60
3
1 -890 15
3
2 -750 31
3
2 143 54
3
1 -316 159
3
2 -448 -20
3
2 -396 45
3
2 -976 -11
3
2 -903 -12
3
2 899 59
3
1 530 886
3
2 -562 12
3
2 740 49
3
2 -891 17
3
1 431 92
3
1 975 789
3
2 750 20
3
1 -413 1083
3
2 -884 44
3
1 -1017 1085
3
1 -471 1000
3
2 962 -48
3
2 13 -41
3
2 -863 -57
3
1 29 443
3
2 -555 -49
3
2 -590 -35
3
1 -581 582
3
2 -884 -14
3
1 -433 158
3
2 -185 16
3
2 970 -28
3
1 93 878
3
2 19 -12
3
2 892 -3
3
2 -167 -55
3
2 -18 6
3
2 941 30
3
1 198 574
3
1 -77 686
3
2 -521 -54
3
2 420 -3
3
2 -891 -1
3
2 384 -46
3
2 282 55
3
2 769 -41
3
2 771 26
3
2 15 -55
3
1 648 129
3
2 -775 -35
3
1 876 1078
3
2 519 -17
3
2 654 -15
3
2 -756 9
3
2 548 61
3
2 -527 37
3
1 74 1089
3
2 735 -43
3
1 -660 409
3
2 127 37
3
2 614 -9
3
2 -408 11
3
2 -434 3
3
1 631 647
3
1 756 1060
3
2 321 43
3
2 696 -47
3
2 325 -49
3
2 -364 4
3
2 -660 -20
3
2 384 -9
3
1 -826 1042
3
2 739 61
3
2 -935 -20
3
2 -852 -60
3
2 -269 54
3
2 560 -35
3
1 356 103
3
2 158 49
3
2 -922 -27
3
1 -586 813
3
2 -8 -55
3
2 -718 -52
3
2 -525 -7
3
2 -698 15
3
2 -177 -6
3
1 513 602
3
1 931 635
3
1 277 198
3
2 -573 59
3
2 558 30
3
2 697 -16
3
2 974 -12
3
2 954 -20
3
2 244 43
3
2 -913 30
3
1 -657 513
3
2 681 55
3
1 866 111
3
1 -467 465
3
2 -392 -26
3
2 -62 -29
3
2 210 2
3
2 650 -57
3
1 322 15
3
1 -600 566
3
2 687 41
3
1 -892 938
3
2 654 -1
3
1 -664 537
3
2 -133 21
3
2 -389 60
3
1 -416 261
3
2 -419 -30
3
2 613 30
3
1 -68 679
3
2 947 46
3
2 585 44
3
2 289 -39
3
2 -175 -8
3
1 668 770
3
1 -723 868
3
1 449 444
3
2 -479 44
3
2 -1015 52
3
2 -405 -41
3
1 952 412
3
2 -675 0
3
1 4 897
3
2 -754 7
3
2 168 55
3
2 330 -17
3
1 -331 614
3
2 -68 34
3
2 -792 -35
3
1 -645 430
3
2 286 -6
3
2 639 26
3
1 -992 769
3
1 659 897
3
2 317 -59
3
2 -102 59
3
2 37 -37
3
2 831 -34
3
2 835 -27
3
2 -873 -58
3
2 247 50
3
2 533 22
3
1 568 170
3
2 -894 43
3
2 582 21
3
2 -997 -37
3
1 306 704
3
2 -695 28
3
2 643 28
3
2 -792 -10
3
1 741 902
3
2 -464 9
3
2 -986 60
3
2 -820 -52
3
2 304 -23
3
2 -8 25
3
2 112 2
3
2 332 55
3
2 583 16
3
1 -440 658
3
2 -819 63
3
2 243 17
3
2 311 -19
3
2 -581 -46
3
2 274 1
3
2 -905 -1
3
1 -634 721
3
1 101 903
3
2 -945 -8
3
2 -374 40
3
2 -596 -27
3
2 -853 35
3
2 -611 62
3
1 697 1094
3
2 129 58
3
1 -197 668
3
2 258 48
3
2 -761 21
3
2 148 -44
3
2 -470 -61
3
2 -844 23
3
1 -747 246
3
2 -131 -17
3
1 19 101
3
2 419 0
3
2 347 14
3
2 -204 43
3
2 -98 24
3
2 485 60
3
1 79 234
3
2 -733 -5
3
2 -207 -7
3
1 873 857
3
2 -254 57
3
1 -583 687
3
2 670 -11
3
2 39 18
3
2 -35 29
3
2 -990 49
3
2 -696 4
3
2 -552 -10
3
2 -642 45
3
1 743 965
3
1 -595 72
3
2 -374 -21
3
2 -1 14
3
1 839 716
3
2 866 29
3
2 855 -53
3
2 955 -18
3
2 -329 -2
3
2 769 -45
3
2 940 -44
3
2 54 49
3
2 690 -56
3
1 -830 105
3
1 962 82
3
2 -796 -18
3
2 968 13
3
2 593 29
3
2 -818 -47
3
1 -925 736
3
2 -446 -35
3
2 979 -51
3
1 -489 396
3
1 -312 687
3
2 643 8
3
2 -657 29
3
2 -151 -33
3
2 148 -57
3
2 568 17
3
2 -979 -14
3
2 498 -50
3
1 -915 955
3
2 331 -37
3
2 278 -56
3
2 -563 6
3
1 -329 964
3
2 309 -51
3
2 -355 54
3
1 682 168
3
2 19 -20
3
2 -39 -6
3
2 -600 64
3
2 -587 37
3
1 -334 340
3
2 353 2
3
2 387 58
3
2 -3 -9
3
1 663 244
3
2 415 43
3
2 996 8
3
2 458 51
3
1 403 815
3
2 -751 34
3
2 -932 -38
3
2 60 -25
3
2 818 17
3
2 174 43
3
2 -487 -43
3
2 -1016 8
3
2 690 28
3
2 -444 50
3
2 -848 -40
3
2 -413 57
3
2 -343 -27
3
1 -874 661
3
1 -519 474
3
1 -120 323
3
2 -903 -34
3
1 -152 697
3
1 256 352
3
2 339 -54
3
1 59 405
3
1 -673 1
3
2 -908 -38
3
2 -979 -50
3
2 -534 -60
3
2 301 -58
3
2 -12 -14
3
2 726 13
3
2 880 -5
3
2 422 2
3
2 322 6
3
1 -42 160
3
1 -909 5
3
1 -650 175
3
2 -742 20
3
2 657 12
3
2 649 56
3
2 795 46
3
2 -946 54
3
1 728 334
3
2 -264 63
3
2 -158 -56
3
2 119 33
3
2 -288 -4
3
2 821 -24
3
1 -147 326
3
2 -752 -2
3
2 -871 -27
3
2 -145 -50
3
2 658 8
3
1 340 347
3
2 -15 60
3
2 -56 -26
3
1 -180 367
3
2 -852 58
3
2 979 -19
3
2 -534 -58
3
2 -791 8
3
2 421 -18
3
1 -629 517
3
1 66 1068
3
2 -757 16
3
1 445 794
3
2 713 60
3
1 421 23
3
2 -148 -63
3
2 687 42
3
2 -11 -25
3
2 -935 -31
3
1 555 1096
3
2 576 46
3
1 -111 759
3
2 -128 -41
3
2 644 -62
3
2 892 55
3
2 -98 -46
3
2 598 22
3
1 -844 456
3
1 -685 424
3
1 -96 223
3
2 556 5
3
1 -436 180
3
1 497 574
3
2 -287 51
3
2 619 15
3
1 -199 942
3
2 798 -60
3
1 517 827
3
2 -298 -56
3
2 -714 5
3
2 -847 -15
3
1 393 42
3
1 -824 1008
3
2 44 -57
3
1 -901 902
3
2 -163 -21
3
2 -452 54
3
2 968 20
3
2 -12 30
3
2 -740 -4
3
2 874 -3
3
2 797 -4
3
1 -572 962
3
2 226 -64
3
2 -265 24
3
2 -127 -2
3
2 -995 6
3
2 289 -3
3
2 321 64
3
2 465 52
3
2 111 -58
3
2 328 60
3
1 -345 546
3
2 638 32
3
2 428 57
3
2 157 -47
3
2 138 58
3
2 143 -11
3
1 -334 189
3
2 456 -38
3
1 -761 722
3
2 -734 19
3
2 -606 -31
3
2 -178 -15
3
2 -431 -38
3
1 809 795
3
2 -721 -58
3
2 163 -29
3
2 841 -56
3
2 278 -61
3
2 295 18
3
2 740 -18
3
2 875 22
3
2 639 -61
3
2 -767 8
3
2 1004 42
3
2 189 -18
3
2 915 12
3
2 399 64
3
2 1010 -1
3
2 139 64
3
2 -54 -1
3
1 759 341
3
1 -842 994
3
1 903 819
3
2 789 59
3
2 -516 -24
3
2 711 -36
3
2 -1020 -46
3
1 614 305
3
2 948 -2
3
2 245 -47
3
1 333 660
3
2 605 29
3
1 370 620
3
2 223 27
3
2 971 55
3
2 870 42
3
1 -942 43
3
1 473 101
3
2 272 -50
3
1 -738 508
3
2 -282 -3
3
2 468 -59
3
2 612 -44
3
1 921 778
3
2 350 -30
3
1 623 565
3
2 607 -62
3
2 -324 -22
3
1 -648 194
3
2 -739 -25
3
1 888 781
3
2 891 24
3
2 479 14
3
2 -983 -29
3
2 879 28
3
1 -597 1085
3
2 422 34
3
2 354 21
3
2 326 -11
3
2 -252 -15
3
2 -109 25
3
2 63 -4
3
2 868 -24
3
2 115 -4
3
2 -949 11
3
2 -841 10
3
2 286 -28
3
1 463 356
3
2 165 58
3
1 688 996
3
1 -243 144
3
2 164 54
3
1 327 463
3
2 346 29
3
2 -907 62
3
2 504 -9
3
2 -433 -22
3
2 -39 17
3
2 -687 23
3
2 561 -29
3
1 -620 659
3
2 -269 58
3
2 969 60
3
2 -14 -22
3
2 -616 -48
3
2 -468 -37
3
2 -681 17
3
2 -320 -53
3
1 -56 576
3
2 950 11
3
2 -628 -11
3
2 224 -16
3
2 -530 63
3
2 -486 -7
3
1 472 241
3
2 882 25
3
2 926 11
3
2 892 62
3
2 729 -42
3
1 -934 247
3
2 -848 -61
3
1 -279 757
3
2 -602 17
3
2 -976 16
3
1 479 752
3
2 -728 15
3
2 517 58
3
2 707 57
3
2 827 -52
3
2 703 -37
3
2 -642 -15
3
2 -753 -37
3
2 -412 11
3
2 -699 -4
3
2 -92 -48
3
2 -743 15
3
2 -560 -36
3
2 -737 -17
3
2 456 -28
3
2 -623 -55
3
2 -462 -15
3
2 -203 2
3
2 892 42
3
2 242 -16
3
2 948 -4
3
2 408 -22
3
1 -496 149
3
2 699 50
3
2 274 -62
3
2 1006 -43
3
2 -87 -18
3
2 757 8
3
2 -327 14
3
2 -867 -56
3
2 721 14
3
2 -206 46
3
2 746 -28
3
2 510 -60
3
2 816 39
3
2 955 48
3
2 -932 -31
3
2 148 -18
3
2 -655 -17
3
1 856 33
3
2 -115 -58
3
2 437 -32
3
2 746 54
3
2 251 -23
3
2 263 35
3
2 215 -10
3
1 1021 539
3
1 169 367
3
2 18 -44
3
2 -78 -62
3
2 -901 -41
3
1 -479 1075
3
2 -451 60
3
2 734 -8
3
1 -323 716
3
2 -274 39
3
2 350 33
3
2 438 8
3
2 -791 22
3
1 948 29
3
2 -335 30
3
1 690 635
3
1 743 712
3
2 -453 40
3
1 171 1010
3
2 359 11
3
2 551 -15
3
2 -695 31
3
1 865 710
3
2 -34 -41
3
1 -999 67
3
1 416 52
3
2 -988 26
3
1 -878 654
3
2 997 -10
3
1 288 118
3
2 -227 37
3
1 -552 384
3
2 -517 -9
3
1 -106 419
3
2 91 41
3
2 710 -18
3
2 760 -30
3
2 301 -14
3
2 -445 -36
3
2 -776 -58
3
1 569 692
3
1 356 551
3
2 -977 10
3
2 -637 32
3
2 789 -13
3
2 917 -48
3
2 -589 -33
3
2 -936 51
3
2 447 44
3
1 657 21
3
2 566 58
3
2 -812 60
3
2 -75 38
3
2 -968 -31
3
2 61 -1
3
2 475 56
3
2 -333 60
3
1 -279 49
3
2 -240 45
3
2 268 -62
3
1 -4 828
3
2 -769 -13
3
2 493 59
3
1 191 748
3
1 269 1093
3
2 817 -61
3
2 -527 33
3
2 -444 -1
3
2 345 16
3
2 -655 -9
3
2 -634 43
3
2 -560 20
3
2 -590 -61
3
2 -163 12
3
2 595 60
3
1 -600 139
3
2 242 -3
3
1 483 13
3
1 211 796
3
2 897 30
3
2 124 61
3
2 509 -18
3
1 726 393
3
1 -836 613
3
2 -535 -30
3
1 154 250
3
2 -856 -19
3
2 200 58
3
1 -543 201
3
1 -252 460
3
2 316 -34
3
1 646 575
3
2 -545 -38
3
1 -203 976
3
2 328 -19
3
1 -221 155
3
1 504 901
3
2 439 30
3
2 164 2
3
2 -486 -20
3
2 -119 9
3
2 -905 45
3
2 694 59
3
2 -11 39
3
2 404 60
3
2 -540 -19
3
2 -371 -6
3
1 -384 740
3
2 -608 48
3
1 -832 169
3
2 864 58
3
2 1019 4
3
2 -371 36
3
2 -531 -17
3
2 215 -26
3
2 819 21
3
2 -100 9
3
2 -838 -16
3
2 -170 59
3
2 336 9
3
2 -595 -43
3
2 -87 62
3
2 -568 -10
3
2 -21 33
3
1 -186 245
3
2 289 42
3
2 -354 27
3
2 -75 40
3
2 -484 54
3
2 -392 -2
3
2 -799 38
3
2 225 -3
3
2 751 -31
3
2 448 -53
3
2 -184 36
3
2 -227 -37
3
2 291 17
3
2 -27 4
3
2 997 5
3
2 -831 -14
3
2 -708 35
3
2 -331 24
3
1 805 756
3
2 280 -30
3
2 -900 -56
3
2 41 -31
3
2 335 -8
3
2 -629 -42
3
1 407 259
3
2 713 -30
3
2 -913 -60
3
2 -456 -26
3
2 -564 -51
3
1 244 670
3
2 -614 48
3
2 773 25
3
1 -427 196
3
1 554 946
3
2 56 5
3
2 155 5
3
2 -52 21
3
2 -854 26
3
2 537 -38
3
1 -251 1043
3
2 303 -57
3
1 -545 114
3
2 562 -43
3
2 843 -35
3
2 -243 -58
3
2 -673 -43
3
2 257 53
3
2 -721 63
3
2 159 -47
3
2 -396 38
3
2 967 -21
3
2 -748 12
3
2 -380 57
3
2 -666 32
3
2 326 -41
3
1 -584 952
3
1 904 287
3
1 -223 109
3
1 191 31
3
2 557 58
3
2 607 17
3
1 -786 393
3
1 737 988
3
1 -886 906
3
2 23 10
3
2 -68 -12
3
2 -1002 15
3
1 -783 552
3
2 246 36
3
2 -962 10
3
1 -48 620
3
1 730 832
3
2 826 6
3
2 290 -36
3
1 477 544
3
2 -393 1
3
2 -431 -31
3
2 -405 21
3
2 -525 18
3
2 392 -24
3
2 926 -1
3
2 1019 -16
3
2 435 16
3
1 -181 319
3
2 -472 11
3
1 402 1099
3
2 831 64
3
2 694 9
3
2 -742 20
3
2 810 -57
3
2 -239 31
3
2 303 -32
3
1 -911 643
3
2 441 -30
3
2 399 6
3
2 -501 31
3
2 234 -40
3
2 -959 -6
3
2 -254 -15
3
2 -478 26
3
2 -544 -59
3
2 -1011 33
3
2 -639 -40
3
2 -137 34
3
2 270 33
3
2 36 21
3
2 816 61
3
2 -894 51
3
2 -889 -61
3
2 -719 57
3
2 8 -62
3
2 -342 23
3
1 273 680
3
2 752 -18
3
2 401 -49
3
2 -228 -62
3
2 -732 -28
3
1 -281 593
3
2 -231 58
3
2 -298 1
3
2 838 -7
3
2 890 9
3
1 159 1080
3
2 -215 -40
3
1 -306 450
3
1 799 867
3
2 550 29
3
2 718 29
3
1 -682 463
3
1 194 442
3
2 819 5
3
2 -888 26
3
1 721 942
3
2 397 -4
3
2 51 -63
3
2 -559 10
3
2 652 40
3
2 -111 33
3
2 868 -41
3
2 651 -49
3
2 55 0
3
2 -912 -27
3
1 482 351
3
2 -101 -7
3
2 139 -12
3
2 -959 -53
3
2 989 1
3
2 127 -64
3
2 -753 -43
3
1 169 674
3
2 -481 27
3
2 -839 62
3
2 -15 -40
3
2 -413 -19
3
1 315 1028
3
1 325 480
3
2 -608 18
3
2 627 50
3
2 -886 43
3
2 830 60
3
2 -180 -28
3
2 491 -16
3
1 -95 196
3
2 833 -54
3
2 597 -14
3
2 -240 36
3
2 837 33
3
2 382 -40
3
2 -181 45
3
1 528 1081
3
2 -425 -52
3
2 600 -32
3
1 129 666
3
2 694 -26
3
2 145 30
3
1 -356 606
3
2 -743 -50
3
2 -539 4
3
2 382 14
3
2 -270 10
3
2 236 -41
3
2 -118 -22
3
2 903 32
3
2 209 31
3
2 461 6
3
1 -75 604
3
2 974 62
3
2 951 22
3
2 -542 19
3
2 733 48
3
1 -543 1092
3
1 -963 835
3
2 -36 -63
3
1 -418 88
3
1 260 522
3
1 33 1092
3
1 -825 671
3
1 -454 1
3
2 -521 -26
3
1 -182 359
3
1 -446 1082
3
2 -713 53
3
2 128 61
3
2 -867 59
3
2 -443 -43
3
2 521 -30
3
1 -893 721
3
2 718 -55
3
2 -308 -18
3
1 -515 540
3
1 339 431
3
2 -583 -44
3
2 -327 -52
3
2 475 -50
3
2 -532 57
3
2 -836 59
3
1 510 552
3
2 896 -47
3
2 246 42
3
2 581 25
3
2 -952 20
3
1 737 557
3
2 589 26
3
2 -408 1
3
2 401 56
3
2 -310 -25
3
2 566 -25
3
2 -871 29
3
2 -465 22
3
1 240 705
3
2 -988 36
3
2 528 37
3
2 -23 -13
3
2 -977 9
3
2 385 -46
3
2 -991 -30
3
2 -484 -44
3
2 498 -25
3
2 -911 37
3
1 -410 517
3
2 462 0
3
1 -5 870
3
2 -857 -32
3
2 652 18
3
2 -638 -15
3
2 -648 6
3
2 -728 60
3
2 -879 29
3
2 -718 50
3
2 1 -20
3
2 324 21
3
2 833 -9
3
1 218 483
3
1 -420 815
3
1 48 404
3
2 -27 28
3
1 -441 212
3
2 396 -40
3
2 75 -27
3
1 693 441
3
2 953 -29
3
2 -646 -30
3
2 -1015 -32
3
2 335 18
3
2 -647 55
3
2 -503 -48
3
1 288 977
3
2 730 -15
3
2 -216 35
3
2 -900 12
3
2 -196 6
3
2 821 -56
3
2 610 1
3
2 874 56
3
2 -807 62
3
2 563 -61
3
2 -274 7
3
2 51 13
3
2 -878 24
3
2 319 35
3
2 -967 -49
3
2 -315 -20
3
2 35 55
3
2 301 -27
3
2 64 14
3
2 907 -33
3
1 243 574
3
1 704 414
3
2 -900 -59
3
1 628 1064
3
1 346 388
3
1 743 1006
3
2 -364 49
3
2 108 -17
3
2 -68 25
3
2 510 36
3
1 314 644
3
2 -367 52
3
1 220 1090
3
1 836 715
3
2 -956 -60
3
2 -229 -50
3
1 251 1105
3
2 71 13
3
2 616 -23
3
1 55 166
3
2 -25 -29
3
2 616 -53
3
2 491 39
3
2 -253 -58
3
2 -785 19
3
2 490 5
3
2 -329 -56
3
2 -135 -38
3
2 349 -56
3
1 -862 535
3
2 212 -48
3
2 742 -24
3
2 -106 61
3
2 867 -46
3
2 -834 36
3
1 261 4
3
1 -229 280
3
2 -106 10
3
1 -287 184
3
1 -326 504
3
1 -227 185
3
2 837 7
3
2 450 -37
3
2 -657 -26
3
2 -109 -39
3
2 112 58
3
1 289 708
3
2 162 53
3
1 -712 774
3
2 -179 33
3
2 789 -1
3
2 632 52
3
1 478 206
3
1 -208 1102
3
2 370 59
3
2 404 -25
3
2 -642 -22
3
2 1001 -62
3
2 -436 10
3
2 -1019 58
3
2 438 9
3
2 -975 -17
3
2 -931 22
3
2 464 1
3
2 491 44
3
1 -660 576
3
1 346 173
3
2 -818 -47
3
1 -674 296
3
1 492 478
3
2 -720 64
3
1 73 744
3
2 122 21
3
2 901 -14
3
1 728 697
3
2 -1017 39
3
2 -637 10
3
2 -918 -30
3
2 353 29
3
2 -611 -9
3
1 -916 1086
3
2 741 -38
3
2 -132 5
3
2 -496 -38
3
2 -46 41
3
1 563 535
3
2 198 59
3
2 -759 -59
3
1 -282 522
3
2 -857 -61
3
1 -428 464
3
2 -96 -29
3
2 702 47
3
2 521 42
3
1 -686 275
3
2 131 -25
3
2 265 -52
3
2 61 -60
3
2 750 -46
3
1 633 927
3
2 -311 -4
3
2 -753 60
3
2 404 2
3
1 208 192
3
2 72 -63
3
2 -812 16
3
1 123 34
3
1 193 38
3
2 -1009 -62
3
2 -57 53
3
2 902 30
3
1 -73 241
3
1 -192 369
3
2 412 -37
3
2 -805 17
3
2 -305 22
3
2 -84 6
3
2 -457 -36
3
2 379 30
3
2 -933 11
3
2 -639 30
3
2 -704 34
3
2 312 24
3
1 551 20
3
2 533 51
3
2 -940 6
3
1 -663 412
3
2 -934 -5
3
2 359 45
3
1 892 454
3
2 274 45
3
2 754 -55
3
2 44 -4
3
1 -428 601
3
2 59 58
3
2 39 17
3
2 238 -36
3
1 778 363
3
2 827 25
3
2 401 -37
3
1 -45 1005
3
2 -633 -5
3
1 612 802
3
1 -599 842
3
2 244 -10
3
2 -738 -52
3
1 -776 1026
3
2 557 64
3
2 757 55
3
2 -822 -33
3
2 520 10
3
2 -466 6
3
2 -386 53
3
1 -977 307
3
2 -151 -42
3
2 -962 -5
3
2 -250 18
3
2 809 -19
3
2 255 -58
3
1 498 47
3
1 380 358
3
2 -337 4
3
2 -899 36
3
2 -751 60
3
2 -319 7
3
1 -569 154
3
2 -439 14
3
1 823 722
3
1 407 326
3
2 -859 -2
3
2 1012 32
3
2 853 15
3
1 -946 734
3
2 838 54
3
1 -29 439
3
2 -228 10
3
2 526 -34
3
2 -80 14
3
2 -463 24
3
2 133 -23
3
2 373 35
3
2 778 13
3
2 369 -26
3
1 -727 1045
3
1 97 925
3
2 643 -8
3
1 972 918
3
2 -702 15
3
1 15 84
3
2 -720 -29
3
1 154 146
3
1 -58 998
3
2 869 38
3
1 -526 1044
3
2 -896 12
3
1 466 745
3
2 -597 -2
3
2 600 -52
3
2 782 -50
3
2 -670 39
3
2 1021 20
3
2 208 -27
3
2 -720 -23
3
2 -148 -28
3
2 -312 -52
3
2 -728 -10
3
1 -89 611
3
2 594 18
3
1 218 477
3
2 879 -11
3
2 -362 -5
3
2 -60 -62
3
2 515 34
3
2 -830 53
3
2 -723 -49
3
1 420 996
3
2 -344 61
3
2 518 -7
3
2 -770 -36
3
2 929 8
3
1 798 457
3
2 14 60
3
2 -457 49
3
2 255 -38
3
1 599 200
3
2 190 -53
3
2 520 19
3
1 -34 960
3
2 -871 23
3
1 -185 563
3
2 329 35
3
2 669 35
3
2 -1007 -5
3
2 -808 -45
3
2 93 -47
3
2 -151 1
3
1 291 272
3
2 307 -34
3
1 -535 79
3
1 32 382
3
2 -185 41
3
2 -14 -17
3
2 -25 -38
3
2 -218 -61
3
1 628 483
3
2 -772 5
3
2 613 10
3
2 -685 60
3
2 976 -62
3
2 -809 -61
3
2 12 -11
3
2 138 37
3
1 -930 68
3
2 451 -46
3
2 -588 -55
3
2 -887 -54
3
2 258 -57
3
2 -221 27
3
2 -820 -59
3
2 -875 36
3
1 455 170
3
2 936 34
3
1 -812 818
3
1 -673 657
3
2 -992 50
3
2 884 28
3
2 -317 30
3
2 -719 6
3
2 496 -23
3
2 233 -41
3
1 60 51
3
2 304 -3
3
2 -73 -60
3
1 -585 697
3
2 -937 44
3
1 523 1029
3
2 -49 61
3
2 7 45
3
2 -505 -13
3
1 -97 1028
3
2 935 -24
3
1 -472 475
3
2 -82 34
3
1 152 855
3
2 -858 7
3
2 -625 52
3
1 475 295
3
2 -374 50
3
1 -830 896
3
1 -691 564
3
2 -318 61
3
2 -793 -37
3
1 -669 409
3
2 -758 -19
3
1 -196 847
3
2 25 -13
3
1 789 390
3
2 -783 21
3
2 737 -28
3
2 -814 19
3
2 943 63
3
1 947 1053
3
1 14 1047
3
2 632 -59
3
2 679 6
3
2 242 -13
3
1 -155 332
3
2 462 -39
3
2 -973 -62
3
2 -355 -53
3
2 -853 48
3
2 -1022 25
3
1 204 371
3
2 693 -15
3
2 -428 -46
3
2 -942 -17
3
2 -452 58
3
1 494 408
3
2 -16 -48
3
2 773 25
3
1 123 669
3
2 788 47
3
2 950 10
3
2 -59 -30
3
1 588 414
3
2 645 -59
3
1 -374 871
3
2 881 32
3
2 554 41
3
2 -107 -9
3
1 -890 1025
3
1 171 452
3
2 -587 0
3
1 -589 256
3
2 -738 59
3
2 -357 46
3
2 285 27
3
1 8 249
3
2 -214 -54
3
2 -330 47
3
1 842 1059
3
2 400 -27
3
2 908 -9
3
2 8 -61
3
2 442 -6
3
1 -779 13
3
2 -1012 -3
3
2 828 -23
3
2 112 22
3
2 -103 3
3
2 956 1
3
2 851 -59
3
2 -655 29
3
1 973 161
3
2 -982 38
3
2 727 5
3
1 -428 693
3
1 -209 501
3
2 -809 39
3
1 375 252
3
1 675 940
3
2 -800 -58
3
2 -806 -34
3
1 -442 492
3
1 -809 429
3
2 428 0
3
2 350 -57
3
2 779 42
3
2 -839 10
3
1 -108 618
3
1 -944 21
3
2 569 -23
3
2 -805 28
3
2 966 2
3
2 255 33
3
1 578 316
3
2 130 22
3
2 -52 -2
3
2 348 11
3
2 417 24
3
2 563 -39
3
2 206 15
3
2 196 46
3
2 -121 36
3
1 740 372
3
2 773 29
3
2 -321 -53
3
2 -408 59
3
2 -722 63
3
1 -21 710
3
1 -493 1056
3
2 586 -33
3
2 880 -27
3
1 -418 311
3
1 -163 506
3
2 -190 40
3
2 955 14
3
2 548 -18
3
1 -631 574
3
2 163 19
3
2 262 -47
3
1 259 1014
3
2 722 -59
3
2 -690 0
3
2 -451 -54
3
2 671 -11
3
1 180 798
3
1 766 410
3
2 -184 -58
3
2 239 2
3
2 -621 59
3
1 -152 827
3
2 -711 48
3
2 460 32
3
1 -346 583
3
1 686 634
3
2 229 -35
3
2 -500 -42
3
2 650 9
3
2 -115 -28
3
2 257 -26
3
2 -265 -59
3
1 -582 798
3
1 -839 461
3
2 -428 -2
3
2 998 -41
3
2 -335 -8
3
2 625 63
3
2 -183 -64
3
2 -318 -10
3
1 -129 482
3
2 646 -38
3
2 -294 44
3
2 -691 6
3
2 813 56
3
2 696 51
3
2 -373 54
3
1 -677 415
3
1 -474 568
3
2 -461 21
3
1 -400 228
3
1 114 198
3
2 -608 -42
3
1 -717 863
3
1 759 391
3
2 402 -57
3
1 -80 690
3
2 -456 -43
3
2 -202 9
3
2 306 -7
3
2 -70 58
3
2 976 -1
3
2 104 -56
3
2 -707 -18
3
2 779 -43
3
2 -991 51
3
2 -919 21
3
2 -365 54
3
2 -240 18
3
2 296 34
3
1 -100 273
3
2 1005 -43
3
2 -866 -18
3
2 -885 -46
3
2 257 -64
3
2 -725 40
3
2 450 -7
3
2 847 36
3
1 -209 288
3
1 392 452
3
2 652 50
3
2 685 19
3
2 603 -54
3
2 -202 -24
3
2 115 60
3
2 -761 57
3
2 645 -34
3
1 -869 948
3
2 899 -52
3
1 114 944
3
1 -871 445
3
2 -588 49
3
2 -623 18
3
1 -360 555
3
2 518 -58
3
2 -795 -43
3
2 -680 -60
3
2 969 -30
3
1 200 411
3
1 -664 291
3
2 -305 21
3
2 666 -29
3
2 693 -15
3
1 959 191
3
