1065
17 734
31 671
-28 980
-2 -394
-5 629
16 878
-19 470
9 686
12 -576
-20 -525
-10 958
-16 -327
8 -746
-31 -280
-12 -431
-3 904
-12 -867
13 798
25 -702
-10 -182
29 969
-8 -13
-9 393
-6 -631
12 -202
5 -264
-5 -671
17 186
31 803
20 -153
-25 -613
-6 163
16 789
24 -343
-12 -172
31 13
-12 682
-4 187
-5 673
18 -645
-4 -576
-22 -822
-20 -987
31 -103
16 293
3 188
-29 495
-11 761
-26 -226
0 -679
-2 404
12 399
24 -666
-1 624
32 -883
-7 990
9 -417
-10 -657
-1 555
-26 -52
-25 -1017
-23 528
8 486
-30 -776
15 169
-21 375
-31 440
32 -391
-30 -689
-21 805
20 725
1 -983
-22 426
-13 440
-19 160
29 -220
-28 524
1 -867
6 59
-4 245
-26 -537
2 800
4 882
-30 189
-28 -894
10 -868
23 740
-11 -374
-29 607
15 99
-27 453
6 -90
17 187
24 962
16 -550
13 474
30 -734
-31 -672
21 658
-22 852
-12 510
20 -918
-32 181
-18 -144
19 -715
-9 18
10 -679
-29 -822
-25 1020
19 -246
-17 -702
18 -105
17 476
17 -777
25 -749
1 898
16 570
-7 499
-4 -800
25 2
6 309
-21 785
-18 -53
11 -350
-21 103
-16 -100
30 655
11 525
23 -471
-10 217
-9 846
27 78
-20 -442
27 117
31 932
27 -195
-28 138
21 -666
-8 552
12 -996
31 949
31 567
-31 748
13 687
-26 -186
6 -943
27 481
9 26
24 -289
19 -690
-6 262
-3 859
23 728
21 998
18 -311
19 398
0 954
16 194
-4 -1017
-6 -70
1 247
-30 994
3 -342
6 767
-15 -886
-13 -1013
-25 215
-20 801
-30 38
-19 174
3 -249
9 -146
18 511
5 -154
23 928
21 -172
-31 299
24 -147
5 -208
-32 349
24 -328
3 844
-29 -819
32 -707
18 -655
30 996
-19 550
-8 -200
-32 -640
-16 43
31 -579
-14 -587
29 -845
5 700
11 398
-7 415
29 385
4 -42
11 -683
-24 -702
17 767
18 -194
12 -394
30 841
-23 789
5 -747
-12 -782
-22 954
-28 492
20 -118
-8 654
-12 -576
-24 18
-9 -931
-2 681
-14 45
5 709
-19 -309
-18 993
31 -720
-4 -633
0 967
0 271
-29 -480
-6 -524
-10 116
-27 210
-23 -367
5 970
-29 -438
32 -883
-14 25
-8 994
23 652
13 -264
31 183
-2 -1024
30 -263
-23 1021
3 9
25 707
-7 115
4 177
-18 -905
-30 498
-20 -787
6 312
7 -48
31 1003
7 -293
-9 535
25 353
-28 -498
19 806
24 -653
19 507
-16 -84
18 -566
15 370
31 -809
-13 -765
22 995
9 203
29 -684
31 -498
-10 407
-22 -64
-21 -452
-27 -687
-4 -40
-9 -367
17 -773
-3 -959
-2 -359
5 -761
31 791
7 -203
21 583
-12 -852
26 -332
-11 -54
11 736
0 -702
14 -680
26 -898
2 -680
-5 -253
27 844
24 -231
-28 -777
23 -683
-8 -469
27 263
18 -374
31 525
5 110
30 -119
21 352
-23 -407
-30 351
13 -536
-9 502
27 779
-32 560
13 -218
-13 -957
-21 -204
-28 774
26 -800
-8 -530
3 207
-19 195
-19 426
32 -221
4 219
-2 -774
10 -200
-4 -594
-24 562
-3 614
4 -252
-4 -46
-4 793
23 -397
-7 -920
-17 -282
-20 702
-2 -626
-2 -52
20 -390
3 -718
-7 362
-24 612
21 -339
-11 -267
-23 -20
-30 445
10 -463
-22 151
20 -819
18 774
-1 54
1 861
-6 555
-2 -907
-26 -49
3 -1000
-17 18
-10 593
32 786
-7 467
6 319
19 189
28 100
21 -492
-1 -430
22 741
5 -803
32 -437
-7 -664
-16 429
0 -408
-32 113
2 579
22 -199
-30 -505
15 82
12 -870
29 182
-1 610
-4 560
-8 -28
-32 -197
10 -172
32 -567
-2 583
4 500
-24 -708
14 297
30 -730
-17 -302
20 366
12 628
1 51
-22 263
-5 1012
-30 841
26 -951
20 153
-29 523
10 -423
-25 -40
3 -768
21 690
27 -366
22 -374
22 262
-21 -375
-20 -512
-20 163
17 -688
-32 -964
-4 110
21 -739
1 -990
-27 361
-4 -648
-6 -824
-4 85
-15 673
-28 -174
4 -437
20 803
-2 978
-3 -112
-6 41
-13 779
-31 -647
-10 -790
-29 -897
17 958
-29 -120
-9 -215
-19 943
17 971
-19 100
7 379
19 885
3 -637
-4 961
31 -582
-15 -12
-12 79
-26 -963
-22 4
3 70
-12 -347
-22 -777
-27 -995
0 -181
24 246
15 -763
3 95
26 -755
21 -64
-23 758
-16 -841
-23 62
16 598
-18 -962
-7 -711
25 27
-8 -431
-6 941
-2 -584
-9 -937
12 -346
23 286
10 470
-10 -793
-25 249
-10 783
30 -827
30 -843
16 -55
13 885
32 -136
25 -801
12 161
25 57
-16 -637
2 -249
-9 -20
-20 815
-23 81
4 856
-28 498
10 -262
-6 947
19 -47
20 -349
-10 637
-26 212
-18 486
5 -24
31 975
-10 174
18 917
28 763
17 603
1 -296
-9 -875
-17 -488
10 -128
12 318
22 -698
32 -874
-10 -515
-2 287
27 735
11 -1024
25 114
-4 387
18 -697
8 713
-3 457
24 -684
17 106
28 493
19 823
26 315
-22 780
25 576
32 -198
-24 747
-7 -923
20 198
24 921
30 734
8 198
-19 -382
17 -697
30 236
-17 -190
31 -101
3 2
14 -779
21 678
-14 -490
31 -878
18 1018
-15 -532
12 -48
25 776
19 613
-15 -428
9 91
-24 -324
8 846
2 -482
-4 631
1 -66
21 302
18 160
-17 -957
2 -442
-24 -470
9 252
31 -585
0 168
-27 464
21 259
22 664
-10 881
-9 -579
-28 -819
29 -594
32 415
31 -274
27 -479
3 369
-15 -658
-13 665
1 -107
-1 621
-27 621
19 -200
-15 -410
25 -722
-26 437
1 869
-28 -737
18 781
-14 496
23 765
-32 -211
11 -393
-27 -504
-16 774
-14 864
9 -39
-12 431
-14 316
-27 225
-16 492
-2 342
-10 792
-16 99
10 -716
27 544
14 -926
27 -354
-15 -537
-5 1002
8 -958
-16 95
-25 -747
15 300
-18 546
8 -326
-31 -349
-17 350
11 134
3 479
-32 -493
24 -22
-2 -182
-20 -689
22 814
-15 30
-9 641
16 907
-23 650
28 486
-10 708
24 185
12 689
19 -736
7 984
15 240
24 -771
-8 -929
-4 -158
-26 890
-17 -794
16 -513
29 -492
-26 765
-31 64
-1 -695
6 -637
19 -919
-2 25
12 874
29 138
13 -38
32 -206
-19 463
13 488
14 -733
13 736
5 54
-31 -853
18 913
17 -491
0 495
8 -291
12 972
25 483
-19 -794
17 -627
13 499
-30 762
-15 852
-17 778
15 945
-2 921
10 220
-30 -232
8 -208
14 -697
-20 710
-7 -137
-1 -743
-16 -58
-24 -571
8 -320
23 20
17 891
-4 -869
-25 -546
-32 -915
0 562
-24 443
-25 950
-10 120
23 10
-19 -224
-2 975
5 -806
-4 -455
19 -279
4 88
17 -845
20 -925
-6 599
-7 -101
3 953
-24 12
-1 -234
-3 -418
-25 -834
-6 716
7 488
-26 537
8 559
26 -158
9 844
-25 20
23 -628
10 333
25 185
15 166
32 -332
-25 997
-24 -909
-10 -680
28 170
7 -239
11 189
15 -172
-15 -133
18 -1021
-23 111
-9 -828
24 656
-12 990
-28 761
-20 442
26 -715
7 375
28 -32
-12 731
16 242
-6 795
9 277
17 667
21 292
24 -170
1 695
-31 -626
-18 -980
-20 654
-9 -17
-6 -815
16 997
-11 205
31 -746
4 -947
5 -621
-22 -586
-24 471
-21 312
-1 -272
31 -882
-14 -855
-5 236
-12 -120
22 1018
-31 449
30 155
-14 -238
-2 362
29 -753
-32 48
-32 -737
19 842
-23 56
-23 498
-27 -752
11 718
-24 -869
25 -370
13 306
-24 -101
-31 851
0 664
-6 414
9 -883
-30 952
30 847
24 676
-18 462
17 794
12 -1022
2 -962
-18 -542
-5 649
-25 -259
25 -264
23 685
-8 -306
-17 687
-7 837
-20 -232
5 -519
-3 980
28 254
-2 -648
-26 352
6 65
1 -437
-12 119
31 660
-27 142
13 12
19 982
-8 127
25 -187
30 -64
-21 -320
-14 707
32 -426
-9 -460
-32 473
10 -696
-26 -719
-4 573
-25 103
24 -228
-13 -420
-20 560
11 -510
-21 695
-11 115
11 -604
14 48
-20 -58
-19 -472
-19 -941
-29 -627
21 -999
-28 -721
8 102
16 296
-8 -374
-28 -341
-22 950
-23 -663
-13 1013
1 227
-30 -242
30 -1024
29 -104
23 -307
-5 553
-29 903
-26 -232
4 -872
-12 75
-16 256
-10 -188
-13 400
-27 -424
25 358
-32 -300
-5 -539
9 859
-12 -331
6 526
20 -291
-25 476
-15 -904
-31 -231
32 -912
-22 721
-29 -455
7 283
-29 -243
23 193
-24 448
-8 -838
28 -138
29 -117
9 775
-2 -596
2 463
-12 -441
22 -902
13 855
11 -829
-26 92
-7 59
-25 -827
-3 234
-4 443
22 -229
-20 590
25 -374
-28 -324
13 -143
32 885
-24 -528
-27 390
13 -229
22 855
13 772
-24 -292
13 -216
5 647
-19 808
21 -838
27 696
24 725
-22 737
-11 723
0 -7
-25 -624
12 515
9 85
-30 1011
19 -259
-3 861
24 564
-23 890
-9 -874
1 765
-1 229
-19 601
-17 -267
-12 -183
-18 395
29 528
0 -724
5 49
-29 -208
11 -725
-7 -744
18 -1019
-11 -757
15 -505
-11 -479
27 755
12 -329
-20 703
-2 645
0 372
-8 330
-26 -725
-25 406
-29 -522
-10 896
-31 -269
26 937
-31 484
16 632
32 598
-32 238
27 -98
-30 660
8 -175
9 613
-16 808
8 -952
28 549
-28 -81
28 -349
18 829
-21 -571
18 143
32 -103
31 -108
8 928
27 -201
13 39
11 923
-1 -285
1 61
-8 941
-24 -419
24 99
-9 -532
10 826
21 -868
23 13
-28 168
-23 49
23 -106
-29 191
-10 -242
15 152
-25 94
-9 679
32 -636
18 -737
-28 -476
-9 493
1 -889
5 -200
22 -987
29 78
-11 -277
31 -759
24 -945
30 -690
20 -338
-15 -507
29 -160
6 -90
-6 255
-28 -314
-27 583
30 -206
-5 -551
29 498
-30 -594
-18 -309
-32 703
5 795
-16 -99
-23 620
-14 590
-30 -682
-27 797
-21 -366
-29 449
-30 -707
12 -502
16 -811
4 729
-4 -543
7 262
30 -735
25 642
0 212
-27 -860
-17 618
-27 945
8 160
28 -836
13 745
-28 -887
-25 645
14 -875
26 119
5 -480
24 -10
-32 -764
20 235
-6 338
-28 421
29 -258
28 -792
5 974
-15 892
-8 -839
1 -249
14 139
-19 982
2 741
17 -370
-3 677
-13 42
1 -614
-8 303
-4 -813
-1 -286
18 -287
-2 128
29 850
27 825
14 608
20 333
-28 -54
25 11
-24 879
15 947
-13 -739
-29 -68
-20 -783
20 932
28 958
-28 406
12 80
-27 -180
3
2 17 28
3
2 -912 15
3
1 -677 534
3
2 358 -19
3
2 -514 -24
3
2 -741 19
3
2 -45 -61
3
2 -138 -7
3
2 -4 -45
3
2 -948 27
3
1 -530 968
3
1 -614 538
3
2 -364 17
3
2 -848 -64
3
2 60 -24
3
1 -38 501
3
2 820 31
3
1 888 535
3
2 889 22
3
2 -1001 -24
3
2 2 -55
3
2 626 -55
3
2 421 51
3
2 -668 36
3
1 94 296
3
2 -955 12
3
1 -266 1038
3
1 -670 697
3
1 334 691
3
1 79 372
3
2 635 -38
3
2 -29 58
3
2 760 -38
3
2 788 -42
3
2 -612 -53
3
2 145 -32
3
2 -757 -31
3
2 -288 -40
3
2 -636 -25
3
2 -268 49
3
2 380 -1
3
1 -759 906
3
2 311 47
3
2 -358 45
3
2 482 38
3
2 -695 -61
3
2 684 15
3
2 828 -43
3
2 -913 -12
3
2 -577 57
3
1 -701 443
3
1 -259 204
3
2 351 -54
3
2 -500 45
3
2 105 37
3
1 213 965
3
2 916 38
3
2 925 -62
3
2 -431 -38
3
2 -257 -30
3
2 -11 29
3
2 -595 30
3
1 -500 581
3
2 -1016 -26
3
2 182 -42
3
2 433 58
3
2 907 40
3
2 -178 -63
3
2 -549 23
3
2 -330 -58
3
2 -302 -64
3
1 427 253
3
2 -439 63
3
2 -27 38
3
2 279 -42
3
2 448 62
3
2 -725 -40
3
2 -509 -21
3
1 387 898
3
1 -486 321
3
2 -120 44
3
1 785 177
3
2 -593 1
3
2 709 23
3
1 -934 955
3
2 -805 30
3
1 -228 12
3
2 -850 -11
3
2 815 57
3
2 239 -64
3
2 -787 -56
3
1 -738 411
3
1 816 360
3
2 301 -62
3
2 -226 -39
3
2 -583 -23
3
2 687 -19
3
2 -630 -52
3
2 409 1
3
1 -842 368
3
2 409 -22
3
2 276 39
3
1 209 359
3
2 -230 18
3
1 468 638
3
2 533 62
3
2 -100 -11
3
1 918 589
3
2 -508 -34
3
1 -919 654
3
2 225 13
3
2 755 -55
3
2 -594 8
3
2 -828 -7
3
2 -264 -5
3
2 677 -17
3
2 165 44
3
2 -1003 -44
3
1 933 378
3
2 -897 -2
3
1 919 397
3
1 471 617
3
2 -419 -37
3
2 89 -29
3
1 -777 115
3
2 -682 -18
3
2 -723 44
3
1 -724 835
3
1 221 291
3
2 984 -56
3
1 -302 299
3
2 -667 39
3
2 -347 0
3
2 -670 10
3
2 -843 -3
3
2 -398 63
3
2 686 -61
3
2 772 57
3
2 -246 39
3
2 -828 20
3
2 -868 -49
3
2 371 39
3
2 572 18
3
2 -348 -30
3
2 -656 -64
3
2 -103 -16
3
2 -574 23
3
1 656 541
3
2 -488 4
3
2 -1024 54
3
1 -314 392
3
2 514 -35
3
2 906 44
3
2 954 -14
3
2 -789 -52
3
2 22 5
3
2 657 60
3
2 -120 -29
3
1 -473 20
3
2 331 -59
3
1 203 969
3
2 890 22
3
2 699 14
3
2 309 27
3
1 -438 489
3
1 -850 472
3
2 725 -35
3
2 -150 -37
3
2 884 -41
3
2 1018 49
3
1 962 150
3
1 -154 304
3
2 -421 -61
3
2 733 -5
3
2 -115 62
3
2 478 3
3
2 -665 3
3
2 1005 5
3
1 1021 514
3
2 433 60
3
2 264 34
3
1 713 561
3
1 245 612
3
1 -234 474
3
2 742 -33
3
2 -691 26
3
2 100 -24
3
2 186 -44
3
2 984 -13
3
1 484 8
3
2 552 59
3
2 -144 12
3
1 -714 590
3
2 564 -12
3
1 927 183
3
1 449 681
3
1 -697 152
3
1 -762 99
3
2 106 -25
3
2 227 -50
3
1 621 870
3
2 -824 -7
3
2 347 -47
3
1 -896 513
3
2 278 -25
3
2 -858 -43
3
2 -240 -19
3
2 956 -23
3
1 660 1019
3
2 -106 -33
3
2 115 -20
3
2 562 1
3
2 923 29
3
2 -606 -1
3
1 -672 513
3
1 440 610
3
2 504 -27
3
2 -895 -54
3
2 529 -25
3
2 -900 -18
3
1 424 150
3
1 -69 935
3
2 -475 2
3
1 -994 1051
3
2 985 13
3
1 -781 415
3
2 815 31
3
1 466 261
3
2 483 53
3
2 -52 10
3
2 -400 13
3
2 573 -57
3
2 505 -6
3
2 768 39
3
2 -559 -12
3
2 -124 9
3
1 -322 731
3
2 -882 -36
3
1 690 906
3
1 -583 300
3
1 -707 5
3
2 -594 39
3
2 -705 6
3
1 905 374
3
1 46 432
3
2 -881 -42
3
2 -413 28
3
1 419 438
3
2 -306 -36
3
2 -9 1
3
2 409 40
3
2 -675 -60
3
2 -259 53
3
2 159 58
3
2 -415 -3
3
2 539 54
3
2 -834 -11
3
2 380 17
3
2 -988 55
3
2 -359 -46
3
1 680 738
3
2 704 6
3
2 286 -14
3
2 955 27
3
2 405 -24
3
2 127 -2
3
2 -5 54
3
2 714 40
3
2 -137 -14
3
2 693 46
3
2 574 -49
3
1 333 619
3
2 -622 -12
3
2 589 27
3
1 260 444
3
2 -537 55
3
2 390 35
3
1 578 754
3
1 -577 405
3
2 -822 -59
3
1 860 748
3
2 779 62
3
2 -204 -4
3
1 215 702
3
2 657 -44
3
2 -318 27
3
2 903 46
3
2 412 42
3
2 127 -18
3
2 -942 -31
3
2 -592 38
3
2 832 9
3
2 -62 -31
3
1 -941 114
3
1 688 776
3
2 619 -1
3
1 4 296
3
2 -650 4
3
2 395 -3
3
2 -584 61
3
2 -332 32
3
2 -326 -58
3
2 -232 29
3
2 -160 -17
3
2 -33 -8
3
1 921 1060
3
2 629 54
3
2 -520 59
3
2 101 10
3
1 -646 653
3
2 2 -36
3
2 -168 -49
3
2 -377 -39
3
2 706 55
3
2 -288 -7
3
1 369 591
3
2 824 57
3
2 -582 -3
3
2 662 -35
3
2 71 7
3
1 801 446
3
2 211 -32
3
1 -867 403
3
2 66 63
3
1 -493 629
3
2 705 -63
3
2 694 -56
3
2 1013 6
3
2 -523 37
3
2 -958 -22
3
1 661 448
3
1 -97 160
3
2 -485 -13
3
1 290 275
3
2 531 44
3
1 -819 962
3
2 -279 -56
3
2 -292 8
3
1 -868 167
3
2 -368 10
3
2 48 -32
3
2 -129 -49
3
2 -43 -25
3
2 441 56
3
2 493 41
3
2 -177 -14
3
2 338 -6
3
2 300 -63
3
2 -359 -11
3
1 45 347
3
2 48 51
3
2 962 -49
3
2 437 21
3
2 -857 3
3
2 -804 23
3
2 614 1
3
1 5 971
3
1 -401 75
3
1 921 935
3
2 -648 43
3
2 -433 -10
3
2 -334 -25
3
2 -448 -36
3
2 789 0
3
1 -943 407
3
2 -1016 -55
3
1 265 715
3
2 -454 -28
3
2 -904 55
3
2 -415 -42
3
2 643 22
3
2 783 13
3
2 900 -52
3
2 -73 -23
3
2 865 -20
3
2 623 38
3
1 558 489
3
2 1010 17
3
2 -796 -18
3
2 -97 36
3
2 80 10
3
2 293 18
3
2 993 -52
3
2 566 -3
3
2 -819 -18
3
1 132 586
3
2 -579 -48
3
1 -386 581
3
2 -714 11
3
2 -130 -55
3
2 -307 18
3
1 371 1049
3
2 -479 15
3
2 280 -3
3
2 -660 30
3
2 -144 -32
3
1 -726 486
3
2 934 8
3
2 794 -38
3
2 513 26
3
2 -837 -26
3
1 -53 767
3
2 -448 -26
3
1 -98 860
3
2 -613 -60
3
1 409 488
3
1 -508 866
3
2 268 -14
3
1 161 264
3
2 424 -47
3
2 447 35
3
2 311 -22
3
2 -716 -5
3
2 -617 -41
3
1 -362 696
3
2 -259 -38
3
2 850 -43
3
2 -690 -50
3
2 -141 -16
3
2 -266 5
3
2 342 22
3
2 -162 -10
3
1 644 345
3
2 -793 -45
3
2 -609 -36
3
2 -999 -27
3
2 454 -9
3
1 -563 538
3
2 -41 14
3
2 -773 -19
3
1 316 805
3
2 -685 -10
3
2 -756 18
3
2 169 -18
3
2 454 47
3
2 -1 -23
3
2 749 -23
3
2 147 -56
3
2 -515 -63
3
1 -564 796
3
1 -601 976
3
2 -179 54
3
2 -10 -64
3
1 213 620
3
1 386 644
3
2 659 -26
3
2 -764 -22
3
2 -471 -17
3
2 -177 -5
3
2 490 62
3
1 -274 205
3
2 -589 -39
3
2 -106 63
3
2 283 64
3
2 809 -17
3
1 -162 89
3
2 -554 -61
3
2 85 60
3
2 -343 35
3
2 -343 62
3
2 -689 -64
3
2 -41 -22
3
2 -620 -16
3
2 -109 20
3
2 -901 11
3
2 -1005 61
3
1 89 557
3
2 57 -41
3
2 582 -13
3
1 -388 1015
3
2 -856 35
3
2 -911 38
3
2 293 12
3
1 -329 427
3
1 -3 168
3
2 633 -15
3
1 -324 309
3
2 459 -12
3
2 -49 21
3
2 536 30
3
1 -370 614
3
1 33 133
3
2 -382 58
3
2 -185 46
3
2 908 51
3
2 -905 -34
3
2 872 -29
3
2 -973 -60
3
2 816 -20
3
1 261 288
3
1 605 745
3
2 134 -26
3
1 -681 476
3
2 615 59
3
2 838 -22
3
2 625 35
3
2 -518 -24
3
2 574 -63
3
2 -142 55
3
1 478 115
3
1 509 920
3
2 633 41
3
2 450 -45
3
2 765 28
3
2 737 13
3
1 363 613
3
1 789 263
3
2 665 31
3
2 963 -41
3
2 609 19
3
2 653 47
3
2 -301 -23
3
2 853 -48
3
1 148 348
3
2 -40 -9
3
1 685 757
3
2 -120 -62
3
2 -558 38
3
2 959 -60
3
1 124 762
3
2 271 23
3
2 -556 -49
3
1 -175 1033
3
1 221 868
3
2 735 25
3
1 -869 43
3
2 643 40
3
2 -881 -24
3
1 255 949
3
2 323 -4
3
2 313 -25
3
2 -803 59
3
2 682 -42
3
2 -417 -59
3
2 -263 -27
3
1 346 378
3
2 -276 -26
3
2 196 1
3
1 890 964
3
2 720 9
3
2 295 -57
3
1 267 322
3
2 -690 -15
3
2 -697 22
3
2 905 -27
3
2 1003 16
3
1 794 144
3
1 -867 997
3
2 -953 -11
3
2 -554 15
3
1 -571 334
3
2 291 28
3
2 -61 -27
3
2 759 -42
3
2 410 -18
3
2 -371 -3
3
1 618 466
3
1 -589 530
3
2 -265 -35
3
2 -202 61
3
2 945 -58
3
2 417 34
3
2 -541 -56
3
1 290 814
3
2 -581 8
3
2 -856 -38
3
2 837 -40
3
2 635 33
3
2 -241 -4
3
2 -389 -40
3
2 -624 -26
3
2 883 62
3
1 -209 31
3
2 -494 12
3
1 -669 637
3
2 -341 4
3
2 -556 -61
3
2 1015 -30
3
1 -81 700
3
2 -186 9
3
2 658 13
3
2 854 10
3
2 -844 -62
3
2 114 -12
3
2 -636 29
3
2 -636 -12
3
2 -768 54
3
2 -415 -12
3
1 -167 320
3
2 -799 37
3
2 558 33
3
2 -272 -33
3
1 -311 959
3
2 411 -63
3
2 -378 -34
3
2 -697 -33
3
2 -890 -49
3
2 -633 -58
3
1 709 43
3
2 -179 16
3
2 -612 45
3
2 321 36
3
2 943 -39
3
1 532 827
3
2 -382 59
3
1 -419 524
3
2 -943 -45
3
1 561 34
3
1 -525 940
3
2 -185 -63
3
1 883 227
3
2 263 57
3
2 858 63
3
2 -738 -64
3
2 713 -30
3
1 475 285
3
2 -550 -42
3
2 968 -46
3
2 2 31
3
2 484 -24
3
2 590 3
3
1 -659 680
3
2 -972 -4
3
2 362 -30
3
2 170 4
3
2 -903 -1
3
2 -480 -7
3
2 -476 -21
3
1 527 533
3
2 -349 63
3
2 -209 61
3
2 -690 -38
3
2 -447 -22
3
2 -586 -3
3
2 449 -56
3
2 -798 -58
3
2 -136 27
3
2 -44 -47
3
2 -474 22
3
2 610 -46
3
2 974 8
3
1 -549 529
3
2 402 -13
3
2 -950 23
3
1 -220 376
3
2 -282 35
3
2 364 -12
3
2 143 -6
3
2 24 61
3
2 -1016 20
3
2 67 38
3
2 -748 55
3
2 -532 -45
3
2 -260 58
3
2 432 2
3
1 689 1027
3
1 631 487
3
2 802 24
3
1 728 187
3
2 -91 30
3
2 -978 -22
3
2 -95 6
3
2 -692 12
3
1 880 949
3
2 -574 -17
3
1 -509 99
3
2 -746 -20
3
2 -398 -7
3
2 -20 57
3
2 -87 0
3
1 525 555
3
2 -285 -9
3
2 -1016 -49
3
2 -242 -2
3
2 64 -46
3
2 192 2
3
2 -138 -26
3
2 -565 52
3
2 593 36
3
1 798 638
3
1 -454 775
3
1 -535 237
3
2 320 -56
3
2 -984 4
3
2 -96 -14
3
1 342 481
3
2 -517 -20
3
2 6 15
3
2 151 27
3
2 -377 -10
3
2 -646 -4
3
2 415 -56
3
1 -361 767
3
2 942 -42
3
2 595 58
3
1 73 967
3
1 -110 734
3
1 326 1018
3
2 -44 38
3
2 -726 10
3
2 -784 17
3
1 819 1003
3
2 -812 -3
3
1 991 662
3
2 -163 -22
3
1 -110 1005
3
2 828 -22
3
2 464 -1
3
1 -741 126
3
2 878 13
3
2 997 -61
3
2 -838 18
3
1 986 536
3
2 128 16
3
2 -297 10
3
1 -899 598
3
2 202 -61
3
2 -585 -45
3
2 844 7
3
2 30 50
3
2 -844 25
3
2 137 -32
3
2 -196 17
3
2 -158 10
3
1 683 954
3
2 360 29
3
2 995 -55
3
1 -83 1006
3
2 -1012 51
3
1 213 663
3
2 -720 33
3
2 -497 -56
3
1 164 446
3
2 -60 32
3
2 332 -39
3
2 -358 23
3
2 833 -10
3
2 -391 35
3
1 -492 195
3
2 -211 -15
3
2 817 41
3
2 515 5
3
2 606 -48
3
1 540 572
3
2 -68 35
3
2 22 -60
3
2 -601 -24
3
2 -200 18
3
2 130 -52
3
2 -817 -34
3
2 -962 49
3
1 -637 1062
3
2 -729 48
3
2 -923 -58
3
2 -864 32
3
2 -382 -19
3
1 373 108
3
2 345 -25
3
2 -549 48
3
2 -247 -53
3
2 439 46
3
1 -749 723
3
2 814 43
3
1 171 70
3
2 -691 -44
3
2 610 -39
3
1 -382 468
3
2 751 4
3
2 32 51
3
2 -470 -46
3
1 570 654
3
1 -129 860
3
2 -4 63
3
2 -1009 -1
3
2 -557 1
3
2 -251 54
3
2 443 11
3
2 -613 47
3
2 -33 -20
3
1 775 145
3
2 -541 -30
3
1 -845 746
3
2 -774 63
3
1 479 904
3
2 966 32
3
2 -689 51
3
2 -770 37
3
2 71 50
3
2 642 -9
3
2 -630 -36
3
2 617 -10
3
1 -811 791
3
2 994 -57
3
2 -324 64
3
2 528 30
3
2 809 -19
3
2 106 57
3
2 -939 -9
3
2 987 -34
3
2 -232 -33
3
2 58 12
3
2 890 40
3
2 -426 56
3
2 203 57
3
1 -792 116
3
2 129 -24
3
2 154 -61
3
2 238 58
3
2 794 48
3
2 -262 -47
3
1 -617 152
3
2 -300 -44
3
1 357 595
3
2 -958 -2
3
2 -693 -9
3
1 -954 753
3
2 130 37
3
2 765 48
3
2 -3 -26
3
2 -1018 -1
3
2 161 13
3
1 -970 113
3
2 -612 -3
3
2 -334 -51
3
2 -458 40
3
2 568 -30
3
1 478 327
3
2 404 6
3
2 -81 15
3
2 522 -23
3
1 -580 192
3
2 768 28
3
2 335 32
3
2 256 39
3
2 -292 51
3
2 974 -43
3
2 83 55
3
2 776 -45
3
2 -296 35
3
1 734 110
3
2 532 61
3
2 -1008 -12
3
2 425 -46
3
2 65 46
3
2 -485 52
3
2 -894 20
3
1 958 710
3
2 -434 31
3
2 -721 13
3
2 607 -23
3
2 483 -21
3
2 92 -49
3
2 -510 21
3
2 112 0
3
1 601 352
3
2 1011 15
3
2 885 -61
3
2 -323 -1
3
2 863 23
3
1 778 381
3
1 456 913
3
1 853 165
3
2 689 45
3
2 -727 -51
3
2 -576 64
3
2 -176 -21
3
1 422 928
3
2 -746 17
3
1 167 966
3
2 -207 42
3
2 -111 -56
3
2 987 -43
3
2 30 11
3
2 -1020 -21
3
2 974 -20
3
2 -108 -15
3
1 -36 930
3
1 -927 624
3
2 883 48
3
2 63 -17
3
2 -219 -21
3
1 519 231
3
2 -192 34
3
1 -301 52
3
2 -721 -53
3
2 -849 33
3
2 837 -2
3
2 612 -33
3
1 202 312
3
1 -555 245
3
2 657 51
3
1 -317 579
3
2 -575 -6
3
2 572 -15
3
1 -677 332
3
1 225 756
3
2 -996 45
3
2 -334 -46
3
2 -582 -62
3
2 -550 49
3
2 67 21
3
2 134 -16
3
1 -387 341
3
2 584 13
3
2 1001 60
3
2 301 9
3
2 939 37
3
2 315 5
3
2 -447 -2
3
2 -978 -1
3
1 -702 30
3
2 674 -63
3
2 595 54
3
2 -619 -12
3
2 316 -26
3
2 630 39
3
2 -526 7
3
1 -778 422
3
1 484 702
3
2 -636 -44
3
2 -81 3
3
1 242 232
3
2 18 -21
3
2 206 61
3
2 355 24
3
2 299 -59
3
2 -761 0
3
2 789 51
3
2 -1020 -24
3
2 914 35
3
1 -618 784
3
2 -428 -58
3
2 595 51
3
2 527 39
3
2 464 -24
3
2 382 -6
3
2 -954 21
3
2 979 37
3
2 862 -33
3
2 809 1
3
2 354 -54
3
2 331 43
3
2 -635 42
3
2 612 47
3
2 -133 -21
3
2 -1018 15
3
1 -901 134
3
2 206 -53
3
2 498 40
3
2 -564 49
3
2 993 -22
3
2 -547 23
3
2 182 -31
3
1 -390 506
3
1 -519 404
3
1 150 185
3
2 -647 -37
3
2 939 -15
3
1 63 543
3
2 827 -42
3
1 -465 747
3
2 691 50
3
2 -743 3
3
2 950 14
3
1 -360 527
3
2 -113 -6
3
2 25 -58
3
1 124 438
3
2 -374 1
3
2 929 -13
3
2 232 -32
3
2 -63 -45
3
2 375 47
3
2 -114 -45
3
2 -406 49
3
1 -122 347
3
2 744 -45
3
1 266 868
3
2 -837 20
3
2 494 -36
3
2 621 -57
3
2 -488 7
3
1 -818 1030
3
1 836 759
3
2 499 -36
3
2 725 44
3
2 -384 4
3
1 -402 495
3
2 584 -14
3
2 590 36
3
1 -70 623
3
2 700 13
3
1 5 970
3
2 175 -32
3
2 -913 -15
3
2 990 16
3
1 648 790
3
2 648 47
3
2 -423 62
3
2 133 -33
3
2 171 -60
3
2 -76 7
3
2 865 64
3
2 -730 -58
3
1 147 864
3
2 -495 -2
3
2 -217 57
3
2 699 2
3
1 -554 131
3
2 -715 36
3
1 -825 263
3
1 -777 511
3
2 -34 -64
3
2 586 36
3
2 -643 58
3
2 -149 16
3
1 -793 95
3
1 -396 295
3
2 -387 -64
3
1 332 460
3
1 -211 41
3
2 -36 -36
3
2 -1006 4
3
2 -553 -12
3
2 473 -60
3
2 -378 38
3
2 957 -32
3
1 -1020 162
3
1 -28 580
3
1 -586 755
3
2 -515 -25
3
1 -154 346
3
2 -92 -61
3
1 -489 456
3
2 -26 -29
3
2 420 41
3
2 -672 -19
3
2 -956 40
3
2 -248 34
3
2 388 19
3
2 -277 -34
3
2 -507 39
3
1 -566 448
3
2 -1001 5
3
2 310 -10
3
2 -863 -54
3
2 967 -55
3
2 396 -44
3
2 101 44
3
2 208 -50
3
2 23 -58
3
2 361 19
3
2 -863 -47
3
2 -559 61
3
2 210 9
3
1 -645 250
3
2 -428 33
3
2 -744 -31
3
2 974 0
3
2 -426 63
3
2 617 -36
3
2 -1021 -6
3
2 652 45
3
2 934 15
3
2 360 48
3
2 443 64
3
1 -449 470
3
2 -937 -24
3
1 -441 751
3
2 -747 -34
3
2 -441 50
3
2 710 21
3
2 152 -10
3
2 904 28
3
2 428 -53
3
1 58 923
3
2 981 -32
3
1 -448 396
3
2 267 27
3
2 665 37
3
2 954 -1
3
1 -892 488
3
1 -927 671
3
2 -525 -13
3
2 266 35
3
1 632 870
3
2 952 -56
3
1 799 749
3
2 965 51
3
2 887 -26
3
2 -886 51
3
1 -663 440
3
2 534 8
3
1 283 551
3
2 -994 -32
3
2 -888 25
3
2 19 -47
3
2 766 -39
3
2 415 -46
3
2 -449 14
3
2 499 36
3
2 256 4
3
2 -466 -12
3
1 -492 558
3
2 -454 10
3
2 75 6
3
2 -894 33
3
2 691 -7
3
2 798 17
3
2 718 -61
3
2 92 -11
3
1 385 453
3
1 -318 972
3
2 -384 13
3
1 686 41
3
2 85 -60
3
2 1006 46
3
2 -211 -13
3
2 -204 -29
3
2 967 -14
3
2 604 53
3
2 -132 37
3
2 147 30
3
2 436 -17
3
2 507 -15
3
2 -634 -46
3
2 -801 -43
3
2 536 27
3
1 -466 516
3
2 -832 9
3
2 526 26
3
2 521 49
3
2 946 18
3
1 310 4
3
1 682 915
3
2 -954 22
3
1 88 190
3
2 -673 15
3
1 16 355
3
2 391 39
3
1 -877 662
3
2 -625 8
3
2 -3 -57
3
2 -354 38
3
2 498 -39
3
2 678 -17
3
2 -241 -35
3
2 796 25
3
2 1017 61
3
2 -294 4
3
2 390 8
3
2 -423 -60
3
2 719 32
3
2 889 -26
3
2 525 -49
3
2 645 4
3
2 103 22
3
2 -365 28
3
2 -736 -42
3
2 61 58
3
1 682 92
3
2 -910 -4
3
1 418 210
3
2 489 50
3
2 -898 -20
3
1 523 708
3
2 726 -22
3
2 311 38
3
2 653 -60
3
2 -282 48
3
2 -52 -49
3
2 -561 43
3
2 -383 24
3
2 -34 24
3
2 132 15
3
2 100 14
3
2 -989 62
3
2 -302 -55
3
2 -630 -13
3
2 70 55
3
2 -33 -32
3
1 986 464
3
2 145 16
3
2 209 2
3
2 532 18
3
1 102 551
3
2 -437 -9
3
2 -983 -27
3
1 -363 273
3
2 174 47
3
2 -847 18
3
1 -184 210
3
1 229 371
3
2 -215 1
3
2 -513 49
3
2 996 -27
3
1 -286 876
3
2 977 -16
3
1 485 792
3
2 -597 -63
3
1 523 440
3
2 718 25
3
2 965 -9
3
1 880 259
3
2 431 -46
3
1 773 623
3
2 470 48
3
1 69 709
3
2 -219 40
3
2 -1024 8
3
2 -739 49
3
1 -423 530
3
2 911 2
3
1 334 843
3
2 -409 27
3
2 -784 -26
3
2 845 -52
3
1 457 958
3
1 141 211
3
1 -465 568
3
2 -163 -18
3
1 -312 612
3
2 953 -63
3
1 -751 537
3
2 1021 -56
3
2 633 -47
3
1 -919 105
3
2 -846 -2
3
1 291 79
3
1 -96 707
3
2 981 -36
3
2 460 -41
3
2 -429 41
3
2 -210 23
3
2 -564 -28
3
2 989 51
3
2 -413 23
3
2 822 7
3
2 -360 -45
3
2 -78 -29
3
1 -382 832
3
2 -475 -26
3
2 -267 60
3
2 -384 49
3
2 -493 -25
3
1 534 700
3
2 888 38
3
1 -635 428
3
2 -504 18
3
1 909 534
3
2 -960 -52
3
1 898 28
3
1 536 33
3
2 -68 25
3
2 896 -5
3
2 -675 41
3
2 462 43
3
2 -196 47
3
1 -424 307
3
1 71 377
3
2 678 6
3
2 843 33
3
2 -1023 64
3
1 -227 32
3
2 459 -25
3
2 -41 -12
3
2 798 60
3
2 -1023 27
3
2 -72 -56
3
1 218 158
3
2 280 -11
3
1 756 247
3
1 -876 237
3
2 -787 -59
3
2 127 -20
3
2 -676 -20
3
1 -613 103
3
2 178 29
3
1 -986 66
3
2 -512 -49
3
2 -51 -8
3
2 -564 48
3
2 383 -16
3
2 253 11
3
2 2 -55
3
2 -1010 -27
3
1 -897 509
3
2 -223 -27
3
2 818 26
3
1 -761 1054
3
2 -279 -11
3
2 -642 -15
3
2 528 -20
3
2 160 -27
3
2 -949 -50
3
2 223 -51
3
2 -977 16
3
2 348 9
3
2 -923 10
3
2 -763 36
3
2 -1005 -34
3
2 -855 -9
3
2 -71 -31
3
1 983 585
3
2 -16 -8
3
2 644 -51
3
2 239 -28
3
2 -821 37
3
2 203 -21
3
2 -748 34
3
2 936 -41
3
2 -430 59
3
2 -801 52
3
2 -819 -14
3
2 282 59
3
2 -58 12
3
2 -287 13
3
2 -279 -51
3
2 256 -37
3
2 -426 23
3
1 500 903
3
2 193 47
3
2 61 -32
3
1 119 343
3
2 -1011 -22
3
2 333 -27
3
1 788 679
3
2 913 64
3
1 544 1027
3
2 806 17
3
2 937 -31
3
2 444 39
3
2 8 15
3
2 70 -60
3
2 589 55
3
2 523 21
3
2 -507 -12
3
2 -213 -24
3
2 70 -43
3
2 546 -41
3
2 -558 -42
3
1 769 348
3
1 1021 37
3
1 -89 688
3
1 717 570
3
1 -889 216
3
2 -867 34
3
2 -528 12
3
2 873 27
3
1 5 738
3
2 -485 54
3
2 -96 26
3
2 852 -12
3
2 372 -13
3
2 630 -47
3
2 615 -56
3
1 -364 727
3
2 -1007 11
3
2 622 48
3
1 -568 1006
3
1 -696 220
3
2 149 -57
3
2 363 -40
3
2 -559 -33
3
1 528 996
3
2 625 -62
3
2 769 -31
3
2 -60 -22
3
1 -26 360
3
2 428 -57
3
2 -713 64
3
2 -933 -4
3
2 23 16
3
2 -409 25
3
2 -269 20
3
2 -890 -9
3
2 937 -49
3
2 -778 -16
3
1 98 434
3
2 -175 -45
3
2 971 9
3
2 -24 -62
3
2 843 -55
3
2 -699 -39
3
2 333 29
3
2 -42 37
3
2 839 -23
3
2 -972 24
3
2 177 -6
3
2 296 -9
3
2 867 -14
3
2 169 23
3
2 -625 -44
3
2 897 -53
3
1 -435 141
3
2 518 -47
3
2 -742 -12
3
2 -884 26
3
1 -994 718
3
2 -584 54
3
2 261 -25
3
1 317 107
3
2 186 -55
3
1 -109 389
3
2 48 -18
3
2 -637 -17
3
1 -494 652
3
1 389 346
3
2 -301 -26
3
2 93 -26
3
2 373 -39
3
2 485 10
3
2 916 2
3
2 972 52
3
2 980 63
3
1 -265 1054
3
2 268 -25
3
1 -678 2
3
2 -491 35
3
2 1006 16
3
2 -1013 -5
3
2 978 5
3
2 487 5
3
2 -550 15
3
2 814 31
3
1 -979 725
3
2 -800 -2
3
2 -417 2
3
1 -712 966
3
2 393 26
3
1 778 559
3
2 -321 52
3
1 -25 727
3
1 -197 296
3
2 -948 19
3
2 -691 -4
3
2 961 -28
3
2 951 -53
3
2 -331 49
3
2 -113 51
3
2 161 -1
3
2 -671 39
3
2 435 -19
3
2 -726 19
3
2 -622 3
3
2 702 62
3
2 -604 10
3
1 -687 220
3
2 287 -30
3
2 802 3
3
2 -696 -63
3
2 925 -63
3
2 498 -49
3
1 44 812
3
1 -473 89
3
2 273 -42
3
2 -233 -20
3
1 281 105
3
2 374 -63
3
2 -154 -18
3
2 -398 -35
3
1 -93 999
3
1 952 388
3
1 -872 809
3
2 -642 -62
3
2 -329 18
3
2 -624 47
3
2 970 53
3
1 -231 946
3
1 -460 572
3
1 169 820
3
2 -743 44
3
1 229 310
3
1 960 81
3
2 723 16
3
2 945 7
3
2 791 8
3
2 -342 -34
3
2 444 64
3
2 -150 -49
3
2 -297 -58
3
2 -693 40
3
1 -925 875
3
2 -496 35
3
2 -898 34
3
2 -44 48
3
2 -733 -29
3
2 -125 -25
3
2 523 -32
3
2 48 -25
3
2 -679 10
3
2 505 -17
3
2 432 -35
3
2 55 17
3
2 -474 -61
3
2 -261 -25
3
2 -145 -33
3
1 -752 222
3
2 -599 -31
3
2 595 63
3
2 -702 -41
3
2 800 -12
3
2 772 -7
3
1 468 800
3
1 -689 483
3
1 -953 368
3
2 621 35
3
2 215 64
3
2 46 1
3
2 47 -25
3
1 -446 886
3
2 -192 -62
3
2 116 30
3
1 -959 585
3
2 696 -31
3
2 -938 13
3
2 -784 18
3
1 -599 1060
3
2 4 -39
3
1 11 578
3
2 1006 43
3
2 263 49
3
2 -179 16
3
2 -911 -41
3
2 -856 -33
3
2 -486 18
3
1 -576 1021
3
2 -759 53
3
1 775 873
3
2 -159 38
3
2 -406 32
3
2 358 -6
3
2 -143 -24
3
2 -111 26
3
2 -615 30
3
1 729 695
3
2 -618 29
3
2 576 -49
3
2 -86 -56
3
2 -508 51
3
2 893 61
3
1 -427 266
3
2 464 54
3
2 95 14
3
2 68 -5
3
2 568 40
3
2 -882 -42
3
1 -454 873
3
2 738 7
3
2 651 -19
3
2 830 30
3
2 234 4
3
2 -362 -1
3
2 910 -33
3
2 580 60
3
1 -161 925
3
1 250 933
3
2 213 9
3
2 -7 -41
3
2 -659 17
3
2 146 19
3
1 978 492
3
2 -879 -50
3
2 -446 -37
3
2 631 59
3
1 711 660
3
2 524 5
3
2 476 49
3
2 -905 -46
3
2 -120 -4
3
2 273 32
3
1 142 578
3
1 86 885
3
2 55 -61
3
2 145 22
3
2 423 9
3
2 432 12
3
2 -196 37
3
1 -893 656
3
1 -407 406
3
1 -649 222
3
2 -790 40
3
2 942 23
3
1 599 534
3
2 -398 -38
3
2 -955 57
3
2 -211 1
3
2 549 -43
3
1 513 3
3
2 -325 49
3
2 -64 8
3
2 929 -18
3
2 47 -43
3
2 1021 -43
3
2 842 -15
3
2 143 34
3
2 -368 1
3
1 -677 1060
3
2 -822 -19
3
1 854 1054
3
2 -892 30
3
1 872 353
3
2 653 -62
3
2 -950 46
3
2 -297 15
3
2 -829 51
3
2 950 -39
3
1 -162 189
3
1 760 973
3
2 -762 -27
3
2 -525 4
3
2 822 -4
3
2 440 46
3
2 -216 -18
3
2 988 -22
3
2 -443 42
3
2 -854 55
3
2 -969 57
3
1 275 280
3
2 316 59
3
1 -659 505
3
2 -152 32
3
2 204 -3
3
2 969 31
3
2 89 10
3
2 968 -17
3
2 675 48
3
2 891 -3
3
1 427 506
3
2 1022 24
3
2 455 63
3
2 907 63
3
2 -335 16
3
1 -57 678
3
2 -745 8
3
1 888 1012
3
2 -83 64
3
1 877 974
3
1 -492 512
3
2 155 -23
3
2 -505 14
3
2 77 -31
3
2 672 14
3
1 698 521
3
2 -62 13
3
2 -621 30
3
2 -398 57
3
2 266 -55
3
2 -623 -62
3
2 -229 47
3
1 227 671
3
1 -938 224
3
1 733 982
3
2 835 -37
3
1 849 590
3
2 -162 45
3
2 -718 -19
3
2 -656 9
3
2 -622 51
3
2 -188 31
3
2 -895 11
3
2 -239 -1
3
2 127 -7
3
1 379 224
3
2 973 51
3
2 651 34
3
1 301 187
3
2 -159 35
3
2 -365 30
3
2 -809 -42
3
2 713 6
3
2 112 -22
3
1 -1001 968
3
2 97 -5
3
2 518 -57
3
2 -313 -58
3
1 -456 745
3
2 -308 -10
3
1 395 272
3
2 -505 -27
3
2 -676 13
3
2 622 -15
3
1 -112 989
3
2 -95 7
3
2 483 -19
3
1 -90 783
3
2 -439 -58
3
1 253 347
3
2 307 -38
3
1 -387 853
3
2 -481 63
3
2 667 45
3
2 -768 -8
3
1 975 1018
3
2 -385 57
3
1 224 1038
3
2 891 -49
3
2 379 42
3
2 -957 23
3
1 -411 710
3
1 -839 726
3
1 7 909
3
2 -835 16
3
2 -266 53
3
2 273 -57
3
1 -749 59
3
2 965 -49
3
2 863 -49
3
2 171 24
3
2 -202 0
3
1 263 954
3
2 -134 -32
3
2 -772 -58
3
2 -227 -37
3
2 895 -27
3
2 -1022 17
3
2 -432 34
3
2 -337 37
3
2 -483 21
3
1 973 876
3
2 572 53
3
2 -119 -7
3
2 -945 -49
3
1 -113 886
3
2 -234 -37
3
2 -669 27
3
1 -680 338
3
2 -915 23
3
2 -994 61
3
2 175 -45
3
2 -894 -14
3
2 84 4
3
2 40 -1
3
2 190 35
3
2 -245 -21
3
1 -993 853
3
2 782 -30
3
2 412 40
3
2 807 42
3
2 -422 -58
3
2 -916 46
3
2 101 -37
3
2 -68 -33
3
1 -146 396
3
1 666 729
3
2 188 42
3
2 -552 28
3
1 -450 416
3
2 -355 56
3
2 -751 20
3
2 -665 45
3
1 988 541
3
2 1015 -58
3
2 -1018 0
3
1 -614 338
3
1 969 666
3
2 -12 45
3
2 -139 41
3
2 -839 63
3
2 991 -6
3
2 405 -42
3
2 93 15
3
2 139 -42
3
2 -952 -20
3
2 -943 51
3
2 -591 -58
3
2 136 46
3
2 -542 20
3
2 348 -49
3
2 28 -55
3
2 -389 9
3
1 232 602
3
2 -58 44
3
2 209 -64
3
2 887 57
3
2 593 -7
3
2 27 -19
3
2 173 -34
3
2 69 -14
3
2 -641 7
3
2 -659 0
3
2 -138 52
3
2 -650 -8
3
2 -670 53
3
2 -702 -64
3
2 688 39
3
2 371 35
3
2 896 33
3
2 77 1
3
2 658 58
3
2 46 4
3
1 -330 486
3
2 -378 -41
3
2 -471 62
3
2 -537 -53
3
1 530 283
3
2 602 54
3
2 -696 -11
3
2 191 -1
3
2 -999 -22
3
2 -140 55
3
2 -183 39
3
2 -894 -19
3
2 740 -3
3
2 -193 -58
3
2 265 -63
3
2 148 40
3
2 1017 21
3
1 -539 898
3
2 669 26
3
2 -96 34
3
2 -422 -9
3
2 579 22
3
2 -817 38
3
2 -159 26
3
1 -196 1041
3
2 -755 -10
3
2 -951 40
3
2 -914 -50
3
2 -567 59
3
2 237 -50
3
2 6 -35
3
2 -566 20
3
1 193 757
3
2 787 56
3
1 165 337
3
1 394 925
3
2 -484 -53
3
1 -606 263
3
2 733 -59
3
2 -542 -25
3
2 553 -18
3
1 -264 994
3
1 210 866
3
1 156 616
3
1 -622 312
3
2 704 -62
3
2 184 29
3
1 370 432
3
2 725 -2
3
2 -645 61
3
2 262 7
3
1 -48 801
3
1 27 291
3
2 -843 -60
3
1 771 583
3
2 60 -23
3
1 881 530
3
2 746 52
3
2 -236 49
3
1 -582 591
3
2 -568 63
3
2 836 -14
3
2 503 20
3
2 164 -26
3
2 -933 -39
3
2 452 -40
3
2 -923 21
3
2 -420 28
3
2 -692 -42
3
1 16 924
3
1 139 552
3
2 230 20
3
2 -489 34
3
2 242 -47
3
1 529 363
3
2 -250 -7
3
1 -365 75
3
2 -659 -7
3
1 -248 1040
3
2 568 -8
3
2 -394 -53
3
1 202 12
3
2 771 13
3
2 315 -56
3
2 -985 13
3
2 -308 56
3
1 -156 296
3
2 353 64
3
2 939 18
3
2 -171 -45
3
2 -485 0
3
1 -59 99
3
1 -620 1028
3
2 897 14
3
2 -979 -14
3
1 502 886
3
2 158 3
3
2 139 21
3
2 536 -19
3
2 -878 34
3
2 -1015 38
3
2 777 20
3
2 -907 -56
3
1 615 997
3
2 -50 10
3
2 700 33
3
1 -971 180
3
2 -817 -4
3
1 -522 448
3
2 691 3
3
2 315 49
3
2 -1020 -27
3
2 987 63
3
1 959 870
3
2 747 37
3
1 -634 1048
3
2 606 13
3
2 727 -22
3
2 -433 31
3
1 116 236
3
2 665 -37
3
1 -295 503
3
2 -774 -60
3
1 144 104
3
2 -742 63
3
2 -826 43
3
1 -118 990
3
1 -1020 35
3
2 703 6
3
1 -46 490
3
1 977 535
3
2 707 -26
3
2 -592 -61
3
1 -240 994
3
2 -184 30
3
2 549 49
3
2 -415 43
3
1 53 415
3
2 110 30
3
2 -253 -38
3
2 679 -62
3
2 147 55
3
2 -820 -36
3
1 -209 60
3
2 888 -34
3
1 -879 916
3
2 1 -40
3
1 38 220
3
1 -42 1036
3
2 -161 24
3
2 311 36
3
1 -525 374
3
2 -401 -37
3
2 419 -22
3
1 -481 758
3
2 765 38
3
1 -253 1020
3
2 -69 51
3
2 297 38
3
2 525 -32
3
2 -457 47
3
2 -648 -46
3
2 -877 -8
3
2 825 19
3
1 -904 213
3
2 410 -20
3
2 -832 -17
3
2 592 -39
3
2 -390 43
3
1 944 775
3
2 -784 0
3
2 229 41
3
1 -995 1030
3
1 873 703
3
2 501 49
3
2 -712 -2
3
2 -58 56
3
2 926 -10
3
1 742 588
3
2 372 -22
3
2 167 21
3
1 951 1035
3
1 -875 571
3
2 -590 16
3
1 177 1009
3
2 943 -41
3
1 -87 26
3
2 931 -25
3
2 -170 -50
3
2 -20 30
3
2 882 -11
3
1 542 907
3
1 -153 547
3
2 -541 21
3
2 -310 25
3
2 148 -59
3
1 -806 256
3
2 -418 51
3
1 366 913
3
2 -380 41
3
2 849 -16
3
1 195 391
3
2 -63 31
3
2 -921 41
3
1 32 451
3
2 734 43
3
2 986 -48
3
1 -295 670
3
2 890 34
3
2 160 -38
3
2 -64 23
3
2 897 29
3
2 -615 63
3
2 671 18
3
2 -445 -27
3
2 312 52
3
2 -726 20
3
2 452 -40
3
2 -346 24
3
2 -729 -16
3
2 -205 39
3
1 573 816
3
2 -929 -47
3
2 -252 22
3
2 -1011 2
3
1 -442 1045
3
2 65 -41
3
2 730 52
3
1 -402 30
3
2 107 6
3
1 852 173
3
1 -903 442
3
1 159 615
3
2 390 -28
3
2 -620 -42
3
2 748 0
3
2 616 -53
3
2 -29 64
3
2 53 -39
3
2 -808 -6
3
2 619 45
3
2 174 -50
3
2 -223 46
3
1 -675 847
3
2 2 -27
3
2 338 45
3
2 -381 9
3
2 -320 -60
3
2 -51 -9
3
1 592 124
3
2 878 -30
3
2 603 32
3
1 852 879
3
2 695 -62
3
2 907 8
3
2 475 -13
3
2 -19 43
3
2 -508 -51
3
2 -776 57
3
2 -713 32
3
1 301 802
3
2 44 53
3
1 687 955
3
2 -173 28
3
2 -608 3
3
2 810 -4
3
1 -294 1010
3
2 -741 -41
3
2 974 60
3
2 808 -3
3
1 -511 307
3
2 196 -60
3
1 -481 36
3
2 818 29
3
2 -678 -13
3
2 667 -35
3
2 -444 -57
3
2 -807 -5
3
2 796 -4
3
2 -298 -8
3
2 -934 26
3
2 276 3
3
1 863 304
3
2 652 -32
3
1 852 578
3
2 -704 21
3
1 -981 54
3
1 -1022 944
3
2 -311 6
3
2 888 62
3
2 837 -24
3
2 863 7
3
1 -528 39
3
2 424 -40
3
2 474 -27
3
1 -988 877
3
2 -589 19
3
2 863 -26
3
2 -959 -5
3
2 -469 -52
3
2 66 8
3
2 -890 -45
3
2 -578 52
3
1 -1018 398
3
2 -878 -60
3
1 188 311
3
2 -738 -14
3
1 1021 960
3
1 -463 594
3
2 216 2
3
2 -315 -38
3
2 -939 -32
3
1 155 338
3
2 -268 -29
3
2 -18 -61
3
2 219 30
3
2 763 -56
3
2 -903 -40
3
2 858 -1
3
1 -926 73
3
2 268 45
3
2 -869 -41
3
2 110 44
3
2 117 -24
3
2 -425 46
3
2 -18 9
3
2 -673 45
3
1 -932 270
3
2 -443 42
3
1 346 508
3
2 -571 18
3
1 -54 376
3
1 -530 1015
3
2 496 -22
3
1 470 980
3
2 -463 27
3
2 -64 55
3
2 416 64
3
1 -52 655
3
2 -393 11
3
2 633 37
3
2 661 -16
3
2 -222 -9
3
2 -839 -52
3
1 593 471
3
2 -555 28
3
1 33 452
3
2 47 11
3
2 -392 -3
3
2 87 1
3
2 -467 -60
3
2 774 52
3
2 -131 -28
3
2 -512 58
3
2 -765 -51
3
2 223 20
3
2 384 -50
3
2 -443 -23
3
1 909 535
3
2 922 -64
3
1 -571 83
3
2 -41 -6
3
2 -617 -31
3
1 245 239
3
2 -545 -5
3
2 -980 -39
3
2 526 -19
3
2 -701 35
3
1 -148 275
3
2 -940 40
3
2 115 -12
3
2 -447 -61
3
1 596 663
3
2 972 -4
3
1 -157 902
3
2 362 -16
3
2 951 55
3
2 104 42
3
1 943 185
3
2 -511 10
3
2 952 -19
3
2 254 49
3
2 218 -55
3
2 -311 -39
3
1 -821 863
3
2 995 45
3
2 -273 -41
3
2 881 -55
3
2 -83 61
3
2 -209 -58
3
2 913 -17
3
2 -360 -22
3
2 539 -14
3
2 -79 31
3
2 -947 48
3
2 -559 -41
3
2 -408 30
3
2 -992 50
3
2 -964 -20
3
1 -473 923
3
1 -970 182
3
2 -292 44
3
2 -934 -15
3
2 260 21
3
1 -347 547
3
2 -863 -5
3
2 -415 -60
3
1 -612 670
3
2 -839 3
3
2 359 22
3
2 -602 40
3
2 -721 -25
3
2 -258 60
3
2 -531 46
3
2 198 -40
3
1 596 582
3
1 121 66
3
1 -987 979
3
2 -824 14
3
1 -1008 181
3
1 -726 496
3
2 -600 -9
3
2 34 -59
3
2 -335 -63
3
1 776 160
3
2 -654 -50
3
2 963 -34
3
2 -416 -42
3
2 365 24
3
2 -220 -41
3
2 -596 -51
3
2 317 16
3
2 -334 4
3
1 102 980
3
2 349 -34
3
2 571 27
3
2 -93 59
3
1 -523 666
3
1 -307 61
3
2 741 31
3
2 931 -12
3
2 -851 17
3
2 -205 26
3
2 562 4
3
1 407 46
3
2 -472 -48
3
1 -966 308
3
2 69 37
3
2 623 50
3
1 -129 500
3
2 390 49
3
2 -81 12
3
1 -607 455
3
1 895 644
3
2 -519 -13
3
2 23 3
3
2 844 49
3
2 -681 18
3
2 668 52
3
2 -891 -18
3
1 -456 249
3
2 353 0
3
1 -197 577
3
2 -902 27
3
2 -636 -37
3
2 -587 12
3
2 841 0
3
2 -544 50
3
1 881 279
3
2 -824 -50
3
2 -309 -9
3
2 796 -24
3
1 -409 587
3
1 -544 538
3
2 -584 48
3
2 392 -55
3
1 374 708
3
2 -580 -22
3
1 -863 214
3
1 -366 816
3
1 271 71
3
2 -100 -30
3
2 -536 -29
3
2 918 40
3
2 34 -48
3
2 -634 1
3
2 987 4
3
2 617 59
3
2 -888 -19
3
1 726 961
3
2 983 63
3
1 963 469
3
2 -6 -17
3
2 442 20
3
2 891 -42
3
2 -831 -41
3
2 -701 -28
3
2 -951 53
3
2 948 58
3
2 753 -36
3
2 203 34
3
2 11 -63
3
2 975 -37
3
2 634 10
3
2 495 51
3
2 -540 -52
3
2 482 -31
3
1 350 679
3
2 -492 -38
3
2 166 -8
3
2 422 -2
3
1 -479 435
3
1 -76 574
3
1 584 992
3
2 369 -43
3
2 -174 -20
3
2 -655 -16
3
1 938 16
3
2 -925 -8
3
2 550 11
3
2 455 53
3
2 285 -28
3
2 -534 5
3
1 553 255
3
2 -622 -20
3
2 418 20
3
2 791 -59
3
2 -203 52
3
2 -442 61
3
2 -2 -47
3
2 845 22
3
2 765 -45
3
2 282 19
3
2 -143 -40
3
2 125 -12
3
1 556 375
3
2 -415 -1
3
2 767 11
3
2 -156 -29
3
2 420 33
3
2 613 -19
3
1 332 227
3
2 -902 35
3
2 932 14
3
2 -240 -24
3
2 -464 -58
3
2 597 -52
3
1 -785 38
3
2 938 -58
3
1 231 359
3
1 -307 64
3
2 -735 -38
3
1 -256 79
3
2 -940 31
3
2 327 -48
3
1 -150 940
3
2 607 7
3
2 827 -35
3
2 308 40
3
1 -368 557
3
2 -690 -5
3
2 698 -22
3
1 -560 958
3
2 428 23
3
2 444 63
3
2 -387 -55
3
2 -484 -47
3
1 762 88
3
2 -1006 57
3
2 717 -2
3
2 714 54
3
1 -913 772
3
1 264 631
3
2 783 39
3
1 -474 531
3
2 -673 19
3
2 746 63
3
2 794 25
3
2 222 -4
3
2 -32 -17
3
1 -760 505
3
1 290 818
3
2 335 6
3
1 655 671
3
1 -714 910
3
2 -372 -14
3
2 -517 29
3
2 482 -13
3
2 889 10
3
1 502 585
3
2 -23 -60
3
2 -352 54
3
2 -811 64
3
2 600 -42
3
2 -812 -64
3
2 517 13
3
1 616 327
3
1 -487 363
3
2 531 -18
3
1 -921 853
3
2 483 -24
3
1 847 1004
3
2 -742 -50
3
2 -947 -50
3
1 -521 757
3
2 -963 -48
3
1 639 511
3
2 420 10
3
2 -825 -11
3
2 711 -27
3
2 897 10
3
2 -1 21
3
1 867 56
3
2 762 45
3
2 852 36
3
1 -602 369
3
1 637 700
3
2 468 23
3
1 909 291
3
2 799 -6
3
2 -383 -23
3
2 -99 4
3
2 275 56
3
2 439 -4
3
2 -31 -18
3
2 614 0
3
2 -183 -2
3
1 -780 886
3
2 384 -26
3
1 767 327
3
2 -552 -38
3
2 1007 -47
3
2 -368 -31
3
2 727 17
3
2 -753 -10
3
2 307 -12
3
2 -644 35
3
2 -404 52
3
2 -603 -16
3
2 -17 -3
3
1 528 257
3
2 392 -49
3
2 599 43
3
1 -546 886
3
2 -233 -63
3
1 -682 249
3
2 578 1
3
1 85 320
3
2 870 -37
3
2 -769 -64
3
2 576 -30
3
2 938 -46
3
2 -807 -37
3
2 -798 -26
3
2 -646 55
3
2 -382 -23
3
2 -929 56
3
2 92 -33
3
2 -662 -23
3
1 779 962
3
2 572 34
3
1 -811 1049
3
2 -827 -62
3
1 667 582
3
2 -211 36
3
2 -117 -56
3
2 -793 -4
3
2 191 32
3
1 893 474
3
1 197 1020
3
2 136 -6
3
1 213 650
3
2 -206 39
3
1 -520 649
3
2 773 -41
3
2 -659 63
3
2 -374 -62
3
1 -868 318
3
1 -8 249
3
2 4 17
3
1 -577 82
3
2 360 50
3
2 -343 -59
3
2 -932 12
3
2 -156 -63
3
1 -711 82
3
1 -416 592
3
1 312 197
3
2 -997 31
3
1 -907 273
3
2 337 38
3
1 232 397
3
1 -1007 735
3
1 -111 212
3
2 -1022 -6
3
1 659 907
3
2 -307 5
3
2 408 -5
3
2 948 -10
3
2 -358 -33
3
1 -750 883
3
2 420 53
3
1 803 647
3
2 -318 -29
3
2 633 -6
3
1 -179 593
3
1 683 767
3
2 285 -18
3
2 832 -62
3
2 -758 -6
3
2 131 -28
3
2 -154 22
3
2 -739 -10
3
1 594 340
3
1 -160 67
3
2 -85 35
3
2 109 41
3
2 -507 28
3
2 942 -12
3
2 -128 8
3
2 499 -52
3
2 598 31
3
2 401 17
3
2 438 -37
3
2 598 -19
3
1 -653 250
3
2 416 -19
3
1 426 533
3
1 -216 661
3
2 974 -43
3
2 -970 49
3
2 -653 1
3
2 297 -61
3
2 -903 10
3
2 -473 -7
3
1 -341 113
3
2 850 -5
3
2 197 51
3
2 -991 38
3
2 679 -41
3
2 -673 -8
3
2 205 45
3
2 86 59
3
2 280 -33
3
1 358 986
3
2 -867 30
3
2 108 -20
3
2 -709 58
3
2 787 -45
3
2 -609 -21
3
2 608 -62
3
1 839 562
3
2 170 34
3
2 -486 -47
3
2 -178 6
3
2 666 -28
3
2 370 30
3
2 -651 -41
3
1 -435 674
3
2 -734 32
3
2 -574 36
3
2 611 -46
3
2 631 -21
3
2 807 -13
3
1 749 495
3
2 1007 43
3
2 -295 45
3
2 766 -53
3
1 802 356
3
2 -155 21
3
2 113 53
3
2 932 23
3
1 457 214
3
2 -202 38
3
2 -251 -13
3
2 -359 10
3
2 -367 -50
3
2 345 -34
3
2 -470 58
3
1 -487 416
3
1 709 360
3
1 -885 735
3
1 -844 888
3
1 -535 907
3
2 582 -61
3
2 278 -64
3
2 -780 27
3
2 -685 50
3
2 -602 20
3
2 59 -43
3
