1110
2 -750
6 852
11 -432
12 1009
-3 363
4 -968
-8 325
-16 585
-16 -244
6 -402
18 -162
8 -809
23 218
-16 750
-26 870
-16 -845
21 -433
3 876
16 -1007
14 470
4 748
-23 157
-20 -536
5 -81
-30 -237
-21 -232
-3 -470
-21 -179
-30 -806
-7 955
-31 577
18 695
0 629
-9 -722
4 -130
-2 1
-6 -749
-27 -870
-27 901
-26 -16
22 -922
29 265
-24 -778
10 405
5 -880
-12 17
16 -67
-2 -671
-3 747
3 183
31 404
-21 723
11 342
-27 419
28 950
25 370
1 666
-22 685
32 720
22 -159
27 401
-18 -463
-14 -966
31 895
6 -479
19 397
6 -788
31 -420
-16 972
-32 -740
-13 913
-30 925
19 264
1 -582
-30 651
-6 -713
5 -371
13 -152
-9 -262
9 492
-16 283
1 -303
-4 472
-25 -439
7 -212
30 293
-28 500
15 231
-18 267
12 -300
11 956
-14 944
16 -140
-25 -752
14 -3
-29 -631
-18 -907
21 286
-24 392
-6 1009
-26 718
12 880
-8 -41
-29 -67
15 759
26 118
21 669
8 252
-19 316
12 638
2 -248
27 -945
-8 610
-3 -53
13 -300
-13 -868
-15 721
32 99
-2 -414
-11 -632
18 -335
5 524
-1 -990
-19 -163
-32 787
8 -362
14 -30
-11 921
-11 594
10 45
13 287
25 -825
-32 214
13 -362
28 -694
10 145
-13 -997
-8 328
-2 -93
-1 -613
2 127
-29 722
13 790
-6 -347
-19 462
-28 141
-27 -101
28 -293
22 639
5 -599
12 911
2 964
0 727
20 487
1 944
-1 816
-3 -78
-9 -368
28 -917
-20 46
24 -506
-28 805
-15 -496
-27 -1006
9 368
28 -424
28 502
-9 167
-6 -217
-6 -187
1 -498
-31 773
-4 630
-24 135
-21 201
1 -743
11 368
-30 626
6 -964
-27 15
21 576
8 -855
3 642
-20 769
-19 477
27 -385
0 -326
14 -598
-8 -744
-10 17
-18 -282
8 -848
-4 -152
24 470
24 -602
-13 337
-30 75
0 -486
27 -182
7 -907
-12 864
25 786
1 -905
22 843
-4 -275
-3 -143
-30 646
7 553
21 836
3 -621
0 -542
-5 719
18 -290
-22 249
9 3
22 -176
-11 98
22 -132
-12 798
18 105
23 34
-2 478
-9 1020
-5 -875
8 4
27 40
21 269
11 -1006
-14 991
-14 -493
9 -903
27 -189
24 -59
24 950
-3 902
31 -787
28 -520
-16 79
6 -815
4 306
11 -243
-12 700
21 -433
-27 4
21 -550
-29 -498
2 891
-2 -209
18 -1008
6 -478
-30 -253
6 -707
-29 475
-10 -274
5 625
22 899
-7 889
14 919
-23 -244
-9 1013
-17 946
-2 -198
-4 -173
-20 620
-13 334
0 -262
-9 926
-10 -693
30 452
-28 -476
9 -424
19 -591
-26 -27
-14 -617
-9 -287
-16 -553
-23 910
-6 448
11 890
22 580
-6 -327
-12 -745
-2 886
-18 -50
-7 155
32 365
-17 -103
-26 707
-10 613
10 111
-28 485
-8 985
11 855
22 -942
-7 -573
-11 920
-29 -44
6 -302
-10 -239
30 642
-22 -366
22 159
19 -757
19 425
-11 956
26 693
-8 93
11 -238
-30 37
-5 -893
-19 506
-15 612
-5 713
19 -746
13 470
5 390
17 902
-13 147
-11 -635
14 512
4 -941
-25 225
27 -702
-31 612
-11 855
-6 336
-19 -255
23 -226
4 -791
-5 932
-4 973
-23 -218
-4 -179
18 995
4 502
-1 -493
-25 -874
-29 762
-5 -282
-32 -704
4 -956
-9 -115
-25 -958
-6 -752
25 -802
27 -22
25 -35
1 509
2 202
-24 1021
19 -576
-19 -248
-17 772
32 560
-5 -160
-2 -986
-7 -1
16 -278
-28 -931
-20 -659
-28 174
-13 487
-19 -408
-11 -588
-23 962
23 -15
-24 -575
25 986
-7 763
-28 687
23 -647
19 -1
-5 -888
22 954
16 -797
0 547
-21 639
20 -485
8 1005
-22 24
10 -128
16 304
-25 769
-22 -506
2 787
-12 86
20 394
14 515
13 -194
16 249
6 740
-11 946
-29 292
-22 -440
-13 -613
-1 -834
-9 104
17 605
26 760
-32 356
-22 280
24 149
-1 527
-17 692
-22 84
13 -147
-15 -313
2 153
-20 747
-30 -773
-28 -192
-2 -606
19 -88
27 785
-20 98
-25 681
-14 46
-9 -486
6 -556
-30 906
7 -902
2 864
19 -491
-18 814
20 730
-1 391
20 -29
-14 450
-18 -217
-14 -983
-23 839
18 770
-4 15
-16 -591
18 491
20 -501
-28 -974
-14 423
-6 869
23 840
20 -771
-28 88
-9 -522
-17 -406
9 -276
-32 -346
31 -155
-15 -89
32 709
-2 -682
23 -877
-21 -749
8 -819
18 782
-32 911
-13 -401
32 804
-3 -661
20 226
29 -457
-18 -408
-18 -1024
20 -378
12 -704
-29 255
4 505
-1 -7
20 88
-19 -58
-20 760
-15 443
-30 -544
26 558
11 -9
-20 289
-21 734
10 -756
12 855
26 -892
-12 -292
2 815
24 790
8 480
-23 -19
-10 -301
-27 -773
23 -438
29 -661
9 -473
1 904
-12 914
-13 -814
-26 322
-2 -977
-11 704
32 -695
11 -33
26 789
5 973
-20 869
-8 -27
5 814
-5 828
-30 168
-22 -4
28 683
-16 -364
-3 -982
-17 422
-9 -100
17 -156
-2 596
-18 -701
18 257
-6 618
16 -592
-15 -827
-29 126
22 887
19 868
12 -171
2 -257
-31 -629
-15 -578
31 -126
23 -619
30 63
-18 -472
16 -175
-32 -365
-32 -625
31 521
-29 -224
-31 -939
-19 -596
30 -503
8 -58
21 234
0 -975
30 -383
16 -1022
-15 666
-20 1024
29 453
-1 1004
-24 -758
14 -870
23 975
-21 411
14 -431
15 476
-13 -952
-18 -669
-29 243
-18 -550
-16 841
23 908
15 -993
32 677
-31 -805
9 -453
-29 -502
-15 249
-20 143
19 1021
25 987
9 -709
29 -134
-10 -172
7 -974
-28 -542
4 -244
-7 -162
-32 760
-32 271
27 146
-22 953
-30 -482
26 116
27 325
-22 -115
-14 585
32 -703
12 358
-15 48
28 964
-20 -748
-15 383
23 1019
-31 -396
-12 73
1 -430
28 -607
29 -333
19 798
6 646
12 -746
19 -141
-25 -880
-28 236
21 -399
18 -814
2 -641
12 -9
-8 -824
-18 643
10 -144
-18 -237
-13 -699
-1 807
-31 -67
-27 -755
30 634
-5 298
-9 -680
0 -566
1 -315
-14 -177
-10 239
-1 -65
10 -591
-3 712
-2 791
29 563
22 416
27 -834
1 773
6 -465
23 -437
4 -376
4 367
-1 366
-9 -273
-22 -392
16 3
-2 -108
-6 633
17 -810
6 -458
12 491
-22 -414
-12 819
8 -395
-19 229
31 699
17 -924
25 959
10 -419
-32 -370
-30 -885
1 -756
-21 70
-2 -388
20 -237
10 -476
1 -888
-23 -600
3 -531
18 798
-14 -803
6 -450
-13 -1023
-15 -749
19 170
21 -205
-29 -461
-9 342
-15 964
-21 -620
27 -893
7 470
11 63
-13 712
4 -614
-30 -771
25 957
24 442
-24 311
-20 540
-6 -401
18 -233
-9 -626
13 795
32 62
12 -983
14 -922
-8 -51
-28 -644
11 -816
19 121
-1 -626
-9 -248
27 1012
-1 534
-4 -992
-24 -161
-7 -730
-9 -605
-26 -449
-32 751
-15 -863
-25 103
-22 -518
-9 -253
24 762
6 -872
25 947
13 464
-3 -545
27 -587
-25 618
-27 310
3 514
7 976
21 -327
-2 682
-7 -493
17 458
22 244
-5 -297
-10 73
-27 -908
31 272
-29 -607
-29 554
-10 751
-28 107
13 -477
29 766
-14 -340
31 177
25 273
-9 -410
28 -816
22 -89
30 -698
-5 279
-5 -533
27 -1
24 278
-2 -286
-21 -323
13 40
-24 953
-19 -301
-6 -292
-18 -582
5 -440
-31 -313
22 890
26 193
-29 -419
27 635
16 511
31 -556
24 -350
25 -232
30 -1021
28 -961
-18 -923
4 -991
-7 -874
32 -723
-7 -516
0 504
28 98
-28 566
18 656
2 776
24 809
-20 418
29 -621
17 298
11 506
-29 851
24 -901
4 416
-7 336
-17 -16
7 706
-31 193
-22 672
3 995
-24 934
-1 958
5 -57
17 666
17 25
-2 -272
-15 -724
-10 -399
-23 439
-4 -840
-3 -290
-8 594
-3 -880
8 -830
3 521
7 -416
-15 -112
14 -387
18 381
-6 -848
-27 -295
31 425
-5 -541
3 -596
-18 43
-22 -864
14 -242
19 168
31 -507
22 -818
6 -496
-15 -580
3 -692
14 -778
1 848
24 95
-31 -698
-32 -466
-22 -478
-28 -828
5 576
-26 -682
20 -938
-3 -277
-12 -664
-9 106
16 -280
21 280
9 96
6 -771
14 -76
20 -40
-11 868
-17 549
-8 -543
27 -45
3 589
-16 366
30 -730
-23 255
-29 -1006
-19 -505
-22 -113
-25 -209
9 -211
-30 -99
-18 905
-25 -548
12 380
-27 -398
11 -279
-27 -131
-27 -659
3 -39
-27 323
-10 803
-16 577
32 81
9 74
-16 -579
21 941
8 -424
-21 208
7 -480
-26 -972
31 424
15 727
32 -941
-6 -1010
23 728
-15 -252
12 679
18 -220
29 -236
17 120
12 229
2 -980
8 -680
-27 -655
5 -185
29 11
30 -829
7 531
0 806
0 322
3 882
5 1015
-12 396
28 -240
18 -376
1 -143
-15 -85
20 682
17 153
-22 124
-27 448
28 206
18 872
-32 921
7 257
10 -375
-13 802
-4 652
8 411
27 -180
-30 804
29 400
0 603
-15 -46
13 -941
11 -813
1 212
25 -362
-23 642
8 -312
-3 -759
28 502
3 465
-6 -297
16 28
8 -114
20 -287
-22 14
-11 -682
9 47
22 557
22 444
27 -860
13 315
10 -896
22 -344
8 -684
24 949
-20 -226
-7 -880
10 -850
19 -391
6 -709
21 -821
-9 102
31 -454
18 1021
6 -622
7 584
18 455
10 -816
-7 593
-2 269
0 330
8 657
11 357
30 1016
17 719
-5 -411
1 -573
-28 -365
-31 350
-7 -526
4 817
28 959
-14 257
32 -666
29 -845
-32 343
-22 -355
-7 -554
28 -730
-11 -543
29 768
-12 398
3 786
32 -833
-16 689
-20 353
-6 748
-20 729
17 429
-7 -194
11 -335
-19 -932
-29 124
13 -687
31 -513
14 -618
17 -136
-7 449
-6 -699
25 -262
19 818
1 -41
-17 377
27 -1016
26 751
17 390
15 -548
-5 -785
7 533
20 1019
-19 -654
2 275
2 -331
-11 372
-8 -685
9 -529
-11 712
-5 -351
24 119
7 358
10 -16
-8 774
-8 205
-19 -476
31 -972
7 -779
1 431
-20 145
-25 -806
-30 -419
17 -910
14 178
25 532
13 -646
1 1021
4 -529
15 459
5 953
18 746
-22 377
21 1019
31 709
29 -907
-2 13
13 -678
7 894
-16 695
7 774
0 -638
29 340
12 351
-19 -150
-1 57
5 449
7 -258
-29 -960
1 423
23 162
-17 603
4 363
23 -232
-3 897
1 280
-13 153
-4 774
-27 536
18 305
5 398
-27 164
3 -373
27 -377
-21 155
11 978
30 -439
-9 491
24 -543
13 -868
-8 722
-6 1000
-14 -435
29 -680
-32 851
11 -538
-31 498
18 -978
-1 -981
-20 -696
-21 740
15 -510
19 -186
11 737
-10 240
31 136
9 -207
-5 300
-12 862
-11 -29
-24 -244
28 -113
19 595
16 -646
-1 -397
30 837
24 989
23 -382
21 -717
-12 585
29 737
28 997
16 320
4 -112
19 -620
-6 -692
27 829
-26 414
-26 153
-31 -498
20 474
-14 -927
3
2 -871 -37
3
2 974 -33
3
2 -16 1
3
1 -44 28
3
1 741 947
3
2 633 -48
3
2 -232 -1
3
2 694 -40
3
2 -563 7
3
2 936 -49
3
1 -163 807
3
2 -971 6
3
1 -171 659
3
2 838 55
3
2 631 -46
3
2 -956 55
3
1 -162 298
3
2 853 38
3
2 484 9
3
2 382 53
3
2 -646 -34
3
2 603 19
3
2 386 63
3
1 -48 925
3
2 856 -43
3
1 -89 419
3
2 564 16
3
2 57 46
3
2 -186 -27
3
2 875 51
3
2 -8 28
3
2 905 50
3
2 -536 13
3
2 776 -12
3
2 699 -3
3
2 -538 45
3
2 259 10
3
2 808 -60
3
2 780 4
3
2 636 -15
3
2 -225 41
3
2 596 23
3
2 -947 -7
3
2 98 -63
3
2 -554 -25
3
2 802 -13
3
2 136 -43
3
2 -666 -58
3
2 275 27
3
1 367 897
3
1 506 176
3
2 558 16
3
1 102 860
3
2 35 55
3
2 -714 35
3
2 -777 -53
3
1 268 1061
3
2 425 54
3
1 -251 28
3
2 -408 30
3
2 829 -5
3
2 379 12
3
2 682 -61
3
1 -335 196
3
2 154 55
3
2 286 -45
3
2 548 57
3
1 -339 556
3
2 995 18
3
2 207 -57
3
2 -529 -10
3
2 610 -8
3
1 -903 899
3
2 645 35
3
2 741 13
3
1 -658 212
3
1 -187 339
3
2 -784 6
3
2 -555 55
3
2 -248 11
3
1 -522 973
3
1 -358 439
3
2 -735 -39
3
2 -14 7
3
2 -209 -10
3
2 -1009 1
3
1 393 833
3
2 168 -37
3
1 -235 489
3
2 -43 43
3
2 850 24
3
2 -314 -35
3
1 429 318
3
2 -336 -48
3
2 129 39
3
2 442 -63
3
2 375 44
3
2 990 -35
3
1 409 95
3
2 141 20
3
2 -121 -31
3
2 631 -29
3
1 446 292
3
1 470 97
3
2 324 11
3
2 -277 37
3
1 -454 295
3
2 -906 -10
3
2 -368 -56
3
2 93 56
3
2 -796 6
3
2 -484 -60
3
2 671 31
3
2 -627 56
3
1 217 158
3
2 947 -20
3
2 41 -1
3
1 452 133
3
2 299 -50
3
2 -653 57
3
2 -910 25
3
2 -647 61
3
2 -691 59
3
2 -100 16
3
2 789 -36
3
2 570 -16
3
2 -828 -37
3
1 -470 181
3
1 -438 376
3
2 700 55
3
2 -501 20
3
2 961 44
3
2 82 23
3
1 894 493
3
2 -744 -15
3
2 -921 -62
3
2 596 27
3
2 281 27
3
2 -212 -25
3
2 -226 25
3
2 332 15
3
2 667 33
3
1 -218 198
3
2 -115 -50
3
1 -676 1037
3
2 877 5
3
2 370 -60
3
1 403 775
3
1 405 652
3
1 -863 1057
3
2 557 43
3
1 -856 140
3
2 -112 46
3
2 47 -20
3
2 33 17
3
2 -900 56
3
2 378 25
3
2 -35 64
3
2 -46 -36
3
2 417 41
3
2 6 11
3
2 -244 -42
3
2 -396 -17
3
2 656 52
3
2 221 37
3
2 -909 2
3
2 -69 55
3
1 -761 911
3
2 -656 32
3
2 -991 -50
3
2 570 0
3
2 -764 12
3
2 -741 59
3
2 -603 12
3
1 -466 200
3
2 -1006 54
3
1 -321 750
3
1 933 912
3
1 -426 327
3
2 617 60
3
2 125 -27
3
2 191 -10
3
2 -553 62
3
2 -682 39
3
2 363 -41
3
1 -460 299
3
2 -976 -45
3
2 -809 -8
3
2 520 -21
3
1 403 386
3
1 -744 62
3
2 672 53
3
1 -205 26
3
2 -696 55
3
2 878 23
3
1 -384 601
3
2 244 -32
3
1 645 605
3
2 56 64
3
2 896 21
3
2 124 -10
3
1 -153 590
3
1 -699 99
3
1 -717 424
3
2 -811 43
3
2 -422 3
3
2 980 -19
3
2 -1023 -27
3
2 136 -49
3
2 444 11
3
2 518 4
3
1 -29 337
3
2 -1006 -46
3
2 106 -21
3
2 -959 -8
3
2 -253 16
3
2 -286 17
3
2 16 -3
3
2 868 14
3
2 -796 -26
3
1 -987 40
3
1 -450 180
3
2 976 -21
3
2 12 -47
3
2 -453 -18
3
2 459 18
3
2 -198 -10
3
2 -130 -47
3
2 282 61
3
1 70 1025
3
2 642 60
3
2 -952 -47
3
1 -255 309
3
2 -528 -27
3
1 -950 1018
3
2 -796 -44
3
2 -489 0
3
2 439 1
3
2 -572 5
3
2 200 11
3
1 -899 68
3
2 -279 56
3
2 496 57
3
1 932 1002
3
1 621 679
3
2 655 4
3
2 -244 -13
3
2 710 7
3
2 461 -12
3
2 -125 2
3
2 -818 -43
3
2 978 -60
3
1 205 221
3
2 -625 -16
3
2 -987 -17
3
2 -311 -20
3
2 839 32
3
2 728 -49
3
2 762 5
3
2 711 45
3
1 -380 861
3
1 -845 623
3
2 925 50
3
2 -960 15
3
1 -368 888
3
2 -812 -34
3
2 500 -3
3
2 515 -32
3
1 698 253
3
1 988 828
3
2 49 -16
3
2 567 35
3
2 214 -37
3
2 0 20
3
2 -682 -11
3
2 -185 40
3
2 609 -8
3
2 431 17
3
2 1016 48
3
1 -762 841
3
1 -417 894
3
2 720 -60
3
2 -983 48
3
1 827 495
3
1 914 7
3
2 -685 60
3
2 331 59
3
2 -323 23
3
2 -894 -39
3
2 -108 -58
3
2 -838 -54
3
2 -392 -16
3
2 898 -4
3
2 371 -34
3
2 -370 -42
3
2 -159 -26
3
2 194 45
3
2 164 -34
3
2 -248 27
3
2 -342 -39
3
2 -669 63
3
1 870 978
3
1 742 452
3
2 -325 -28
3
2 -795 8
3
2 698 -31
3
2 385 -42
3
1 411 556
3
2 -841 1
3
1 -308 811
3
1 736 308
3
2 -687 50
3
1 241 382
3
1 486 445
3
2 365 -4
3
1 277 728
3
2 -461 12
3
2 18 3
3
2 -147 -24
3
2 -826 -51
3
1 948 40
3
2 -788 62
3
2 235 -13
3
2 302 45
3
2 -214 -23
3
2 -659 -58
3
2 -169 -23
3
2 -597 56
3
2 -243 -57
3
2 -893 -28
3
2 -838 54
3
2 788 42
3
2 -780 -4
3
2 324 46
3
2 188 -31
3
1 578 887
3
2 -880 60
3
2 808 16
3
2 419 48
3
2 185 -29
3
2 822 -50
3
2 1017 64
3
2 -940 24
3
2 824 -44
3
2 138 26
3
2 952 37
3
2 -44 -23
3
2 -236 28
3
2 906 7
3
2 160 59
3
1 -226 928
3
2 -841 50
3
2 600 -37
3
2 747 -5
3
2 926 -4
3
2 924 -7
3
2 -944 8
3
2 -236 -64
3
2 -623 36
3
2 726 33
3
2 -668 -21
3
1 1016 142
3
2 -94 2
3
1 -679 802
3
2 -929 11
3
1 -656 713
3
2 -305 -26
3
2 -246 46
3
2 843 39
3
2 817 51
3
2 375 2
3
2 849 21
3
2 -328 -32
3
2 1 -59
3
2 98 -48
3
1 -922 889
3
2 966 42
3
2 594 4
3
2 -223 47
3
2 445 -16
3
2 -317 58
3
2 338 30
3
1 545 782
3
2 -633 34
3
2 113 14
3
2 -903 10
3
2 -706 -43
3
2 782 40
3
2 766 3
3
2 670 -55
3
2 -316 -44
3
2 213 -50
3
1 -311 277
3
2 -959 53
3
2 663 5
3
2 41 13
3
2 104 4
3
1 -990 42
3
2 -925 7
3
2 628 -33
3
2 901 3
3
2 781 45
3
2 -420 56
3
2 557 53
3
1 -387 236
3
2 946 54
3
2 -465 -36
3
2 444 0
3
2 -855 -29
3
2 -488 -3
3
2 -58 -27
3
1 116 1045
3
1 -651 254
3
1 747 140
3
2 604 43
3
2 56 54
3
2 762 15
3
2 -546 -47
3
2 500 -42
3
2 -969 -24
3
2 -697 7
3
2 998 -58
3
1 232 1005
3
1 -233 286
3
2 -332 44
3
2 598 -21
3
2 -474 -23
3
2 -884 -39
3
2 940 4
3
1 -538 241
3
2 945 -30
3
1 -370 23
3
2 908 40
3
2 -764 21
3
2 -218 29
3
2 622 41
3
2 141 37
3
2 -78 54
3
2 -614 3
3
2 751 64
3
1 -58 738
3
2 -536 -64
3
2 456 -18
3
1 219 843
3
2 -1013 -18
3
2 -586 5
3
2 -494 13
3
2 -488 -36
3
1 422 840
3
2 -336 -31
3
2 366 -50
3
2 806 0
3
1 958 330
3
1 -483 989
3
2 859 -30
3
1 -471 722
3
2 -288 31
3
2 932 -56
3
2 -767 -5
3
2 675 -21
3
2 -913 7
3
1 22 993
3
1 550 276
3
1 -472 596
3
2 -733 -51
3
2 573 -30
3
1 483 107
3
2 161 -7
3
2 554 -59
3
1 -489 230
3
2 857 -4
3
2 436 -53
3
2 785 -50
3
2 823 51
3
1 -256 803
3
2 -391 30
3
2 343 8
3
2 -595 44
3
2 -110 21
3
2 -852 -2
3
2 -596 -6
3
2 1023 21
3
2 713 8
3
2 -56 -2
3
1 795 933
3
2 539 -60
3
2 -272 -54
3
2 637 30
3
2 -926 63
3
2 931 -26
3
2 -799 58
3
2 140 -1
3
2 186 -57
3
1 913 883
3
1 -201 455
3
2 -302 64
3
2 671 -11
3
2 639 39
3
2 275 6
3
2 -892 24
3
2 -277 4
3
2 927 14
3
2 84 40
3
2 28 -23
3
1 -979 514
3
2 -121 0
3
1 164 206
3
2 -807 -21
3
2 -556 -59
3
2 -216 -52
3
2 -640 -49
3
2 -888 -16
3
2 576 18
3
2 -658 -18
3
2 -37 -63
3
1 674 800
3
2 989 23
3
2 635 48
3
2 -262 25
3
1 443 67
3
2 97 -30
3
1 462 870
3
2 -372 -32
3
1 -681 9
3
2 960 -12
3
2 -774 -8
3
1 -36 687
3
2 -766 53
3
2 -275 -7
3
1 686 919
3
2 -310 -60
3
2 557 -25
3
2 -397 61
3
1 -13 147
3
2 -825 -60
3
1 286 442
3
1 638 182
3
2 906 -9
3
2 795 -51
3
2 775 -3
3
2 -397 -4
3
2 -798 -16
3
1 -805 643
3
2 -354 -38
3
2 -615 -57
3
2 423 60
3
2 -662 -35
3
2 190 12
3
2 542 55
3
2 644 39
3
2 -599 -37
3
2 1009 -3
3
2 -729 15
3
1 985 99
3
2 -676 12
3
1 883 303
3
2 276 -14
3
2 -995 -23
3
2 -110 53
3
1 -418 358
3
2 -720 63
3
2 -303 63
3
1 -145 860
3
2 -132 46
3
1 -789 1032
3
2 -892 -13
3
1 359 158
3
2 -499 -59
3
1 -1021 765
3
2 611 -63
3
1 561 143
3
2 483 40
3
2 -936 26
3
1 -401 448
3
1 -830 200
3
2 237 32
3
2 -876 -34
3
2 291 34
3
2 -681 53
3
2 847 14
3
2 908 12
3
2 954 59
3
2 968 -26
3
2 733 -60
3
1 211 906
3
2 -251 22
3
1 230 880
3
2 907 -6
3
1 -241 918
3
2 -762 1
3
1 975 924
3
2 -360 4
3
1 -972 420
3
1 -494 111
3
2 941 8
3
2 495 -20
3
2 -162 8
3
1 352 296
3
2 514 62
3
1 -185 544
3
1 -622 400
3
2 -749 -35
3
2 -82 -23
3
1 -70 1069
3
2 -602 -22
3
2 566 39
3
2 84 50
3
1 -363 818
3
2 542 -11
3
2 579 -5
3
1 -940 416
3
1 -35 960
3
2 150 29
3
1 -441 193
3
1 -51 919
3
2 -518 9
3
2 980 8
3
2 -449 -37
3
1 711 729
3
2 -904 -56
3
2 92 44
3
2 575 -25
3
1 186 206
3
2 513 63
3
1 39 544
3
2 729 20
3
2 -507 -59
3
2 -759 -39
3
2 837 -55
3
1 185 129
3
2 686 30
3
2 692 40
3
2 991 -25
3
2 -548 -19
3
2 -408 51
3
2 808 -45
3
2 -945 61
3
2 565 -40
3
2 -148 15
3
1 19 255
3
1 109 982
3
2 205 24
3
2 784 9
3
1 461 850
3
2 -182 -1
3
2 854 -26
3
2 -23 -56
3
2 -295 -12
3
2 -413 -10
3
2 848 -49
3
2 21 10
3
2 272 1
3
1 -385 125
3
2 797 50
3
2 -791 -40
3
2 -1012 14
3
2 -675 22
3
2 739 -10
3
1 -605 619
3
2 742 18
3
2 -158 49
3
2 -570 -7
3
2 -315 -46
3
1 -451 626
3
2 -1013 -60
3
2 -874 -12
3
2 262 -9
3
2 939 -40
3
2 184 40
3
2 411 38
3
1 614 722
3
2 -634 54
3
1 -55 669
3
1 -452 601
3
1 -338 519
3
2 615 -54
3
2 -323 -15
3
2 -103 20
3
2 -45 -26
3
2 -560 6
3
2 734 19
3
2 274 62
3
1 891 64
3
2 -360 -17
3
2 -121 18
3
2 818 -64
3
1 -606 894
3
1 -969 1098
3
2 467 25
3
2 536 4
3
2 -19 37
3
2 180 -44
3
1 563 928
3
1 815 810
3
2 -26 -23
3
2 -926 34
3
2 828 -15
3
2 -650 22
3
1 701 320
3
2 -569 -2
3
1 -976 390
3
2 605 33
3
2 468 -56
3
2 607 47
3
2 -456 59
3
2 -496 -62
3
2 76 -63
3
2 937 -16
3
2 960 19
3
2 -413 -50
3
2 356 -22
3
2 -609 57
3
2 -986 38
3
2 -908 -61
3
2 -223 -56
3
2 437 -11
3
2 -161 -62
3
1 452 842
3
2 280 30
3
2 304 54
3
2 34 -50
3
2 475 60
3
2 271 26
3
2 1009 -28
3
2 -83 5
3
1 556 97
3
2 -50 16
3
2 -49 19
3
2 422 -20
3
1 -1010 371
3
2 722 24
3
1 542 1076
3
2 -944 34
3
2 -195 1
3
2 -701 -29
3
1 667 815
3
1 -173 907
3
2 -72 -36
3
1 -141 464
3
2 -446 37
3
1 -374 5
3
2 -594 -25
3
1 334 386
3
2 911 -17
3
2 229 -32
3
2 -910 -41
3
2 1003 -9
3
2 -339 60
3
2 638 37
3
2 -909 -8
3
2 -577 61
3
2 -894 -18
3
2 151 18
3
1 269 604
3
2 469 52
3
1 -358 1016
3
1 -630 1091
3
2 625 -4
3
2 -226 32
3
2 312 -14
3
2 205 -64
3
1 -851 7
3
2 -265 60
3
1 507 303
3
2 -779 -43
3
2 811 -25
3
2 -716 -14
3
2 -922 -52
3
2 -903 9
3
2 -801 53
3
2 -549 43
3
2 -10 28
3
2 -289 47
3
2 997 31
3
1 -363 533
3
2 981 7
3
2 535 64
3
2 324 -40
3
2 -1014 -50
3
2 -282 -4
3
2 76 19
3
2 -518 23
3
2 -909 53
3
1 -433 574
3
2 153 -59
3
2 -729 -39
3
2 147 -58
3
2 102 40
3
2 275 48
3
2 -74 62
3
2 -632 5
3
1 -170 471
3
2 973 62
3
2 -542 60
3
2 916 16
3
2 469 57
3
2 -48 -28
3
2 -837 62
3
2 764 -49
3
2 267 -29
3
2 -568 -35
3
2 784 40
3
2 -810 30
3
1 1021 943
3
2 101 15
3
2 679 42
3
2 661 62
3
1 -443 913
3
2 -258 52
3
2 -313 -52
3
2 -888 39
3
1 -371 749
3
2 721 9
3
2 453 -37
3
2 955 -3
3
2 330 -22
3
2 -103 53
3
2 -708 -14
3
1 -359 973
3
2 194 31
3
2 -660 -7
3
1 -992 616
3
2 52 32
3
2 -653 28
3
2 449 49
3
2 -337 38
3
2 531 -12
3
1 -67 30
3
2 -921 -28
3
2 271 18
3
2 188 -36
3
1 -712 783
3
2 916 -15
3
2 165 -16
3
2 -409 51
3
2 -192 7
3
1 470 913
3
2 -836 40
3
1 569 913
3
1 330 969
3
2 -330 51
3
2 263 -59
3
2 712 -10
3
1 203 799
3
2 212 19
3
2 669 -57
3
2 -144 -45
3
2 743 35
3
1 -963 142
3
2 12 54
3
2 278 2
3
1 -825 979
3
2 -703 21
3
2 695 34
3
2 -356 10
3
2 -334 54
3
1 -89 142
3
2 910 55
3
2 547 38
3
1 462 488
3
1 414 1089
3
1 -946 1046
3
2 793 -43
3
2 399 3
3
2 -425 -18
3
2 471 -8
3
1 -689 700
3
1 -876 522
3
1 612 678
3
2 245 -60
3
2 915 -27
3
2 -270 -23
3
2 540 -41
3
2 983 -27
3
1 237 1047
3
1 -974 886
3
2 -956 -37
3
2 146 -4
3
2 3 -51
3
2 213 -41
3
2 274 23
3
2 978 -51
3
2 -37 36
3
2 624 -20
3
2 -442 10
3
1 1018 883
3
2 -963 3
3
2 695 17
3
2 -780 -21
3
1 -233 566
3
1 750 120
3
2 22 18
3
2 -289 -43
3
2 609 21
3
2 -983 21
3
1 657 1108
3
2 -660 14
3
2 -1012 -27
3
2 -251 31
3
2 698 1
3
2 -994 15
3
1 710 461
3
1 -606 729
3
2 -818 54
3
1 -478 196
3
2 -886 55
3
2 -454 26
3
2 373 7
3
2 717 -57
3
2 -956 -46
3
2 690 -52
3
2 -731 -2
3
1 -654 282
3
2 370 -1
3
2 -619 -33
3
2 -478 -45
3
2 273 -47
3
2 -864 36
3
2 390 19
3
1 -843 176
3
2 328 -46
3
1 -983 865
3
2 369 -58
3
2 509 8
3
2 46 -42
3
2 45 -11
3
2 -374 47
3
1 690 902
3
1 690 318
3
2 910 -64
3
2 512 -61
3
2 551 43
3
2 -823 21
3
2 -120 19
3
1 -206 1021
3
2 490 34
3
2 570 49
3
2 -421 24
3
1 963 272
3
2 317 -60
3
2 270 19
3
2 -536 23
3
2 752 -3
3
2 -616 -8
3
2 851 -56
3
2 949 -5
3
2 736 53
3
2 485 -18
3
1 -155 7
3
2 742 -33
3
2 283 -36
3
1 -690 438
3
2 -89 -15
3
2 -105 -5
3
2 794 -7
3
2 -931 1
3
2 910 64
3
1 310 717
3
2 -1018 38
3
2 177 -55
3
1 195 268
3
2 -452 -8
3
2 322 -33
3
2 -353 26
3
2 475 -6
3
2 -473 -56
3
2 878 -26
3
2 489 -60
3
2 1012 43
3
2 335 0
3
2 -199 64
3
2 -320 46
3
1 460 990
3
1 -180 375
3
2 -296 25
3
2 963 63
3
2 -64 16
3
2 -592 -5
3
2 -650 45
3
2 -391 -24
3
2 414 -58
3
1 1023 158
3
2 747 22
3
2 8 -12
3
2 -275 -49
3
2 694 -56
3
1 -580 463
3
2 913 -15
3
1 360 37
3
2 -185 52
3
2 -32 30
3
2 501 7
3
2 963 32
3
1 651 84
3
2 -276 -9
3
2 -831 -64
3
2 49 -45
3
2 -855 -33
3
2 18 -41
3
2 96 31
3
1 -800 436
3
2 -819 -31
3
1 -794 680
3
1 761 361
3
2 -434 53
3
2 449 -63
3
2 786 22
3
2 -511 8
3
2 576 -62
3
2 835 59
3
2 -123 8
3
1 -862 265
3
2 155 -18
3
2 -424 -11
3
2 -543 1
3
1 548 708
3
2 -43 -57
3
2 177 -21
3
1 586 266
3
2 517 -55
3
1 299 8
3
2 -103 -64
3
1 -698 1015
3
2 501 18
3
1 -465 282
3
1 -287 1018
3
2 -307 57
3
2 548 -61
3
2 398 47
3
2 -738 17
3
1 308 183
3
1 -338 223
3
2 -421 43
3
2 -223 26
3
1 -520 404
3
2 -721 -23
3
2 134 46
3
2 -755 -6
3
1 -313 1057
3
2 1011 23
3
2 -47 -43
3
1 1002 507
3
2 733 -27
3
2 -698 -35
3
1 -130 1077
3
2 -155 0
3
2 287 -50
3
1 -897 863
3
2 -456 -16
3
1 147 143
3
2 -620 -53
3
2 -922 45
3
2 676 17
3
1 -624 977
3
2 -221 -1
3
1 395 645
3
2 -89 -13
3
2 71 -17
3
2 -627 -22
3
2 -247 -44
3
1 471 58
3
2 -214 59
3
1 435 345
3
1 -566 989
3
2 147 43
3
2 -508 4
3
1 -690 881
3
2 -265 -31
3
2 -502 4
3
2 849 -23
3
1 701 634
3
1 30 56
3
2 -673 30
3
2 860 -22
3
2 -166 -18
3
2 727 12
3
1 -712 868
3
2 924 -42
3
2 -383 -27
3
2 -480 -45
3
1 -244 158
3
2 -808 17
3
2 494 -48
3
2 -275 -62
3
2 873 7
3
1 643 980
3
1 -570 305
3
1 731 443
3
2 -507 -27
3
1 726 870
3
2 596 44
3
2 -939 36
3
2 -1019 -2
3
2 -234 64
3
2 -687 14
3
2 -695 -51
3
1 -254 1097
3
2 460 58
3
2 667 -44
3
1 379 672
3
1 -580 730
3
2 540 -1
3
2 -841 8
3
2 -787 -42
3
2 538 -4
3
2 -618 55
3
2 -455 59
3
2 -709 -53
3
1 -456 1037
3
2 945 -44
3
2 -60 -4
3
1 895 926
3
2 -71 -55
3
2 -416 -49
3
2 -927 -25
3
2 -219 -41
3
2 816 60
3
2 -955 44
3
2 -191 61
3
1 -471 409
3
2 979 5
3
2 144 2
3
2 696 -34
3
1 79 417
3
2 107 -9
3
2 92 -16
3
1 -148 145
3
1 670 493
3
2 956 -45
3
2 -159 -31
3
2 -248 -34
3
2 110 -24
3
1 -594 303
3
1 -640 159
3
2 721 -7
3
2 441 54
3
2 -49 -64
3
1 333 1070
3
1 365 753
3
2 -408 13
3
2 496 0
3
2 968 38
3
2 -147 31
3
2 -357 -10
3
2 944 49
3
1 -755 2
3
2 -552 -50
3
2 -705 60
3
2 -119 34
3
1 1014 775
3
1 174 739
3
2 -636 28
3
2 -759 -18
3
2 -13 23
3
2 -878 54
3
1 848 1078
3
1 -888 872
3
2 937 -45
3
2 -178 0
3
2 -205 -10
3
1 699 956
3
2 -789 -54
3
2 564 -26
3
2 578 27
3
1 -873 609
3
2 4 -45
3
2 577 -9
3
2 -740 35
3
1 997 576
3
2 -1019 43
3
1 -536 352
3
2 -133 61
3
2 135 -37
3
1 632 930
3
1 1001 203
3
2 -886 -21
3
1 -152 1081
3
2 92 -26
3
1 676 407
3
2 -55 -55
3
2 449 -26
3
2 -197 -31
3
2 -582 39
3
2 584 -36
3
2 -296 -55
3
1 1020 1029
3
2 259 -34
3
2 631 -43
3
1 0 15
3
2 -277 29
3
2 -404 -29
3
2 -707 -60
3
1 -951 1107
3
2 -60 14
3
1 -18 1080
3
2 352 -56
3
2 29 52
3
2 613 -23
3
2 -684 51
3
2 208 -14
3
1 -802 115
3
2 -666 -30
3
2 484 -25
3
2 734 60
3
2 -310 -22
3
2 -622 24
3
2 -64 -18
3
2 -325 48
3
2 -800 10
3
2 211 15
3
2 -422 -56
3
1 -200 413
3
1 -345 1003
3
2 97 -62
3
1 -339 959
3
2 613 -34
3
1 899 6
3
1 266 1060
3
2 881 -21
3
2 184 -61
3
2 457 -49
3
2 -239 58
3
2 -52 -18
3
2 -956 8
3
1 -452 249
3
2 419 53
3
2 -40 -9
3
2 -264 -9
3
2 360 -59
3
2 635 -27
3
2 770 0
3
2 -551 -42
3
2 617 18
3
2 -877 -46
3
2 312 3
3
2 800 -36
3
1 988 228
3
1 -213 415
3
2 -565 -7
3
2 155 48
3
2 -916 -3
3
2 -101 -39
3
1 -162 799
3
2 604 53
3
2 -268 64
3
1 983 986
3
1 -154 395
3
2 -218 60
3
2 32 46
3
2 964 64
3
2 714 -28
3
2 763 53
3
2 359 25
3
2 -549 64
3
2 155 -16
3
2 995 41
3
1 853 100
3
2 715 21
3
2 828 54
3
2 -1009 46
3
2 -575 41
3
1 -686 448
3
2 -868 -56
3
2 -506 -36
3
2 36 30
3
2 -979 64
3
2 -189 -26
3
1 -705 683
3
2 -180 -1
3
1 823 145
3
1 -617 975
3
2 220 48
3
1 -865 346
3
2 576 41
3
1 536 491
3
2 285 20
3
2 292 -56
3
2 403 29
3
2 913 4
3
1 -708 929
3
2 -424 -44
3
1 -80 272
3
1 62 642
3
1 -151 754
3
2 268 -55
3
1 961 553
3
2 -662 30
3
2 350 -3
3
1 613 532
3
2 955 34
3
2 879 -64
3
2 835 -18
3
2 -889 57
3
2 -549 34
3
1 322 1075
3
1 737 919
3
2 -284 -27
3
2 656 -17
3
1 -734 862
3
2 -24 49
3
2 536 -63
3
2 841 -43
3
2 87 -45
3
2 -31 -64
3
2 40 13
3
2 -189 -4
3
2 79 -23
3
2 -401 -52
3
1 311 215
3
2 566 -42
3
2 -343 -44
3
2 -792 34
3
2 164 -60
3
2 -999 -9
3
1 691 559
3
2 891 -22
3
2 49 39
3
2 -447 -22
3
2 -247 -21
3
2 750 25
3
2 -600 -61
3
1 -343 736
3
2 -718 -48
3
2 -54 -64
3
1 -435 699
3
2 -516 58
3
1 -585 136
3
2 99 -7
3
2 143 2
3
2 348 58
3
2 -846 24
3
2 -342 21
3
1 141 101
3
2 -849 43
3
2 757 -43
3
1 900 983
3
2 -96 -43
3
2 -104 17
3
1 476 816
3
2 -606 13
3
2 800 38
3
1 767 5
3
2 -987 17
3
2 826 -55
3
1 83 368
3
2 549 -24
3
1 -471 648
3
2 -367 28
3
2 -97 -39
3
2 603 -20
3
2 946 29
3
2 -179 -9
3
2 -555 47
3
2 124 59
3
1 269 1029
3
1 -45 343
3
2 -308 -4
3
2 -594 44
3
1 221 133
3
2 -794 56
3
2 -730 -57
3
1 -433 330
3
2 -246 -51
3
2 -27 8
3
2 -113 -54
3
2 -259 42
3
1 946 664
3
1 334 1007
3
2 361 44
3
1 479 65
3
2 -943 -13
3
1 993 705
3
2 -117 -41
3
2 -650 -12
3
1 732 45
3
2 13 -36
3
1 -721 565
3
2 -405 -36
3
2 -942 2
3
2 643 -13
3
2 855 -45
3
2 -895 -1
3
2 846 47
3
2 402 -58
3
2 -55 -62
3
2 -769 4
3
1 778 648
3
2 690 25
3
2 936 11
3
2 198 -11
3
2 -780 64
3
1 -681 408
3
2 -961 6
3
2 694 -1
3
2 -353 35
3
2 395 -12
3
2 -906 -45
3
2 -237 -31
3
1 174 170
3
2 176 -21
3
2 247 26
3
1 -556 230
3
1 -727 461
3
1 640 365
3
2 -689 42
3
2 -909 29
3
1 -6 668
3
2 273 -30
3
1 -988 135
3
2 -633 39
3
2 955 12
3
2 -491 -59
3
2 793 -7
3
2 18 37
3
2 660 -56
3
1 -410 298
3
2 648 46
3
2 -1021 42
3
2 394 40
3
2 194 -12
3
2 628 -61
3
1 401 156
3
2 -142 -8
3
2 -425 -53
3
2 -268 -52
3
2 488 -41
3
2 703 16
3
2 494 16
3
2 649 -15
3
1 -707 161
3
1 189 11
3
2 -3 23
3
2 211 -39
3
2 103 5
3
2 313 -12
3
2 -359 17
3
2 -774 55
3
2 -939 61
3
2 958 61
3
1 -683 1078
3
2 164 -61
3
2 869 -3
3
2 -84 9
3
2 658 56
3
1 -472 382
3
2 -766 -12
3
2 904 46
3
2 575 -16
3
2 -213 14
3
2 470 -2
3
2 770 -27
3
1 -223 185
3
2 -571 -27
3
1 608 1059
3
2 329 5
3
2 -140 13
3
1 -312 926
3
2 5 21
3
2 278 52
3
2 -379 33
3
2 -113 -45
3
2 240 -26
3
2 -859 64
3
2 -126 -16
3
2 1004 55
3
2 -229 -59
3
2 426 -19
3
2 658 29
3
2 -985 -48
3
2 554 -5
3
2 -19 -36
3
2 -492 -25
3
2 518 -30
3
2 365 5
3
2 -294 -49
3
2 -907 -49
3
1 835 220
3
2 -824 -24
3
2 838 30
3
1 -539 404
3
2 639 14
3
2 -495 34
3
2 960 -37
3
2 -692 -42
3
2 -743 -41
3
2 111 19
3
1 193 401
3
2 216 -21
3
2 -841 54
3
2 -650 34
3
2 -103 23
3
2 -850 16
3
2 422 -61
3
2 -730 33
3
2 688 -42
3
2 559 -28
3
1 -324 209
3
2 516 33
3
2 -364 -38
3
2 -361 -6
3
1 -971 943
3
1 -164 1072
3
2 544 -55
3
2 133 -16
3
1 -518 263
3
2 343 -38
3
2 -238 61
3
2 -914 -34
3
2 563 -33
3
2 -92 31
3
2 682 -21
3
2 960 12
3
2 249 -39
3
2 533 -18
3
2 94 -31
3
1 752 160
3
2 -968 -32
3
2 -262 -59
3
2 -1014 28
3
2 -479 -55
3
2 181 55
3
2 -674 42
3
1 715 34
3
2 672 24
3
2 516 -19
3
2 -90 4
3
2 438 6
3
2 239 -30
3
2 341 -7
3
2 893 -19
3
2 1020 -25
3
2 265 -37
3
2 -512 25
3
2 257 41
3
2 657 51
3
2 -344 48
3
1 159 404
3
2 391 -13
3
2 -49 60
3
2 -86 -62
3
2 -838 -18
3
2 940 -48
3
2 572 55
3
2 -668 64
3
2 826 3
3
2 -487 50
3
2 -780 -60
3
1 -510 263
3
2 -964 -11
3
2 -82 -20
3
1 120 490
3
2 848 -3
3
2 -110 -18
3
2 522 -63
3
2 855 -42
3
1 -132 721
3
2 543 7
3
2 246 21
3
1 -272 482
3
2 -157 1
3
2 458 46
3
1 -992 773
3
2 880 64
3
2 -583 17
3
2 509 56
3
2 715 45
3
2 -821 -41
3
2 670 58
3
2 455 12
3
2 -1001 52
3
2 -711 -62
3
2 486 -50
3
1 970 686
3
2 799 29
3
2 843 -60
3
2 389 42
3
2 -24 64
3
2 -664 9
3
2 519 10
3
1 0 818
3
2 770 9
3
2 902 52
3
1 729 320
3
2 143 56
3
2 689 63
3
2 661 -39
3
1 -73 738
3
2 54 -48
3
2 777 64
3
2 -226 -43
3
2 -551 -54
3
2 -252 21
3
1 -321 19
3
1 -904 278
3
2 1003 -44
3
2 785 -29
3
1 -842 752
3
2 -601 -30
3
2 641 -29
3
1 -246 1014
3
1 -679 492
3
2 682 43
3
2 -289 47
3
1 -573 100
3
2 -394 -57
3
2 -448 52
3
2 -345 4
3
2 -621 38
3
2 -404 -21
3
2 -712 5
3
1 -521 429
3
1 -85 860
3
1 -40 681
3
2 856 -19
3
2 -840 -54
3
2 -854 -36
3
2 -62 54
3
2 -74 55
3
2 188 -31
3
1 477 216
3
2 567 -55
3
2 -607 23
3
1 803 181
3
2 -647 -54
3
2 -228 -25
3
2 1016 -38
3
2 283 63
3
1 317 513
3
1 -1020 345
3
2 -524 -46
3
2 532 -45
3
2 -66 31
3
2 -100 41
3
2 -372 -58
3
1 594 445
3
2 -669 -23
3
2 0 -47
3
2 -303 16
3
2 361 3
3
2 -461 -60
3
2 617 41
3
2 2 37
3
2 -857 -49
3
2 51 48
3
2 -518 -22
3
2 695 9
3
2 -752 32
3
2 -309 37
3
2 -614 6
3
2 -965 -28
3
2 139 43
3
1 -321 935
3
2 122 -18
3
2 221 -46
3
2 -670 32
3
2 -731 -4
3
2 -483 -7
3
1 -667 851
3
2 58 -16
3
2 -866 34
3
1 -888 786
3
2 -1014 40
3
2 227 -19
3
2 -851 -33
3
2 502 3
3
2 270 21
3
2 344 -59
3
2 212 32
3
2 -941 -22
3
2 -705 -17
3
2 -567 36
3
2 -422 -8
3
2 -268 -56
3
2 574 36
3
2 107 -15
3
2 886 -38
3
2 -1005 32
3
2 -170 42
3
2 -505 -45
3
2 962 -20
3
2 -832 0
3
2 913 9
3
2 752 48
3
1 856 542
3
2 -602 -61
3
2 -708 35
3
2 -704 -38
3
2 -50 37
3
2 -949 -49
3
2 -782 26
3
1 -928 143
3
2 287 -38
3
2 824 38
3
2 -628 -35
3
2 714 33
3
1 -282 670
3
2 -785 47
3
2 572 -38
3
1 416 864
3
1 -658 498
3
2 744 -4
3
2 469 4
3
2 -370 -25
3
1 8 960
3
1 642 430
3
2 613 39
3
2 -729 27
3
2 221 -14
3
2 -292 22
3
2 812 17
3
2 -116 25
3
2 -322 -44
3
1 -942 413
3
2 -200 -31
3
1 -826 460
3
2 164 36
3
2 13 7
3
2 65 18
3
2 -242 48
3
2 -833 -15
3
2 -954 24
3
2 5 58
3
1 280 718
3
2 185 17
3
2 626 58
3
2 782 -47
3
2 -654 37
3
1 -369 381
3
1 -865 1093
3
2 -702 -13
3
1 -25 323
3
2 372 -7
3
2 -577 -32
3
2 341 14
3
1 -962 140
3
2 -259 19
3
1 1013 1061
3
2 -949 -61
3
1 -800 448
3
2 142 -25
3
2 -385 44
3
1 -959 804
3
2 146 -40
3
2 -574 56
3
2 -246 36
3
2 -719 -56
3
2 -806 10
3
2 19 23
3
2 284 -47
3
2 261 33
3
2 -885 47
3
2 -9 -47
3
1 -692 597
3
1 931 985
3
2 948 50
3
2 1009 -2
3
2 360 -59
3
1 -118 353
3
2 745 -55
3
2 34 -12
3
2 -391 31
3
1 468 613
3
2 935 29
3
2 -80 -63
3
2 -187 -4
3
1 -347 738
3
1 716 763
3
2 943 -14
3
2 920 64
3
2 -665 60
3
2 428 15
3
2 -284 29
3
1 -686 675
3
2 -121 32
3
2 -188 13
3
2 -107 -47
3
2 -599 -11
3
1 -932 802
3
2 -577 -32
3
2 -785 8
3
1 -783 567
3
1 79 457
3
2 -257 -25
3
1 591 132
3
1 480 546
3
2 359 59
3
2 211 26
3
2 -115 49
3
2 -738 35
3
2 112 11
3
2 -93 12
3
2 818 -3
3
2 239 -25
3
2 -384 25
3
2 -107 9
3
2 885 -3
3
2 -831 43
3
1 585 929
3
2 441 -30
3
2 168 14
3
2 638 15
3
2 230 46
3
1 -826 822
3
2 367 39
3
2 -408 57
3
1 757 1074
3
2 -855 -41
3
1 -719 910
3
2 -282 17
3
2 -119 -57
3
1 521 380
3
2 855 24
3
2 449 21
3
2 71 18
3
2 311 -64
3
2 -911 -1
3
1 -675 797
3
2 204 -35
3
2 588 62
3
2 -263 62
3
2 -187 30
3
2 210 44
3
2 -303 18
3
2 -975 9
3
2 371 -47
3
2 42 43
3
2 -52 -37
3
2 -230 -59
3
1 606 816
3
2 -178 -34
3
2 -365 5
3
2 171 -21
3
1 -389 1022
3
2 202 51
3
2 -762 -17
3
1 408 553
3
2 -142 -30
3
2 833 33
3
2 -974 64
3
2 303 8
3
2 -65 -7
3
2 -532 -40
3
2 -757 -13
3
2 223 32
3
2 430 39
3
1 173 696
3
2 592 -19
3
2 1011 -12
3
2 -416 51
3
1 -26 768
3
2 892 42
3
2 614 54
3
2 887 36
3
2 -641 64
3
2 688 -48
3
1 -390 782
3
2 -758 -56
3
2 43 54
3
2 -778 44
3
1 -566 375
3
1 -12 563
3
2 519 -15
3
2 -337 -51
3
2 615 -48
3
2 -520 -4
3
2 618 -16
3
2 -686 32
3
1 548 599
3
2 -993 -22
3
2 888 -44
3
2 -677 36
3
2 905 17
3
2 -19 53
3
1 403 23
3
2 -679 7
3
2 -274 -21
3
1 254 744
3
2 474 -17
3
1 882 1030
3
1 552 81
3
2 994 -2
3
2 -487 -31
3
2 -715 35
3
1 684 227
3
1 -516 633
3
2 471 6
3
1 -845 77
3
2 415 15
3
1 -319 182
3
2 275 10
3
1 604 433
3
2 -367 -41
3
2 -71 -41
3
2 130 -51
3
2 -173 -45
3
1 -988 755
3
2 -674 -50
3
2 595 -53
3
2 -217 8
3
1 -519 751
3
2 66 6
3
1 860 385
3
1 719 598
3
1 -888 1022
3
1 -997 569
3
1 736 911
3
2 -61 -20
3
1 -59 186
3
2 701 24
3
1 542 923
3
2 -497 30
3
1 -398 925
3
2 -160 -33
3
2 -499 59
3
2 -730 -43
3
2 -346 26
3
2 -411 -43
3
2 790 -29
3
2 -939 18
3
2 -280 -41
3
2 478 7
3
2 404 31
3
1 -869 522
3
1 172 1102
3
2 72 10
3
1 707 493
3
2 65 -62
3
2 33 25
3
2 -332 3
3
2 291 -63
3
2 869 25
3
1 -580 369
3
1 388 863
3
2 395 -54
3
2 -935 -26
3
2 523 21
3
2 382 43
3
2 -906 -43
3
2 -328 -49
3
2 -768 -17
3
2 -660 55
3
2 13 -4
3
1 339 351
3
2 -353 51
3
2 1023 54
3
2 152 2
3
2 -751 -21
3
2 464 13
3
2 -536 -13
3
1 433 254
3
2 529 32
3
2 -282 53
3
2 -572 36
3
1 840 775
3
2 -485 62
3
2 134 -49
3
2 331 33
3
1 171 692
3
2 -825 61
3
2 -428 43
3
1 116 724
3
2 -373 -41
3
2 598 -5
3
2 -681 27
3
2 795 56
3
2 1019 -16
3
2 -1024 17
3
1 -341 229
3
2 -400 -24
3
2 520 51
3
2 626 28
3
1 -230 423
3
1 527 479
3
2 674 2
3
2 369 30
3
1 -901 803
3
2 89 26
3
2 28 -26
3
2 -621 58
3
2 -345 63
3
2 777 28
3
2 712 50
3
2 202 -13
3
2 724 62
3
2 558 13
3
2 -271 -26
3
2 -603 -55
3
1 915 432
3
2 870 30
3
2 998 -19
3
1 -153 53
3
1 93 1069
3
1 340 601
3
2 -353 -36
3
2 408 64
3
1 343 918
3
2 983 -18
3
2 792 41
3
2 -571 19
3
1 78 915
3
2 -327 36
3
2 -647 18
3
2 -88 -28
3
1 853 234
3
2 -225 -38
3
2 -904 30
3
2 -548 28
3
2 -605 45
3
2 -535 -8
3
2 65 -1
3
2 -687 41
3
2 -990 -41
3
1 380 832
3
2 551 47
3
1 760 208
3
2 27 -45
3
2 -894 28
3
2 467 -17
3
1 414 576
3
2 -693 -24
3
2 -321 8
3
2 352 16
3
1 -628 906
3
2 662 35
3
2 285 -10
3
2 186 9
3
1 -831 351
3
2 -245 -61
3
2 -338 10
3
2 -144 30
3
2 -97 10
3
2 -526 34
3
1 -539 788
3
1 -737 300
3
2 757 40
3
2 644 -43
3
2 70 -35
3
1 22 518
3
2 409 -29
3
1 696 502
3
2 948 33
3
1 -35 963
3
2 344 61
3
2 -609 -22
3
2 731 52
3
2 -1024 -39
3
1 -213 894
3
2 734 59
3
2 747 2
3
2 -274 6
3
2 -971 -16
3
2 -131 0
3
2 551 12
3
2 -66 -43
3
2 -809 54
3
1 -367 790
3
2 -91 47
3
1 211 169
3
2 294 -16
3
2 -691 50
3
2 -840 -11
3
2 -763 -4
3
2 -984 39
3
2 -507 -10
3
1 -68 642
3
2 577 21
3
2 537 -39
3
2 904 11
3
2 -347 -11
3
2 778 50
3
2 878 6
3
1 387 1031
3
1 -217 750
3
2 434 -59
3
2 196 34
3
2 310 -17
3
2 -759 62
3
2 -664 50
3
2 305 -57
3
2 846 63
3
2 -340 -42
3
2 899 55
3
1 -691 1100
3
1 -460 157
3
2 500 -24
3
2 -156 -46
3
2 278 54
3
1 687 799
3
2 -255 -53
3
2 -719 -57
3
2 655 -34
3
2 -49 -61
3
1 -7 847
3
2 -715 -17
3
2 -633 -47
3
1 -341 345
3
1 -285 933
3
2 -955 -32
3
1 -421 979
3
2 970 27
3
1 -614 1002
3
2 -198 -50
3
2 -469 53
3
2 -107 -64
3
2 -215 -9
3
1 -597 107
3
2 594 9
3
2 -988 15
3
2 -885 40
3
2 -328 -48
3
2 504 9
3
2 -779 -25
3
2 309 -30
3
1 3 1036
3
2 -108 60
3
1 -549 687
3
2 60 22
3
2 973 5
3
2 827 -38
3
2 905 8
3
2 -538 39
3
2 739 -60
3
2 78 -29
3
1 32 1106
3
2 910 3
3
1 543 963
3
2 -898 12
3
2 -625 -24
3
2 -617 -8
3
2 -784 1
3
1 870 321
3
2 657 -59
3
2 427 54
3
1 -801 989
3
2 964 46
3
2 386 -36
3
1 -60 789
3
1 732 729
3
2 -274 35
3
2 -378 12
3
2 605 2
3
1 -408 1033
3
2 -610 51
3
2 308 38
3
2 -723 -64
3
2 -739 -27
3
2 736 49
3
1 176 154
3
2 -421 -38
3
2 284 23
3
2 634 -33
3
2 91 34
3
2 931 -46
3
1 -867 496
3
1 -661 495
3
1 411 561
3
2 -182 28
3
2 760 17
3
2 563 -21
3
2 -365 -56
3
1 -247 371
3
1 763 68
3
2 -265 3
3
2 169 -52
3
2 -272 -42
3
2 400 5
3
2 522 -11
3
2 -991 1
3
1 179 293
3
2 -853 5
3
2 146 35
3
2 -829 -52
3
1 -602 336
3
2 729 27
3
2 -112 23
3
2 760 15
3
2 558 46
3
2 16 -51
3
2 336 37
3
1 -440 824
3
2 534 8
3
1 -720 880
3
1 501 639
3
2 -507 -59
3
1 510 417
3
2 843 -40
3
2 390 -11
3
2 -519 48
3
2 -100 -54
3
2 673 -18
3
2 412 37
3
2 -619 33
3
1 -121 89
3
2 -919 -10
3
2 741 16
3
1 -535 657
3
1 262 344
3
1 70 690
3
2 459 -27
3
1 -954 67
3
1 -923 469
3
2 184 -33
3
2 -509 -26
3
1 -21 703
3
2 -182 4
3
2 432 -53
3
1 -494 1052
3
1 -863 431
3
2 -661 39
3
2 961 -58
3
2 -535 -47
3
1 1020 1034
3
2 -217 24
3
2 354 -55
3
1 687 18
3
1 780 133
3
1 452 454
3
1 -420 876
3
2 -819 59
3
2 -846 -22
3
2 174 -45
3
2 -935 -55
3
2 844 63
3
2 -758 -7
3
2 512 -57
3
2 272 -31
3
2 -988 27
3
2 -957 -58
3
2 -77 36
3
2 -964 -49
3
2 -472 -24
3
2 -549 36
3
2 524 24
3
2 703 -21
3
2 478 -30
3
1 -845 20
3
2 -273 -21
3
2 675 -23
3
2 -400 -57
3
1 963 323
3
1 601 1029
3
1 541 787
3
2 778 -58
3
2 72 -11
3
2 824 9
3
2 -888 -36
3
2 -187 7
3
1 306 151
3
2 -854 -25
3
2 124 -35
3
1 -168 77
3
1 -18 1012
3
2 -362 -21
3
1 -356 782
3
2 266 -3
3
1 991 210
3
2 43 18
3
2 18 10
3
2 -39 18
3
2 -718 5
3
1 -423 296
3
2 -649 3
3
2 104 9
3
2 309 -27
3
2 671 49
3
1 641 390
3
1 400 11
3
2 185 44
3
1 -864 120
3
2 -586 -7
3
2 957 -45
3
2 780 53
3
2 -576 -34
3
2 -284 -42
3
1 -322 314
3
1 647 267
3
2 710 -5
3
2 192 17
3
2 423 17
3
2 -988 24
3
2 -332 -52
3
2 174 4
3
2 -511 -39
3
2 323 -10
3
2 784 -9
3
2 -399 33
3
2 -697 -42
3
2 -69 -23
3
1 480 354
3
2 398 -60
3
2 1016 27
3
2 887 -49
3
1 385 45
3
1 128 661
3
2 -89 6
3
2 405 38
3
1 -309 1099
3
2 -809 -28
3
1 629 740
3
2 579 -49
3
2 1017 -15
3
2 -175 22
3
1 -166 1049
3
1 -557 44
3
2 -608 -32
3
2 383 -12
3
2 -11 -32
3
2 -568 -41
3
2 -72 44
3
2 -662 36
3
2 772 17
3
2 -713 15
3
2 693 -56
3
1 -645 390
3
2 718 -14
3
2 -580 63
3
2 184 36
3
2 776 50
3
2 103 15
3
1 -332 1048
3
2 383 63
3
2 -322 -17
3
2 1001 56
3
2 -385 -26
3
2 769 25
3
2 788 23
3
2 -946 44
3
2 -646 36
3
2 368 26
3
1 -349 998
3
2 -168 -21
3
2 -123 -2
3
2 -900 20
3
1 920 903
3
1 684 179
3
2 -681 -38
3
2 -742 -37
3
2 -535 -9
3
2 -114 52
3
2 960 14
3
2 -536 -56
3
1 268 40
3
2 -413 -56
3
2 -864 -44
3
2 -191 -7
3
2 273 -32
3
2 461 16
3
2 557 -36
3
2 826 62
3
2 344 3
3
1 -195 109
3
1 -408 477
3
2 920 11
3
1 691 984
3
1 -454 503
3
2 -212 -7
3
2 670 14
3
1 -291 664
3
1 -157 885
3
2 -607 -54
3
2 -454 -7
3
1 134 407
3
2 9 17
3
2 -705 10
3
2 -575 5
3
1 57 580
3
2 -515 -19
3
2 -471 0
3
2 678 5
3
2 769 -10
3
2 761 19
3
2 -394 -23
3
2 646 -17
3
2 393 59
3
1 545 606
3
2 -114 -44
3
1 -287 1058
3
1 999 397
3
1 715 655
3
2 -825 35
3
1 -204 965
3
1 335 60
3
2 -130 -13
3
2 -677 -27
3
2 920 -29
3
2 109 62
3
2 265 29
3
1 -504 1106
3
2 -441 46
3
2 299 5
3
1 595 15
3
2 506 -33
3
2 678 54
3
2 97 29
3
2 618 -42
3
2 641 48
3
1 736 739
3
2 900 -20
3
1 -874 283
3
2 -836 4
3
1 248 451
3
2 -447 -14
3
2 -753 -3
3
2 -538 -10
3
2 591 -48
3
2 106 13
3
2 454 -55
3
2 322 -57
3
2 -828 64
3
2 794 20
3
2 776 30
3
2 -573 -6
3
2 667 -11
3
2 -244 59
3
2 115 -9
3
1 615 614
3
1 851 509
3
2 -959 -51
3
2 313 -10
3
2 130 0
3
1 -697 671
3
2 -38 5
3
2 -973 47
3
2 -261 27
3
2 -369 29
3
1 -677 812
3
1 991 78
3
2 249 -10
3
2 -466 -17
3
1 -1003 855
3
2 875 35
3
2 -730 8
3
1 905 633
3
2 -606 60
3
1 -169 508
3
1 248 1099
3
2 238 -16
3
2 255 40
3
2 108 -35
3
2 1019 -6
3
2 707 -33
3
1 -52 689
3
2 -294 35
3
2 -889 -26
3
2 991 49
3
2 -172 27
3
1 847 273
3
1 287 266
3
2 -760 45
3
2 -446 -53
3
2 -689 -46
3
1 887 796
3
2 -879 13
3
2 211 -20
3
1 -201 896
3
2 -948 -7
3
2 -146 -8
3
1 122 472
3
2 105 28
3
1 874 575
3
2 -624 -44
3
2 -439 13
3
1 -326 526
3
2 -918 51
3
2 254 8
3
1 -54 604
3
2 456 -26
3
2 997 22
3
2 -736 1
3
2 -538 -45
3
1 48 669
3
1 -831 289
3
2 -154 5
3
2 -776 -27
3
2 -514 3
3
2 -425 -58
3
2 855 10
3
2 588 64
3
1 -427 578
3
2 123 46
3
2 -257 -42
3
2 817 -30
3
2 -891 57
3
2 -113 32
3
2 289 60
3
2 625 -19
3
1 -564 852
3
2 674 -51
3
2 -149 52
3
2 -880 -30
3
2 893 -57
3
2 447 -19
3
2 929 26
3
2 988 25
3
2 -294 -50
3
1 -614 306
3
2 486 27
3
2 -125 49
3
2 -937 16
3
2 899 1
3
2 -790 8
3
2 -834 19
3
1 450 902
3
2 -679 -14
3
2 637 33
3
2 -213 -22
3
2 -581 -50
3
2 -638 31
3
2 -819 -38
3
2 1010 5
3
1 -662 987
3
2 -459 22
3
1 -636 490
3
2 -35 63
3
1 719 381
3
2 -135 14
3
2 590 -29
3
2 -232 -45
3
2 -901 -27
3
1 -31 502
3
2 -550 -27
3
2 484 -10
3
2 955 -32
3
2 -769 7
3
2 398 50
3
2 64 -17
3
2 689 1
3
2 -316 58
3
2 -515 2
3
2 -332 42
3
1 107 221
3
1 -1014 826
3
1 -430 487
3
1 259 107
3
2 374 28
3
2 39 -64
3
2 -957 41
3
2 388 -45
3
2 -148 47
3
2 201 63
3
2 -115 -42
3
2 -223 59
3
2 -69 -64
3
2 735 -61
3
2 -918 -55
3
2 -213 64
3
2 -869 -12
3
2 -762 18
3
1 390 578
3
2 661 46
3
2 19 43
3
1 -36 473
3
2 980 -46
3
2 947 -54
3
2 -391 -49
3
1 -588 705
3
2 -602 1
3
2 253 20
3
2 126 -2
3
1 550 536
3
2 681 -21
3
2 -399 -15
3
1 394 575
3
2 68 -49
3
2 931 -22
3
2 795 -29
3
2 211 60
3
2 272 -53
3
2 341 45
3
1 -754 132
3
2 -252 7
3
1 709 408
3
2 367 -49
3
2 -321 -63
3
1 403 447
3
2 596 -45
3
2 47 -13
3
2 -579 -14
3
1 -1018 548
3
2 -880 -32
3
1 -17 352
3
2 -458 3
3
2 -704 62
3
2 227 52
3
1 -306 94
3
2 893 8
3
2 674 -1
3
2 483 21
3
2 -962 23
3
1 561 345
3
2 993 60
3
2 -524 50
3
1 223 117
3
1 40 369
3
2 21 -55
3
2 70 -27
3
2 -553 -24
3
2 -102 -59
3
2 159 1
3
2 -966 15
3
2 -645 -20
3
1 -667 509
3
2 701 37
3
2 241 -37
3
1 -833 940
3
1 -581 52
3
2 -455 24
3
2 -410 -53
3
2 -1024 -3
3
2 271 29
3
2 -478 58
3
2 -216 30
3
2 -936 18
3
2 -782 -3
3
1 -40 835
3
1 986 190
3
2 113 -16
3
1 578 305
3
2 301 57
3
1 369 154
3
2 320 -12
3
1 120 289
3
1 271 120
3
2 996 22
3
2 -740 -40
3
1 208 829
3
2 -189 50
3
1 589 510
3
2 -121 29
3
2 -111 13
3
2 -861 44
3
2 -965 37
3
2 -66 -2
3
1 1001 153
3
1 -598 27
3
2 963 -46
3
1 -18 488
3
2 612 45
3
2 -629 56
3
2 -155 -18
3
2 -768 29
3
2 -386 63
3
1 -249 920
3
1 -781 492
3
2 -203 41
3
2 -92 10
3
2 -486 12
3
2 777 -26
3
2 -336 -40
3
2 62 -32
3
2 291 -28
3
1 158 734
3
2 -729 29
3
1 -50 1096
3
2 630 -30
3
1 -454 775
3
2 -533 20
3
1 716 585
3
2 297 1
3
1 649 441
3
2 638 -33
3
1 426 1100
3
2 -951 -24
3
2 26 -58
3
2 773 -44
3
2 -845 -10
3
2 -281 -49
3
2 400 24
3
2 -753 62
3
2 242 48
3
1 156 19
3
2 783 -52
3
2 -825 -54
3
2 -308 3
3
2 528 -16
3
2 -56 1
3
2 409 -17
3
2 413 15
3
2 732 -2
3
2 7 -52
3
1 -676 282
3
2 -514 36
3
1 -886 711
3
2 552 -58
3
2 677 -2
3
2 118 -56
3
1 -41 1019
3
2 179 -41
3
2 470 12
3
1 -409 625
3
1 753 769
3
1 1008 687
3
1 -243 315
3
2 -878 -47
3
2 -359 34
3
2 -473 46
3
1 -18 687
3
2 -298 -61
3
1 -401 345
3
2 -57 -30
3
2 -49 -34
3
2 293 -6
3
2 -298 50
3
1 938 120
3
1 108 288
3
2 813 -29
3
2 949 42
3
1 411 375
3
1 126 167
3
