1126
-17 775
7 -399
-19 73
30 -708
16 -653
23 -223
12 772
7 803
6 306
3 126
26 -85
-4 -592
-3 -798
27 -496
29 -704
-20 113
-32 -855
-17 -379
-18 646
24 -173
26 981
-19 991
-25 -151
-23 -35
26 505
24 -600
17 -360
5 -863
20 -927
-20 -144
-11 556
31 1001
-17 194
5 -569
-3 47
-3 833
-18 -626
30 732
2 32
-26 -622
25 -237
-14 445
-13 659
29 294
-6 272
26 663
5 630
-27 -1008
-24 749
-12 -385
-20 -271
30 -736
-3 735
21 375
-25 693
-4 793
28 -957
12 -142
9 820
-7 -565
21 814
17 -129
-18 224
-17 731
6 -666
32 -791
-10 -743
-17 -297
30 -1020
20 759
-30 343
-27 640
-31 -796
-16 -400
-1 -886
14 -933
31 -356
13 -677
-8 362
9 330
1 912
19 297
9 572
13 161
-24 590
13 -775
23 423
-22 830
8 363
4 162
-28 1002
-4 -595
18 729
-15 515
-27 -706
-22 275
4 895
0 -137
-31 -453
21 -519
18 944
-10 -980
-8 620
1 -544
27 -232
-23 460
-6 896
-28 -120
15 -896
-8 667
-15 -298
-2 654
2 -23
-28 526
-19 -996
16 -340
-1 762
8 289
7 578
24 827
-15 -126
4 -420
8 -386
26 346
-31 -146
-22 -322
25 418
-22 664
9 -689
-32 -594
-21 -853
24 -714
24 -206
0 -759
9 -169
-27 718
-4 -694
6 476
-11 -755
-7 200
20 298
12 -834
-16 721
-25 598
-25 1019
18 -629
26 -419
31 -437
-25 281
-13 -254
26 922
14 329
-28 762
-6 -340
21 90
19 -382
-5 249
-10 -946
-9 -874
5 -535
7 679
22 -200
-32 -459
-12 -366
-12 728
27 446
-30 356
7 341
30 -981
4 -923
23 373
-3 -504
25 40
32 55
-14 762
19 -688
28 404
-4 -861
-3 -1014
-26 279
-3 -824
-27 -685
11 987
10 651
17 681
-3 -374
9 983
28 138
15 232
21 702
0 224
31 -127
-14 -875
-6 573
-17 857
5 -126
1 -473
-19 -434
-7 -131
23 -505
-26 -56
19 -446
-18 804
-14 -99
11 -115
-30 493
16 616
8 737
-4 402
19 -99
4 624
-7 -757
-28 -12
-13 -872
-1 -463
12 -105
-4 -208
-10 920
-16 -858
11 95
16 -625
-22 -352
14 953
3 244
22 158
26 565
17 431
2 933
29 -359
-10 277
-32 -805
-29 -829
2 -379
-23 95
-28 399
17 863
3 -760
-11 789
15 384
-1 11
-17 -872
-31 -724
14 896
24 490
-5 -755
-26 226
-15 939
26 -524
5 1024
9 347
27 785
0 -340
-10 -329
18 731
17 -568
12 598
10 -731
-30 680
-11 -943
-29 -324
-23 400
-20 840
-12 836
-15 873
-18 399
4 -815
-11 380
10 698
27 -194
19 107
12 121
12 359
-19 -447
17 66
9 -865
-11 498
-32 -356
-15 -664
12 -396
-18 290
-2 -620
-26 -861
24 882
1 -701
-22 -784
-2 438
19 622
-15 776
27 299
6 322
24 -953
-6 1017
-1 620
-19 -830
-20 50
-27 739
-14 984
-2 -811
29 -798
30 1017
-13 455
-32 316
11 203
-24 -797
-13 396
-22 -64
11 -681
-26 694
-16 -743
-11 675
17 -676
-24 -752
8 780
-18 125
9 1024
14 961
12 547
-26 507
-31 319
28 -796
32 -253
2 -867
14 605
22 -995
30 -309
-4 -831
8 582
21 -678
-15 953
22 -706
-15 76
26 -643
-13 -6
-13 -675
-17 87
12 -509
-7 229
28 949
26 1011
-26 185
28 -878
8 228
-20 332
21 -984
0 -1003
-7 -837
-17 -411
14 209
-12 -591
28 -104
-14 111
22 -671
24 571
18 -875
4 233
11 747
-1 -312
-26 -941
17 14
-24 -744
8 995
-29 645
22 -500
-4 168
19 -125
16 453
-31 -37
18 -699
-6 573
12 579
-2 297
1 160
14 253
8 4
5 -145
17 -211
-11 -784
-27 -103
7 776
-9 -326
29 641
2 -388
17 -91
25 -400
24 -612
-20 775
32 481
-12 181
-9 666
-20 -537
16 -555
-25 346
20 -314
-15 -63
18 820
26 89
20 -262
13 527
17 663
20 -383
-20 818
-31 759
14 302
24 -17
-13 -413
-31 -48
-30 -790
-23 -259
-7 -996
-12 -130
-25 -199
26 -253
11 -340
4 723
-20 400
-24 -652
-9 -294
5 468
1 -1003
-21 977
3 409
26 -335
-9 -310
-3 564
2 -404
29 -971
-30 393
7 473
-1 -951
-20 887
3 -2
-28 -870
0 341
-28 -287
-24 562
24 -30
-3 81
-16 78
24 -447
9 -512
4 -974
-29 83
-3 -147
-9 1008
26 215
10 912
30 80
-6 -82
-8 -360
1 -242
15 832
-21 661
-20 -125
-28 -341
-18 -669
-1 114
-11 225
-4 -687
-16 -784
18 -1020
-4 679
9 -355
-21 -579
24 -869
5 217
-29 800
20 -871
3 424
14 662
-29 481
-9 -258
18 911
-25 -233
1 -468
-28 -993
5 463
16 452
25 957
-12 182
1 984
-21 -512
-17 -602
23 -853
31 -329
-3 417
3 314
6 -278
5 125
5 -601
-24 8
-5 730
-21 -884
29 -958
-24 -993
24 160
-22 -377
-18 -787
-29 314
-17 -132
10 730
-28 649
5 956
6 731
-5 -653
-14 -799
23 -953
-12 338
26 602
-23 284
4 -883
12 -401
-26 92
-22 834
-32 -267
-20 391
-24 987
28 -31
32 -127
26 -563
13 829
-29 -914
24 619
9 600
9 -171
21 -708
22 816
28 246
-1 -249
-25 -736
1 -267
-19 -54
6 -843
-7 -924
11 -923
-29 298
-3 -287
31 806
-1 -679
-24 -497
-4 -272
-9 144
1 -266
-18 -86
-7 -579
1 506
11 370
7 -126
25 -658
26 606
-12 25
-32 886
-26 289
-24 -443
9 536
16 -729
-16 415
-11 -729
-6 -196
21 -879
27 -100
17 429
-25 -946
25 310
-6 -235
6 400
20 -229
1 -473
8 928
2 693
31 704
-12 -321
-9 -110
-28 -782
-16 183
8 -568
-14 -1010
19 -671
18 675
-4 25
3 -983
30 230
10 174
-14 -640
-21 890
4 -1020
-25 -1008
-6 -873
5 169
-13 -911
-5 -754
-30 -589
-14 942
-25 378
3 427
-13 8
6 -197
-4 281
19 -4
5 -457
5 207
-24 431
-29 -769
-20 130
-26 -47
-2 264
-7 -212
-17 -5
-10 -49
19 298
29 -249
31 -178
-8 -993
22 -469
-21 -256
-23 401
6 -866
-2 -338
27 390
-15 -187
-24 -477
2 565
-15 -248
-18 41
-19 -604
1 81
-22 -381
14 238
30 6
15 -322
32 892
29 213
-18 911
-15 951
-28 690
-22 619
-13 841
16 -476
1 -305
-20 809
-28 415
25 287
-17 793
19 709
-20 806
-9 548
-2 466
21 186
16 -390
24 -396
10 -149
-29 1
16 894
5 -251
23 -911
-31 -319
1 935
-22 50
2 1005
31 477
3 -903
30 -590
13 249
16 -85
28 732
-14 -352
12 -771
5 -774
-18 -826
15 713
31 -468
-32 328
14 361
-12 -879
-23 -913
-31 -922
12 624
14 309
20 644
22 732
-23 -769
-9 -90
1 541
-14 632
-22 672
23 538
21 -311
12 -354
-29 -806
20 904
-12 415
29 564
21 519
-7 374
-21 -953
-5 490
-6 -51
-21 -701
20 48
16 204
3 -773
-22 -102
-1 71
26 503
26 361
19 108
3 -147
-16 277
-6 7
-28 -2
29 -292
30 -619
-9 -649
-8 147
10 659
-22 630
16 69
6 851
-19 585
19 -595
-15 -825
-9 -328
-11 696
-18 -88
-11 599
-6 -243
22 398
11 477
4 -134
-10 -340
-21 -562
-2 923
24 -718
-20 -353
8 -459
-19 812
6 -923
14 305
-17 -593
16 476
-15 127
25 313
3 -118
-12 -751
9 -123
-8 784
-16 -288
17 871
29 -106
-17 909
30 81
-4 201
-28 -870
1 980
-26 -814
29 591
-5 151
0 349
-5 157
-24 292
4 557
27 -651
-9 -291
29 -738
10 737
23 -962
11 354
-21 -24
-3 257
-27 581
-31 874
28 804
26 27
-3 -480
-11 -786
-5 218
-26 -138
15 39
-30 298
16 -826
24 -17
-11 316
28 -500
-12 332
-15 -802
29 -801
-2 36
18 -441
-7 -382
15 247
22 -598
7 -885
0 544
-5 -653
-30 504
-15 -172
21 830
0 -713
-22 435
-20 86
-16 -1005
17 216
-28 311
-24 -906
21 -635
-19 -726
-31 830
7 592
-21 -920
-24 -344
-16 508
-22 584
-32 140
24 -893
0 514
10 -304
-16 -498
2 589
31 -313
22 -258
3 48
-2 -132
25 -546
-22 203
-22 910
-14 679
13 -145
0 194
-21 -403
28 57
-1 -482
-1 -380
-30 177
-27 881
12 404
20 -573
32 151
21 -207
-8 266
30 -324
-12 -145
31 32
17 81
18 -296
27 39
10 -212
-10 538
-22 625
-20 130
-5 -959
-19 593
-25 -551
1 -188
-23 -163
31 -763
0 -795
-6 379
-9 -687
-30 487
-23 137
26 -710
-6 83
31 -154
10 542
25 166
-29 509
-12 -413
-10 -547
-22 -289
18 -11
8 851
0 89
22 -546
-18 -359
-31 468
23 468
-22 216
-23 -415
24 -278
-10 37
23 -291
25 -891
6 -521
-31 -281
14 -611
29 187
-22 -587
-7 -578
-13 191
25 -679
30 890
-16 929
-30 851
-10 -370
-18 641
13 461
-27 -812
-13 158
23 -330
-1 -95
-20 -415
30 -701
24 -656
-9 427
29 -679
2 705
-30 -464
-25 -220
-20 99
-28 960
-22 -923
3 64
-7 992
31 -1020
-21 100
23 232
24 1
16 -805
-23 301
29 -609
-8 -631
-27 345
-15 -319
4 -196
10 -466
26 -506
-3 136
-27 -52
-13 -219
-24 252
2 374
24 77
19 16
-22 232
15 -594
-27 -61
9 231
6 241
-9 920
-5 204
21 809
25 89
19 -743
-23 24
-30 1014
6 967
-13 760
31 225
-27 316
-29 581
-13 592
32 -990
-11 -734
27 -802
20 -704
17 639
11 -899
30 -1000
8 765
5 -556
-5 -188
-15 605
10 942
21 836
-4 -250
10 -556
-27 -113
14 -373
-13 265
-22 -662
32 789
16 -335
7 -832
-21 808
23 762
30 -850
29 662
-30 634
-1 -953
-4 -724
19 837
13 162
16 246
-12 -124
-28 -873
-22 72
-4 -298
16 829
9 964
-12 851
14 -161
20 251
1 267
-11 55
17 305
31 -865
24 -925
-3 -184
-25 -913
13 -167
-14 -71
-16 -847
18 -358
18 -987
30 -943
30 795
-8 377
-8 -92
11 -119
26 470
-1 318
-30 -722
3 952
-32 -773
-15 -703
23 -724
5 501
-14 905
-22 -53
21 -788
-20 294
23 972
10 -997
-2 -735
29 842
20 606
-15 -147
21 -983
-10 -1023
1 -694
3 889
-21 -452
1 -941
2 -4
4 371
25 570
-20 752
-13 -714
32 372
-18 688
-21 848
-3 837
27 -871
-13 -544
-26 146
25 478
-16 -608
21 376
2 480
2 -495
14 -420
21 -21
-21 79
20 600
28 377
-21 127
-26 533
7 388
26 -719
-14 330
18 654
12 462
-19 834
23 545
24 -327
22 -909
19 636
2 97
21 895
-19 -372
-5 -64
27 -577
-30 -305
4 643
-2 -345
31 964
-30 -268
-13 867
-18 727
-32 855
4 -75
14 165
4 -473
-8 -261
8 959
-20 157
-32 -365
6 -174
11 929
-32 354
-30 -607
-6 893
13 696
-10 203
26 -925
-31 798
-17 1003
23 73
32 -313
-17 951
24 -308
12 3
7 689
31 705
-2 299
-5 152
31 328
7 866
3 -780
9 -627
-12 589
27 -145
-6 -404
-4 584
-30 -259
-29 441
-23 -943
22 -729
-27 785
-30 -686
20 -1015
-25 264
-14 -513
0 849
12 661
-13 -950
20 904
3
2 792 22
3
2 -161 29
3
2 861 54
3
2 431 -39
3
1 -336 831
3
1 3 455
3
1 -531 625
3
2 -20 -32
3
2 223 6
3
2 -215 -15
3
2 738 -28
3
2 596 19
3
2 -831 10
3
2 761 52
3
1 86 434
3
2 924 46
3
2 -790 23
3
2 395 -49
3
2 -645 -34
3
1 -438 60
3
2 -351 -14
3
2 -277 -16
3
2 604 -50
3
2 684 -8
3
1 -619 77
3
1 -981 1101
3
2 168 38
3
2 18 -15
3
2 -813 59
3
2 -640 -62
3
1 -263 401
3
1 -940 295
3
2 755 -13
3
2 -465 -57
3
2 -71 -41
3
2 -960 8
3
2 -569 39
3
1 -966 739
3
2 391 3
3
2 651 31
3
2 622 -20
3
2 -1006 32
3
1 -564 872
3
2 -420 50
3
1 700 539
3
2 -192 -9
3
2 389 15
3
2 628 -21
3
1 920 209
3
2 -404 51
3
1 -198 1043
3
2 677 -64
3
2 404 7
3
1 614 121
3
2 -61 54
3
2 323 -49
3
2 -752 -63
3
2 466 -5
3
2 -102 43
3
1 828 194
3
2 568 -54
3
2 -121 -48
3
1 -131 946
3
2 -755 19
3
2 -409 2
3
2 -188 51
3
1 -541 273
3
2 -501 35
3
1 505 637
3
2 305 -6
3
2 574 54
3
2 398 -56
3
2 -205 10
3
2 -776 36
3
1 827 37
3
2 181 29
3
2 169 -58
3
2 -358 61
3
2 -771 51
3
1 -663 368
3
2 75 -10
3
2 220 47
3
2 449 6
3
2 654 -54
3
2 -89 -41
3
2 -816 43
3
2 -692 -54
3
2 -469 49
3
1 -705 186
3
2 -992 -6
3
1 524 1055
3
2 312 -22
3
2 -211 10
3
1 360 164
3
2 -266 56
3
1 574 571
3
1 645 920
3
1 -597 253
3
2 -65 -45
3
2 184 -48
3
2 454 57
3
2 807 -7
3
1 -920 347
3
2 703 -24
3
2 802 60
3
1 715 589
3
2 623 -4
3
2 695 -62
3
2 -452 40
3
2 -516 13
3
2 864 45
3
2 179 53
3
2 209 11
3
1 891 551
3
1 830 615
3
1 -63 459
3
2 -556 -18
3
2 196 -45
3
2 -324 -61
3
2 -774 22
3
2 417 12
3
1 -840 737
3
2 -133 -9
3
2 -747 -49
3
1 -272 260
3
2 0 -20
3
2 -893 26
3
2 767 62
3
1 285 827
3
1 671 858
3
1 -967 1025
3
2 437 -18
3
2 -459 39
3
1 -476 620
3
2 577 47
3
2 -84 25
3
1 -208 906
3
2 -709 43
3
2 -380 0
3
2 -186 -15
3
2 -643 59
3
2 138 -57
3
2 -739 4
3
2 -1016 61
3
2 -314 22
3
2 660 -45
3
2 305 -50
3
2 -911 -58
3
2 283 53
3
2 -25 38
3
2 -558 -19
3
1 -388 469
3
2 669 43
3
2 944 44
3
2 -822 -23
3
1 733 680
3
2 -538 -42
3
2 106 12
3
2 -666 -48
3
1 505 344
3
2 703 21
3
1 -14 442
3
2 -697 -40
3
2 -781 22
3
2 -228 35
3
2 513 -33
3
2 -690 34
3
1 52 690
3
1 -529 141
3
2 771 54
3
2 181 6
3
1 -381 247
3
1 760 186
3
2 304 -35
3
2 819 18
3
2 968 -16
3
1 -638 73
3
2 -110 -48
3
1 105 989
3
2 -735 28
3
2 -606 -29
3
2 -577 -21
3
2 -526 51
3
2 730 38
3
2 -988 32
3
2 670 -48
3
1 289 546
3
2 406 -46
3
2 -410 -3
3
2 -263 53
3
1 326 946
3
1 523 213
3
2 -710 -13
3
2 -484 -25
3
2 418 18
3
2 233 -25
3
2 -528 -18
3
2 -1017 23
3
2 -671 -57
3
2 493 -58
3
2 173 2
3
2 -426 64
3
2 -662 44
3
2 227 -7
3
2 -17 61
3
2 -64 -64
3
2 -481 53
3
1 655 346
3
2 159 -54
3
2 697 12
3
1 -2 247
3
2 -1008 -60
3
2 -849 0
3
2 -563 43
3
2 -958 25
3
2 -459 58
3
1 -446 904
3
2 394 20
3
2 419 -53
3
2 -269 -6
3
1 628 585
3
2 362 -25
3
1 993 796
3
2 -239 -26
3
2 -231 -52
3
2 -615 -41
3
2 378 37
3
2 685 -30
3
2 -713 -40
3
1 -900 24
3
2 616 29
3
1 423 128
3
1 -369 1019
3
1 -373 81
3
2 -385 2
3
2 600 6
3
1 983 616
3
2 -742 5
3
2 -847 23
3
2 827 55
3
2 367 57
3
2 -181 -64
3
2 -287 -30
3
1 -800 470
3
2 -747 -35
3
2 964 -14
3
2 799 -4
3
1 875 137
3
2 -977 58
3
1 -239 1000
3
2 -254 26
3
2 632 2
3
2 -806 21
3
2 -502 -31
3
2 282 7
3
2 -224 1
3
2 952 -18
3
1 89 26
3
2 945 60
3
2 -265 -51
3
2 167 54
3
2 -727 64
3
2 35 -42
3
1 -476 577
3
2 -585 -30
3
2 347 -27
3
2 -664 6
3
2 949 13
3
2 347 -58
3
2 -244 2
3
2 517 46
3
2 -591 -64
3
1 -162 135
3
2 -20 47
3
2 -452 42
3
2 -670 50
3
2 804 -1
3
2 670 -50
3
1 314 332
3
1 -215 56
3
2 380 -39
3
2 819 17
3
2 -313 -44
3
2 -239 10
3
2 541 58
3
2 772 58
3
2 -284 60
3
2 888 -19
3
2 277 43
3
2 366 -18
3
1 -135 970
3
1 989 550
3
2 451 -45
3
1 334 731
3
1 -863 242
3
1 886 69
3
2 805 -13
3
2 791 -35
3
2 -769 40
3
2 570 -49
3
2 -558 16
3
2 973 -34
3
1 987 880
3
1 346 797
3
2 -456 -50
3
2 -849 -31
3
1 -989 417
3
2 440 9
3
2 -504 -38
3
2 592 21
3
1 439 594
3
2 442 -6
3
2 395 -1
3
2 497 23
3
2 1022 12
3
1 -52 138
3
2 98 -63
3
2 674 -17
3
1 3 307
3
2 412 -43
3
1 729 603
3
1 -206 360
3
2 -378 -17
3
1 662 489
3
2 176 -22
3
2 373 -51
3
1 91 712
3
1 647 329
3
2 -240 -15
3
1 245 149
3
1 624 937
3
2 -686 -2
3
2 873 -54
3
2 653 -54
3
2 -488 52
3
2 -956 36
3
2 -64 36
3
1 -849 99
3
2 201 -6
3
2 -1004 43
3
1 739 616
3
1 746 768
3
2 -28 39
3
2 -677 -54
3
2 322 12
3
2 405 49
3
2 -994 -59
3
2 323 62
3
2 -607 -57
3
2 318 33
3
2 949 -51
3
2 -36 46
3
2 -281 23
3
2 -164 64
3
2 464 -62
3
2 243 -64
3
2 -454 63
3
2 -1 -53
3
2 201 -49
3
1 -601 714
3
2 -113 -3
3
2 -785 28
3
2 -230 4
3
2 888 -57
3
2 148 -23
3
2 135 -45
3
2 -105 -21
3
2 -638 4
3
1 -776 23
3
2 194 51
3
1 756 642
3
1 -912 647
3
1 -992 703
3
2 490 -23
3
2 294 -36
3
2 -233 -39
3
1 -686 554
3
2 -523 -44
3
1 580 575
3
2 991 -61
3
1 4 827
3
2 -921 -64
3
1 -284 785
3
2 98 -37
3
2 573 24
3
1 -958 894
3
2 360 -43
3
2 487 -60
3
2 -67 -59
3
2 435 -27
3
2 -144 -57
3
2 644 49
3
2 476 -11
3
2 146 -49
3
2 543 -48
3
2 -747 17
3
1 508 343
3
1 -406 440
3
2 481 36
3
2 858 5
3
2 -618 -41
3
2 -117 -56
3
2 423 -31
3
2 11 46
3
2 673 -43
3
2 -883 -26
3
2 232 1
3
2 -254 52
3
2 721 18
3
1 -871 344
3
1 -967 340
3
2 -76 6
3
1 882 394
3
2 598 -52
3
1 195 159
3
2 757 -33
3
2 -210 -34
3
1 -810 1062
3
1 -555 297
3
2 -537 -57
3
1 -835 136
3
2 458 -6
3
2 -625 -36
3
2 489 32
3
2 873 -59
3
2 45 -35
3
2 -692 56
3
2 -831 56
3
2 -778 -18
3
2 973 49
3
2 156 60
3
1 253 189
3
2 -903 -2
3
2 184 -40
3
2 -574 33
3
1 -454 699
3
2 685 -46
3
2 0 35
3
2 -714 -49
3
1 802 977
3
2 -423 -38
3
2 280 33
3
1 -752 923
3
2 -75 -14
3
2 347 -24
3
1 -827 1014
3
2 -791 23
3
2 243 -2
3
2 954 36
3
2 274 -60
3
2 228 -17
3
1 493 606
3
1 503 417
3
2 656 14
3
2 416 -39
3
2 657 -57
3
2 -626 -1
3
2 -538 -9
3
1 88 860
3
2 476 21
3
1 62 975
3
1 537 427
3
1 107 887
3
1 -595 806
3
2 -874 -26
3
2 -791 33
3
2 736 -60
3
1 -730 627
3
2 958 -35
3
2 474 -62
3
2 671 -46
3
2 100 47
3
2 65 47
3
1 839 148
3
2 298 -12
3
1 324 675
3
2 92 -7
3
1 859 613
3
2 818 11
3
2 -614 -55
3
2 -88 -46
3
2 -963 -59
3
2 328 -11
3
2 190 12
3
2 303 -42
3
2 570 -11
3
2 -911 -31
3
2 867 -40
3
2 -269 18
3
1 381 860
3
2 730 21
3
2 -697 -53
3
2 737 30
3
2 -1010 54
3
2 -898 -44
3
2 -313 25
3
2 978 -38
3
2 -388 38
3
1 495 854
3
1 -538 739
3
2 -965 -4
3
2 -626 19
3
2 577 -32
3
2 -876 -53
3
2 977 -50
3
2 286 15
3
2 962 -34
3
2 -1003 -19
3
2 -138 -7
3
1 275 589
3
2 -889 5
3
2 380 17
3
2 -981 -4
3
1 991 204
3
2 -173 -64
3
2 440 -13
3
2 -187 57
3
2 110 58
3
2 -878 -3
3
2 680 -36
3
1 42 555
3
2 1010 11
3
2 -698 58
3
2 -760 -50
3
2 -186 -64
3
2 -899 27
3
2 -137 54
3
2 2 36
3
2 669 -62
3
1 309 777
3
2 -79 -59
3
2 77 62
3
2 662 19
3
2 717 -35
3
2 -122 24
3
2 660 -39
3
2 787 -25
3
2 -829 -33
3
1 958 448
3
1 373 214
3
2 -771 -3
3
2 -802 -39
3
2 -877 31
3
1 -953 123
3
2 474 -55
3
2 -868 -47
3
2 585 -45
3
2 -478 -64
3
2 663 17
3
2 -454 1
3
2 -77 39
3
1 299 236
3
2 148 -49
3
2 -204 22
3
2 -1006 0
3
2 117 14
3
1 -294 152
3
1 183 498
3
2 527 -13
3
2 -130 9
3
1 -454 668
3
1 -525 262
3
2 -777 56
3
1 -550 51
3
2 -662 -10
3
2 300 -40
3
2 435 -9
3
2 530 -23
3
2 268 -57
3
2 607 -57
3
2 896 -21
3
2 -150 -33
3
2 -258 -61
3
2 -305 -18
3
2 -219 41
3
2 985 -20
3
2 -122 -54
3
1 -906 410
3
2 -821 -17
3
2 796 6
3
2 -607 -60
3
2 -1009 17
3
2 -625 -50
3
2 695 14
3
2 185 28
3
2 -601 57
3
1 504 214
3
2 132 -41
3
2 -510 16
3
1 643 423
3
2 -638 -4
3
2 315 57
3
2 -95 -23
3
2 -86 -1
3
2 306 -31
3
2 931 63
3
2 -986 47
3
2 -399 -24
3
2 660 -4
3
1 412 582
3
2 999 1
3
2 -269 21
3
1 -979 140
3
2 146 -49
3
1 753 229
3
2 -402 -42
3
2 227 -27
3
2 -556 -17
3
1 953 1062
3
2 347 35
3
2 -554 58
3
2 718 59
3
1 -946 427
3
2 -535 -40
3
2 597 -63
3
2 -439 4
3
2 878 8
3
2 954 63
3
2 945 55
3
2 -683 64
3
2 -215 7
3
2 -338 -39
3
2 289 23
3
2 544 -9
3
2 -170 59
3
2 502 -24
3
1 417 915
3
2 -387 6
3
2 -260 -12
3
2 946 29
3
2 568 -62
3
2 -907 22
3
2 351 -12
3
2 -737 -24
3
2 -438 0
3
2 462 46
3
2 -999 5
3
2 -1010 29
3
1 -126 188
3
2 43 63
3
2 -667 -51
3
2 -250 -56
3
2 475 33
3
2 -461 11
3
2 1016 16
3
2 -131 57
3
2 269 56
3
1 534 933
3
2 -944 6
3
2 366 -54
3
2 -830 24
3
2 888 46
3
2 -966 45
3
2 -467 -36
3
2 879 3
3
2 854 3
3
2 983 13
3
2 148 -33
3
2 -1014 -64
3
2 -201 -36
3
2 970 15
3
2 1018 -38
3
2 574 12
3
1 -13 951
3
2 58 -40
3
2 349 -54
3
1 808 1025
3
2 -74 19
3
2 789 -5
3
1 -315 72
3
2 -780 -47
3
2 261 52
3
2 511 -11
3
2 -69 -10
3
2 109 -16
3
2 -500 53
3
1 22 880
3
2 -107 -13
3
2 -863 -24
3
2 393 -32
3
2 443 -34
3
1 -521 844
3
2 -585 -50
3
1 -204 408
3
1 668 489
3
1 -676 109
3
2 -820 2
3
2 194 -28
3
2 -559 -13
3
2 4 47
3
1 -878 22
3
2 836 -62
3
2 19 -4
3
2 318 34
3
2 694 -52
3
2 -842 13
3
2 669 -28
3
2 -626 57
3
2 -701 -53
3
2 206 -33
3
2 -780 -22
3
2 171 -11
3
1 245 97
3
2 -45 40
3
1 766 82
3
1 -797 850
3
1 913 696
3
1 -230 406
3
1 -234 221
3
2 549 22
3
2 -561 -48
3
2 -48 1
3
1 30 947
3
2 113 15
3
2 509 61
3
2 860 0
3
1 1003 1016
3
1 118 1045
3
2 -63 32
3
2 -101 49
3
1 -1015 36
3
2 -98 -14
3
2 -613 15
3
2 -1003 37
3
1 -438 350
3
2 750 1
3
1 184 578
3
2 -443 -16
3
1 291 924
3
2 662 13
3
1 -662 108
3
2 -875 -38
3
2 706 1
3
2 740 21
3
1 207 363
3
2 -640 50
3
2 -548 12
3
2 -142 18
3
2 -675 46
3
2 692 -52
3
2 409 -61
3
2 988 43
3
2 -692 43
3
2 521 21
3
1 643 816
3
2 -331 6
3
2 508 -63
3
1 -447 164
3
2 508 -25
3
2 -789 -36
3
2 -852 33
3
2 839 24
3
2 602 -3
3
2 -641 21
3
2 718 54
3
2 -882 -59
3
2 -593 -2
3
2 -279 30
3
1 -385 548
3
2 -618 -10
3
1 -829 455
3
2 880 11
3
2 -464 54
3
1 -569 587
3
1 -744 896
3
2 755 -63
3
1 -811 34
3
2 -354 16
3
2 -66 -57
3
2 403 55
3
2 208 -29
3
2 270 -56
3
2 -985 -47
3
2 -149 -41
3
2 224 57
3
2 264 -30
3
2 -871 18
3
2 400 -55
3
2 557 25
3
2 619 39
3
2 311 -9
3
2 317 -14
3
1 963 972
3
1 291 29
3
1 731 522
3
2 -583 -1
3
2 587 49
3
2 -448 30
3
2 130 22
3
1 -626 758
3
2 253 29
3
2 401 -27
3
2 -840 -54
3
2 -348 -56
3
1 -741 1042
3
1 824 295
3
2 -23 27
3
2 7 -6
3
2 559 57
3
2 -995 -27
3
2 870 -27
3
1 -809 632
3
1 385 728
3
1 904 524
3
2 601 -24
3
1 -815 692
3
2 1020 -27
3
2 -400 54
3
2 960 3
3
2 -491 39
3
2 477 7
3
2 -436 -52
3
1 -863 1095
3
1 -354 1074
3
2 870 -60
3
2 -558 -32
3
2 -612 -63
3
2 -753 -38
3
2 619 -9
3
1 -463 1070
3
1 497 215
3
2 167 2
3
1 483 732
3
2 605 -3
3
2 -327 38
3
1 -1005 1007
3
2 931 24
3
2 -688 -59
3
2 -222 49
3
1 841 426
3
1 -33 759
3
2 -436 55
3
1 872 445
3
1 -847 1065
3
2 -78 59
3
2 -832 -19
3
2 175 -47
3
2 889 -10
3
1 -625 543
3
1 -336 501
3
2 242 -24
3
2 -465 61
3
2 -330 41
3
2 -217 22
3
2 -991 -13
3
1 265 285
3
2 946 -3
3
2 -587 -54
3
1 -475 598
3
2 875 -18
3
2 440 48
3
2 765 -46
3
2 -543 26
3
2 -953 -19
3
1 139 1007
3
2 -154 9
3
1 -788 524
3
2 705 -7
3
1 -462 585
3
2 612 -30
3
2 -867 57
3
2 190 45
3
1 -749 436
3
2 772 58
3
2 321 -32
3
1 381 857
3
2 632 2
3
2 -288 52
3
2 -466 -36
3
1 -14 816
3
2 219 -45
3
1 -37 795
3
2 -222 47
3
2 869 40
3
2 972 -13
3
1 -392 707
3
1 626 499
3
2 -149 48
3
2 281 43
3
2 -609 63
3
2 618 27
3
2 816 37
3
2 -276 -16
3
2 -638 -42
3
2 -199 -13
3
1 154 1115
3
2 781 47
3
2 -643 56
3
2 -852 -49
3
1 716 1111
3
1 -962 592
3
2 418 -4
3
2 -588 6
3
2 392 -29
3
1 -993 223
3
2 189 -57
3
2 733 57
3
2 -267 31
3
2 998 -17
3
1 -34 482
3
2 207 -15
3
2 -108 17
3
1 8 1105
3
2 -179 -47
3
1 -312 948
3
2 69 30
3
2 -966 -58
3
2 795 -48
3
2 593 44
3
2 757 -63
3
2 -859 25
3
2 -562 -12
3
2 413 -57
3
2 -770 61
3
2 -139 -25
3
1 570 135
3
2 -538 14
3
1 903 1006
3
2 -359 58
3
2 971 -63
3
2 487 -47
3
2 -725 8
3
2 828 41
3
2 972 -13
3
1 97 336
3
2 797 53
3
2 187 15
3
1 -487 721
3
2 44 -11
3
1 216 1023
3
2 -4 31
3
1 -411 933
3
2 -599 1
3
1 975 93
3
2 547 5
3
2 366 33
3
2 1014 12
3
2 1012 60
3
1 -895 1078
3
1 1008 690
3
1 819 873
3
1 240 592
3
2 -779 7
3
2 -288 -10
3
2 -595 23
3
1 -813 150
3
2 140 15
3
1 189 803
3
2 -275 -57
3
2 949 -34
3
2 223 13
3
1 -429 485
3
2 -197 56
3
2 -300 -45
3
2 -791 -20
3
2 -550 57
3
2 -317 47
3
1 -928 483
3
2 -822 54
3
2 -468 60
3
1 -673 518
3
1 606 811
3
2 398 53
3
1 665 737
3
2 -181 41
3
1 456 49
3
1 -130 919
3
2 98 51
3
2 103 13
3
2 527 56
3
2 -696 -36
3
2 -697 21
3
2 250 -11
3
2 -169 -59
3
1 831 1091
3
1 92 69
3
2 901 31
3
2 324 59
3
2 -937 -14
3
2 -85 -58
3
2 244 -53
3
2 785 -49
3
2 -940 0
3
2 507 -53
3
1 -296 158
3
2 -44 13
3
2 201 30
3
1 635 72
3
2 -696 41
3
2 -515 -30
3
2 -828 9
3
2 253 54
3
2 -250 17
3
2 -404 21
3
2 -56 -28
3
1 613 846
3
2 10 -2
3
2 -459 23
3
2 -696 36
3
2 427 -30
3
1 874 133
3
2 -49 -10
3
2 -478 44
3
2 860 32
3
2 212 -41
3
2 970 64
3
1 151 600
3
2 -318 48
3
1 399 294
3
2 852 -47
3
1 444 268
3
2 -582 36
3
1 609 367
3
1 2 659
3
2 667 62
3
2 -766 34
3
2 268 22
3
1 -640 198
3
2 -806 -43
3
1 -414 288
3
2 21 -9
3
2 -329 28
3
2 -700 -9
3
1 708 529
3
2 928 46
3
2 -607 -14
3
2 -211 -59
3
2 78 -11
3
2 -713 64
3
2 820 9
3
2 -19 -22
3
1 204 1051
3
2 417 -30
3
1 -883 821
3
2 -276 -23
3
2 -622 -12
3
1 -439 179
3
2 -90 -1
3
2 109 53
3
2 556 14
3
1 -457 759
3
1 -951 596
3
2 -994 -8
3
2 -1002 46
3
2 -462 19
3
1 -242 908
3
2 428 -45
3
2 278 -25
3
2 -820 -4
3
1 939 1091
3
2 530 -3
3
2 24 -16
3
1 115 687
3
1 -921 651
3
2 -327 -30
3
2 -249 -50
3
2 -268 61
3
2 -84 35
3
1 893 909
3
2 -610 -2
3
1 836 468
3
2 -935 -33
3
2 -595 -31
3
2 735 -62
3
2 -390 -37
3
2 -146 62
3
2 -181 36
3
2 -422 5
3
2 -445 32
3
2 882 -31
3
2 530 15
3
2 603 7
3
2 -875 38
3
2 226 28
3
1 853 1085
3
2 33 49
3
2 85 -2
3
2 -100 -38
3
2 780 -37
3
2 369 -51
3
1 629 1044
3
2 -982 -6
3
1 682 310
3
2 100 -52
3
1 -576 265
3
1 889 991
3
2 660 -62
3
1 -507 152
3
2 -647 -58
3
2 621 -23
3
2 637 49
3
2 -276 -7
3
1 -1002 905
3
2 423 -8
3
1 -387 1005
3
2 -750 -12
3
1 -300 649
3
2 -242 -20
3
2 538 -30
3
2 58 20
3
2 -800 34
3
1 30 972
3
2 -947 -34
3
2 517 48
3
1 -476 504
3
2 -511 49
3
1 -68 344
3
2 940 20
3
2 875 27
3
2 5 53
3
2 236 -48
3
1 -877 67
3
1 -217 877
3
2 335 -25
3
2 -144 -14
3
2 842 25
3
2 -940 28
3
1 -732 379
3
1 960 166
3
2 927 62
3
2 -211 -63
3
2 233 7
3
2 -579 -59
3
2 449 5
3
2 -870 -2
3
1 -826 897
3
2 -682 -2
3
2 801 -63
3
2 -719 56
3
2 -93 -5
3
2 688 -17
3
2 825 -33
3
2 -165 -20
3
1 357 305
3
2 859 -14
3
2 352 46
3
2 886 -64
3
1 -681 440
3
2 690 -42
3
2 -786 -1
3
2 -495 -55
3
1 -250 687
3
2 610 -27
3
2 841 -17
3
2 780 -23
3
2 795 21
3
2 -323 51
3
2 584 38
3
2 -800 46
3
2 68 3
3
2 531 44
3
2 -648 41
3
2 863 50
3
1 -638 9
3
2 422 -47
3
2 -415 -37
3
2 -900 -13
3
1 845 342
3
2 1010 0
3
2 -611 -36
3
2 -13 40
3
1 929 215
3
1 993 155
3
2 -1013 14
3
2 392 51
3
2 -594 63
3
2 992 8
3
1 912 472
3
2 535 6
3
2 39 -30
3
1 686 366
3
1 957 452
3
1 602 155
3
2 230 -33
3
2 170 22
3
2 -335 -21
3
2 -489 43
3
2 409 -58
3
2 -132 30
3
1 163 2
3
2 -176 -3
3
1 406 927
3
2 237 -1
3
2 180 -13
3
2 620 26
3
2 -68 -3
3
2 -764 47
3
2 -319 -29
3
1 -961 531
3
2 -144 57
3
2 -527 45
3
1 437 848
3
2 -933 53
3
2 454 -32
3
2 1023 62
3
2 655 64
3
1 -733 788
3
1 925 720
3
2 394 -19
3
2 769 -10
3
1 -983 161
3
2 -78 -49
3
2 -169 57
3
2 -655 18
3
2 230 10
3
1 -417 594
3
2 -882 62
3
1 -629 539
3
2 -787 -58
3
1 -463 630
3
2 -519 5
3
1 -619 693
3
2 155 -14
3
2 1017 -47
3
1 96 694
3
2 -962 -5
3
2 336 -44
3
2 663 -35
3
2 -811 50
3
2 -438 59
3
2 616 -24
3
2 -228 39
3
2 30 27
3
2 967 50
3
2 -35 11
3
2 -930 35
3
1 987 476
3
2 -140 29
3
2 -311 23
3
2 353 14
3
2 574 55
3
2 393 -40
3
2 757 3
3
2 -553 31
3
2 -607 12
3
2 827 5
3
2 769 34
3
2 387 -33
3
1 76 301
3
2 -951 -2
3
1 940 175
3
2 -917 57
3
1 30 252
3
2 -675 36
3
1 35 277
3
2 719 -40
3
1 -97 133
3
2 -29 -15
3
2 561 -36
3
1 -162 11
3
2 -75 -38
3
1 413 862
3
1 50 207
3
1 914 164
3
2 -126 -54
3
2 993 -8
3
1 267 262
3
1 -805 264
3
2 710 -57
3
2 404 53
3
2 678 -6
3
1 58 130
3
1 -552 613
3
2 631 29
3
1 -534 407
3
2 -42 11
3
2 -140 -15
3
2 452 58
3
2 584 19
3
2 -692 35
3
1 283 321
3
2 862 -38
3
2 -897 60
3
2 -353 0
3
1 282 349
3
2 531 40
3
2 -937 -35
3
2 905 -59
3
2 -121 -7
3
1 645 965
3
2 480 -10
3
2 -691 13
3
2 105 33
3
2 871 -21
3
2 469 -5
3
2 824 -36
3
2 -147 -50
3
2 -639 -61
3
2 590 -22
3
2 -359 -61
3
2 1016 -63
3
1 783 244
3
2 -489 -2
3
2 -790 -57
3
2 1023 57
3
2 -707 64
3
2 -898 39
3
2 308 14
3
2 291 -10
3
2 658 36
3
2 -307 -9
3
2 -272 -58
3
2 -937 52
3
2 -638 58
3
2 786 0
3
2 542 -30
3
1 185 599
3
2 -708 26
3
2 -722 18
3
2 -1001 -57
3
2 -388 48
3
2 -964 -24
3
2 -860 -51
3
1 542 403
3
2 527 -61
3
2 588 42
3
2 13 15
3
2 -833 -22
3
2 484 63
3
2 969 45
3
1 -763 757
3
2 916 -35
3
2 -383 -32
3
2 -540 16
3
2 -345 -37
3
2 -824 -54
3
1 -635 590
3
2 348 -45
3
1 897 297
3
2 -235 -37
3
2 -854 -10
3
1 271 873
3
2 306 -61
3
2 874 -17
3
2 313 14
3
1 -79 707
3
1 752 362
3
2 429 -35
3
2 294 -42
3
2 137 63
3
1 -530 1113
3
2 -560 -46
3
2 -403 -2
3
2 103 54
3
2 -35 -31
3
1 732 1077
3
2 -80 -41
3
2 -409 -31
3
2 -63 38
3
2 416 33
3
2 462 -64
3
1 847 8
3
1 951 653
3
2 903 -10
3
2 -862 49
3
2 433 16
3
1 -132 950
3
2 392 -1
3
1 -720 833
3
2 -522 -46
3
2 238 -57
3
2 -831 38
3
2 -383 55
3
2 861 5
3
2 703 56
3
2 -546 21
3
1 622 1004
3
1 -678 879
3
2 595 21
3
2 -900 -16
3
2 97 -8
3
1 -531 711
3
2 242 -10
3
2 476 61
3
1 -751 363
3
2 -912 -13
3
1 -300 806
3
2 1006 -8
3
2 34 -23
3
2 -716 -29
3
2 -829 -59
3
2 -356 17
3
2 14 -21
3
2 -305 -15
3
2 -924 -56
3
1 -144 697
3
2 933 15
3
2 123 50
3
2 -643 2
3
2 -39 -49
3
1 903 663
3
2 -655 49
3
2 -420 27
3
2 -312 -24
3
2 -496 -26
3
2 757 -12
3
2 851 -17
3
1 407 927
3
2 798 40
3
2 -968 -48
3
2 869 -10
3
2 -766 -56
3
2 -257 -9
3
2 588 50
3
2 196 -12
3
2 377 30
3
1 -804 152
3
2 962 42
3
1 -1003 908
3
2 1020 -28
3
1 678 914
3
2 217 -51
3
2 -720 53
3
1 -582 27
3
2 326 -39
3
1 567 749
3
1 -3 32
3
2 62 6
3
2 884 21
3
1 -741 549
3
2 271 -62
3
2 -301 -29
3
2 987 29
3
2 129 58
3
2 399 -23
3
2 -748 -63
3
1 6 182
3
1 950 763
3
2 955 -17
3
2 -207 22
3
2 -943 51
3
2 -383 -20
3
2 194 -54
3
2 -1007 4
3
2 -325 4
3
2 900 -4
3
2 -29 -53
3
2 -843 2
3
1 -68 1095
3
1 781 293
3
2 674 -35
3
2 -223 13
3
2 356 -8
3
2 666 3
3
2 -900 -31
3
1 594 78
3
2 80 -15
3
1 628 1059
3
2 765 -52
3
2 349 -4
3
1 -848 7
3
1 6 305
3
2 -976 -2
3
2 266 -52
3
2 275 31
3
2 -36 38
3
2 -392 -54
3
1 -274 871
3
1 243 45
3
1 -959 987
3
1 11 230
3
2 -353 -1
3
1 -383 295
3
2 -910 -18
3
2 643 -19
3
1 366 398
3
2 -329 59
3
1 -445 32
3
2 710 22
3
2 -517 31
3
1 753 300
3
2 583 -53
3
2 287 -46
3
1 -292 848
3
1 536 658
3
2 -178 -39
3
2 -816 -48
3
2 -274 6
3
2 -998 -18
3
1 -173 225
3
1 -12 976
3
1 685 24
3
1 -638 958
3
2 679 54
3
2 291 -41
3
2 521 34
3
2 822 -30
3
1 -737 679
3
2 182 22
3
1 -278 723
3
2 1023 47
3
1 510 668
3
1 -634 799
3
2 -741 50
3
2 813 9
3
1 575 22
3
2 445 -52
3
2 96 44
3
2 619 -40
3
2 674 32
3
2 -257 -32
3
2 -395 38
3
1 842 711
3
2 -358 -52
3
2 -702 22
3
2 347 -8
3
2 49 -4
3
2 -364 57
3
2 370 -27
3
2 -794 48
3
2 -957 -35
3
2 893 -54
3
2 -705 -18
3
2 -755 -50
3
2 -114 -15
3
1 -29 512
3
2 -1003 -21
3
1 -678 491
3
2 209 -44
3
2 816 -18
3
2 -160 38
3
2 864 -7
3
2 -725 19
3
1 588 791
3
2 -39 2
3
2 -254 11
3
1 5 797
3
1 -355 1071
3
2 -724 59
3
2 29 61
3
2 15 -26
3
2 -510 -49
3
2 108 -42
3
2 662 46
3
2 -743 -39
3
2 -200 57
3
2 78 -6
3
2 652 -47
3
2 -380 -64
3
2 426 -37
3
1 227 888
3
2 114 -7
3
2 980 19
3
1 -440 575
3
2 -292 2
3
2 -227 13
3
2 239 -59
3
2 -922 -27
3
2 733 -36
3
2 291 -50
3
1 617 19
3
2 -1010 -54
3
2 884 -6
3
2 -62 44
3
1 327 230
3
2 -38 61
3
2 126 32
3
2 -713 29
3
2 163 -38
3
2 495 -46
3
2 -203 -14
3
2 647 -18
3
2 -541 64
3
2 441 4
3
2 -356 24
3
2 935 29
3
2 529 -5
3
2 -985 -20
3
2 632 1
3
1 900 497
3
2 -266 44
3
2 -592 29
3
2 37 63
3
1 551 813
3
2 -515 -11
3
1 -379 777
3
1 732 745
3
2 -16 -15
3
1 -473 543
3
1 -931 568
3
2 -586 -30
3
2 154 39
3
1 792 595
3
2 674 0
3
1 763 721
3
2 873 56
3
2 966 37
3
2 -369 -64
3
2 -772 -8
3
2 432 -43
3
2 153 -12
3
1 -276 354
3
2 -208 5
3
2 -184 30
3
2 236 2
3
2 -327 9
3
1 86 438
3
2 -45 31
3
1 -168 576
3
1 -164 259
3
2 867 60
3
2 610 -60
3
1 9 424
3
2 -386 37
3
1 488 911
3
1 578 701
3
2 -1006 -61
3
2 54 -6
3
1 -357 240
3
1 874 938
3
2 255 -25
3
2 -240 -50
3
1 569 729
3
2 -624 48
3
1 439 423
3
2 423 50
3
2 -311 -3
3
2 740 5
3
2 -893 64
3
2 -347 -34
3
2 -262 -3
3
2 26 56
3
2 -783 -45
3
1 176 953
3
2 671 40
3
2 -87 8
3
2 -888 -33
3
2 914 -21
3
2 -359 3
3
2 247 -6
3
1 -1019 536
3
2 -217 34
3
2 702 -55
3
2 -302 -11
3
1 -29 209
3
1 -41 1054
3
2 -784 29
3
2 321 21
3
2 -768 16
3
2 201 -33
3
2 -508 48
3
2 -591 48
3
2 736 -25
3
2 458 29
3
2 1022 -47
3
2 -205 -23
3
2 272 -35
3
2 -418 -29
3
1 513 1032
3
2 123 -17
3
1 626 396
3
2 736 -42
3
2 -546 -64
3
2 94 -51
3
2 271 -56
3
2 -881 16
3
2 -886 -28
3
2 390 -28
3
1 789 442
3
2 464 -6
3
1 174 282
3
2 -588 -62
3
2 -502 6
3
2 -404 -48
3
2 430 -34
3
2 946 -17
3
2 -947 32
3
2 -911 -44
3
1 352 519
3
1 535 379
3
2 -672 -57
3
2 -193 57
3
2 -667 63
3
2 178 -16
3
2 750 44
3
1 -488 833
3
2 866 2
3
2 476 -37
3
2 995 49
3
1 -648 1081
3
2 278 -33
3
1 -722 201
3
2 -351 11
3
1 -692 366
3
2 -627 -56
3
2 627 57
3
1 -372 45
3
2 -413 -59
3
2 382 27
3
1 753 878
3
2 653 -36
3
2 -257 64
3
1 1021 355
3
2 399 -8
3
1 546 687
3
1 -668 936
3
2 -250 0
3
2 -682 -64
3
2 197 -34
3
1 -847 239
3
1 308 424
3
2 939 -18
3
1 -682 669
3
1 412 609
3
2 812 -62
3
1 -780 850
3
1 782 331
3
2 217 -19
3
1 -462 260
3
1 -260 1002
3
2 687 38
3
1 -928 90
3
1 -194 146
3
2 -21 13
3
2 -77 -37
3
2 -476 -29
3
2 432 37
3
2 740 -59
3
2 -480 -36
3
2 -283 42
3
2 -991 -42
3
2 98 -3
3
2 166 21
3
2 -278 -24
3
1 -837 968
3
1 -452 1008
3
2 721 -10
3
2 -642 2
3
2 925 -30
3
1 1008 882
3
2 808 37
3
2 -902 23
3
1 401 846
3
1 -62 339
3
2 -855 47
3
1 -142 233
3
2 -240 37
3
2 -367 46
3
1 -307 135
3
2 -520 -37
3
1 -755 281
3
2 700 -22
3
2 -157 -12
3
2 578 23
3
2 324 7
3
1 540 798
3
1 237 517
3
2 361 61
3
2 113 11
3
2 551 -22
3
2 -145 44
3
2 106 -11
3
2 -134 -13
3
2 325 3
3
2 -331 -61
3
2 134 42
3
2 -270 44
3
1 202 285
3
2 -115 0
3
2 215 45
3
2 -874 -3
3
2 -523 -43
3
2 -149 4
3
2 -886 -22
3
2 -237 50
3
1 -80 629
3
2 -559 50
3
1 -888 369
3
1 -924 696
3
2 564 59
3
1 495 9
3
1 161 778
3
2 -250 -50
3
2 -895 -8
3
2 853 53
3
2 -317 -61
3
2 -792 -45
3
2 690 -19
3
2 903 21
3
1 985 586
3
2 -50 4
3
2 -810 -40
3
2 -677 -64
3
1 -811 1022
3
2 138 19
3
1 302 307
3
2 328 -49
3
2 970 31
3
1 -645 1022
3
1 -532 114
3
2 -528 44
3
2 544 7
3
2 -401 -29
3
1 585 656
3
2 56 3
3
2 335 -46
3
1 317 127
3
2 469 33
3
2 -99 -42
3
2 764 0
3
1 548 727
3
2 260 -43
3
1 -964 776
3
2 -300 46
3
2 -693 -1
3
2 248 -16
3
2 -355 -3
3
1 804 287
3
2 828 61
3
2 -917 -30
3
2 -884 -3
3
1 364 588
3
2 -31 -56
3
2 -186 9
3
2 -400 53
3
2 1002 21
3
1 224 790
3
2 -869 5
3
2 741 -14
3
2 -201 61
3
2 383 -32
3
2 940 55
3
2 479 16
3
2 -891 -9
3
2 490 41
3
1 -957 889
3
2 224 -61
3
2 253 -38
3
1 -402 982
3
2 -303 63
3
1 -734 259
3
1 901 692
3
1 -260 206
3
2 -59 58
3
2 692 -24
3
2 788 49
3
1 477 700
3
2 -597 59
3
1 -604 191
3
1 -255 107
3
2 -978 -55
3
2 441 -52
3
2 -756 10
3
2 -503 -6
3
2 501 -25
3
2 321 60
3
2 470 -35
3
2 148 34
3
2 -1002 -52
3
2 834 15
3
2 844 -33
3
2 -589 -29
3
2 36 3
3
2 637 14
3
1 835 921
3
2 -928 -45
3
2 536 36
3
2 -696 24
3
2 752 -47
3
2 -645 -4
3
2 956 14
3
2 212 24
3
1 583 738
3
2 274 4
3
1 761 140
3
2 688 -20
3
2 -694 56
3
1 678 419
3
2 109 -41
3
1 68 220
3
2 301 43
3
2 -172 -59
3
1 629 528
3
1 -614 510
3
2 -307 19
3
1 2 427
3
2 634 28
3
2 -503 -51
3
2 837 15
3
2 -959 -38
3
2 -959 0
3
2 -881 23
3
2 735 -64
3
2 -686 50
3
2 -407 56
3
2 -668 54
3
2 -861 -58
3
2 63 -59
3
2 -129 2
3
2 852 5
3
2 823 10
3
2 -796 -50
3
2 -208 50
3
2 -928 -63
3
2 904 57
3
2 414 -46
3
2 850 51
3
2 -18 -54
3
2 536 56
3
2 574 27
3
2 -350 42
3
2 -398 -42
3
2 259 22
3
1 200 660
3
2 -677 40
3
2 907 57
3
2 -681 12
3
2 -198 -11
3
2 -709 -6
3
2 -864 -16
3
2 427 -22
3
2 666 40
3
1 -3 722
3
1 -845 319
3
1 15 966
3
2 121 31
3
2 341 -28
3
2 839 10
3
1 -372 444
3
2 -346 -32
3
1 232 828
3
1 -890 743
3
2 102 -62
3
2 439 -36
3
2 730 15
3
1 -682 296
3
1 -311 603
3
2 644 61
3
2 -396 -46
3
2 -846 -17
3
2 892 -12
3
2 -655 -61
3
2 -762 -21
3
2 -708 -62
3
2 219 10
3
2 319 43
3
2 -527 21
3
2 73 13
3
2 -127 63
3
1 -300 334
3
2 740 47
3
2 857 55
3
1 717 694
3
2 -706 13
3
2 -673 39
3
2 832 -60
3
1 856 1034
3
2 766 -37
3
2 374 50
3
2 334 47
3
1 300 772
3
2 -9 -55
3
1 -971 685
3
1 590 1066
3
2 -11 -49
3
1 519 55
3
1 -39 209
3
1 -461 753
3
2 410 31
3
2 -896 44
3
2 -613 -38
3
2 101 -32
3
2 591 55
3
1 95 473
3
2 466 -52
3
2 386 -50
3
1 -338 481
3
2 -184 26
3
2 -105 -4
3
1 -739 821
3
2 -337 15
3
2 -721 -54
3
1 1015 488
3
2 -559 18
3
2 -3 21
3
2 985 42
3
1 -348 957
3
1 -73 334
3
1 -498 430
3
2 -736 25
3
1 58 252
3
2 -888 6
3
1 515 818
3
2 735 54
3
1 361 727
3
1 407 620
3
2 -145 -10
3
2 -821 -21
3
2 991 -46
3
1 577 657
3
2 -397 -5
3
2 17 57
3
1 895 181
3
2 -758 -15
3
1 787 664
3
2 -663 10
3
1 912 748
3
2 -459 -40
3
1 -352 1006
3
1 105 255
3
2 -852 32
3
2 -998 27
3
2 -31 -61
3
2 -520 -4
3
1 49 298
3
1 135 1017
3
2 -301 35
3
2 -71 -26
3
2 754 45
3
2 -887 64
3
1 929 485
3
1 115 108
3
2 392 45
3
2 -286 -52
3
1 865 1025
3
1 -917 486
3
2 922 -11
3
2 -423 -44
3
2 888 -39
3
2 209 14
3
1 -857 74
3
2 -148 13
3
2 306 2
3
1 885 441
3
1 833 957
3
2 422 -31
3
2 -1009 -14
3
1 524 284
3
2 464 -59
3
2 -515 47
3
1 764 714
3
1 -648 552
3
2 -115 -9
3
2 795 -22
3
2 539 -10
3
2 -836 0
3
2 -632 -35
3
2 -177 -8
3
2 -565 -33
3
1 -18 499
3
2 576 -12
3
1 -415 898
3
2 -315 -52
3
2 -781 6
3
2 974 -12
3
2 180 -59
3
2 530 -56
3
1 384 874
3
2 -681 15
3
1 272 425
3
2 -646 36
3
2 -707 24
3
2 -58 17
3
2 -444 -48
3
2 558 -47
3
2 -318 54
3
2 -89 30
3
2 237 44
3
2 159 45
3
2 -885 32
3
2 -847 -15
3
2 10 51
3
2 -1009 -11
3
2 -436 8
3
1 989 43
3
2 -806 10
3
2 -1023 -26
3
2 -293 49
3
2 694 32
3
2 -676 -54
3
2 189 -9
3
2 279 -47
3
2 203 -46
3
2 158 6
3
2 -125 52
3
2 840 -2
3
2 159 -22
3
2 923 -7
3
2 442 28
3
2 84 25
3
1 -390 1112
3
1 422 965
3
2 -748 37
3
1 140 194
3
1 80 911
3
2 142 6
3
2 -1017 58
3
2 -413 -59
3
2 144 13
3
1 -214 203
3
2 -834 -28
3
2 -2 -4
3
1 -783 494
3
2 -86 41
3
2 627 50
3
2 -728 -10
3
2 -859 -57
3
1 747 147
3
1 212 280
3
2 791 63
3
1 -755 971
3
2 373 -63
3
2 -668 3
3
2 935 11
3
2 216 16
3
2 -901 21
3
1 473 1066
3
2 399 -55
3
2 823 -35
3
2 -375 -35
3
2 989 27
3
2 -600 -19
3
2 404 18
3
2 -335 -12
3
1 398 521
3
2 -393 -49
3
2 1021 37
3
2 -477 -1
3
2 -176 -44
3
2 531 -15
3
1 404 172
3
2 -365 -27
3
2 783 19
3
2 -10 10
3
1 -267 1054
3
2 -388 -23
3
2 950 -17
3
1 836 339
3
2 19 -18
3
2 -265 -34
3
2 -762 35
3
2 -691 27
3
2 322 -50
3
2 -442 -16
3
2 3 -45
3
1 334 319
3
2 -861 -16
3
2 -548 -12
3
2 135 -42
3
2 986 34
3
2 94 -3
3
2 -529 49
3
2 -970 -21
3
2 199 -10
3
2 82 4
3
1 -923 1093
3
2 889 -19
3
1 904 564
3
1 182 126
3
2 83 -22
3
2 627 23
3
1 -857 28
3
2 -635 -31
3
2 -486 -34
3
2 -420 -7
3
1 321 1029
3
2 324 -39
3
2 539 -10
3
2 -759 -16
3
1 -479 206
3
2 604 -22
3
2 -322 -14
3
2 663 64
3
2 -218 -24
3
1 179 820
3
2 320 -41
3
1 -998 596
3
2 488 7
3
2 -894 -49
3
2 -398 -1
3
2 -624 -7
3
2 -453 -24
3
1 98 555
3
2 570 55
3
2 649 -26
3
2 -606 17
3
2 -21 -46
3
2 220 -58
3
2 -4 -39
3
2 2 18
3
1 -704 86
3
2 -471 -47
3
2 -156 23
3
2 -395 12
3
1 -137 1017
3
2 -826 -8
3
2 931 -12
3
2 -175 -37
3
2 1005 -44
3
2 638 14
3
2 -730 39
3
2 577 -58
3
2 141 25
3
1 -351 204
3
2 -606 -26
3
1 -958 1012
3
2 -574 15
3
2 572 -52
3
2 919 -38
3
1 -428 337
3
2 743 -49
3
1 223 1050
3
1 631 910
3
1 18 208
3
2 488 58
3
1 -894 805
3
1 388 738
3
2 214 -41
3
2 340 52
3
2 764 12
3
2 462 44
3
2 -757 -5
3
2 -803 -5
3
2 682 11
3
2 740 -26
3
2 -253 26
3
2 -562 -49
3
2 231 -62
3
2 -608 -1
3
1 -27 70
3
2 52 -21
3
1 947 672
3
2 -351 43
3
2 911 6
3
2 282 28
3
2 -794 34
3
2 -715 37
3
2 458 -20
3
1 735 308
3
2 525 -4
3
2 -602 -40
3
2 659 47
3
2 -592 -45
3
2 374 -38
3
2 502 19
3
2 -745 -3
3
2 862 40
3
1 -437 28
3
2 -843 -36
3
2 498 -23
3
2 762 45
3
2 -100 18
3
2 -798 -53
3
2 428 21
3
2 -351 48
3
1 165 335
3
2 186 57
3
2 175 -1
3
2 875 33
3
2 653 -43
3
1 -6 845
3
2 -26 -50
3
2 515 36
3
2 -782 -8
3
2 578 0
3
2 -757 32
3
2 -971 49
3
2 245 17
3
2 -237 -30
3
1 -658 1033
3
1 532 368
3
2 -343 39
3
2 -576 -29
3
2 777 18
3
2 -6 -60
3
2 -888 -59
3
2 -564 -47
3
2 803 -49
3
1 214 1093
3
2 924 61
3
1 870 776
3
2 -211 43
3
2 654 -51
3
1 107 780
3
1 623 305
3
2 -196 41
3
1 886 830
3
2 -41 37
3
2 271 -47
3
1 -888 684
3
2 -305 -34
3
2 -546 23
3
2 412 -31
3
2 -501 32
3
2 29 -6
3
1 19 1035
3
2 249 35
3
1 -252 529
3
1 -216 653
3
2 632 -15
3
2 -926 -49
3
2 251 -19
3
1 234 1104
3
2 -528 57
3
2 -234 -44
3
2 -939 -1
3
2 54 -60
3
2 644 32
3
2 609 48
3
2 -349 -26
3
2 743 63
3
2 656 -47
3
2 717 17
3
2 43 4
3
2 -747 -60
3
2 -5 -58
3
2 23 -24
3
2 -801 53
3
2 43 22
3
2 -246 23
3
2 515 30
3
2 -26 -48
3
2 658 -9
3
2 -94 -64
3
2 289 -10
3
1 -725 341
3
2 982 -40
3
2 -489 -48
3
2 -268 56
3
2 -107 24
3
2 -399 26
3
2 1003 -61
3
2 -773 -61
3
2 -370 -1
3
2 146 -25
3
2 -994 16
3
2 905 57
3
2 263 -43
3
1 284 389
3
2 554 18
3
2 -301 48
3
2 1023 44
3
2 -964 9
3
2 88 39
3
2 -899 49
3
2 -574 53
3
2 33 47
3
2 -80 57
3
2 -690 -58
3
2 296 53
3
2 581 -45
3
2 169 -10
3
2 -967 47
3
2 -118 36
3
2 58 -36
3
2 -148 16
3
2 -438 -52
3
2 -343 36
3
1 -351 405
3
2 294 -43
3
2 -51 -24
3
2 -762 62
3
2 -322 -39
3
2 1008 46
3
2 296 1
3
2 250 -5
3
2 899 -45
3
2 -948 11
3
2 606 46
3
2 209 -45
3
2 -559 53
3
2 562 -56
3
2 -15 -12
3
2 331 -2
3
2 -873 -58
3
2 84 61
3
2 -956 -52
3
2 -888 -26
3
2 -304 -7
3
2 -406 3
3
2 639 10
3
2 -174 15
3
1 -116 882
3
2 871 32
3
2 -405 -11
3
2 212 -26
3
2 13 -63
3
2 -928 4
3
1 -906 1050
3
2 754 -37
3
2 -777 -14
3
2 597 -12
3
1 -1008 90
3
2 232 -60
3
2 716 25
3
1 -285 779
3
1 40 1075
3
1 -483 580
3
2 -242 -5
3
1 346 8
3
2 976 58
3
2 578 16
3
2 -287 20
3
2 416 -31
3
2 -56 -57
3
1 -528 1076
3
1 621 209
3
2 -126 -36
3
2 952 44
3
1 478 466
3
2 94 61
3
2 -584 2
3
1 317 129
3
2 -903 63
3
2 210 23
3
2 692 46
3
1 753 1032
3
2 407 57
3
1 -762 390
3
2 -75 -21
3
1 -362 310
3
2 160 -18
3
1 40 347
3
2 -194 2
3
2 -310 -43
3
2 -103 5
3
2 653 -50
3
2 -563 -58
3
2 -136 57
3
2 667 -41
3
1 -369 735
3
1 -219 847
3
1 669 237
3
1 472 590
3
1 630 50
3
2 63 56
3
2 292 62
3
2 912 -31
3
2 772 63
3
2 -200 -64
3
2 523 -7
3
1 984 1
3
2 89 -55
3
2 -822 -29
3
1 -91 43
3
1 -580 452
3
2 962 56
3
2 167 -38
3
2 -511 -36
3
2 -808 -48
3
1 224 543
3
2 -339 -59
3
2 -287 -58
3
2 932 -50
3
2 561 24
3
2 340 63
3
2 -859 -17
3
1 178 321
3
2 326 57
3
2 986 55
3
2 263 -38
3
2 -161 57
3
1 -1020 484
3
1 918 857
3
1 -24 464
3
2 883 -33
3
2 -396 13
3
2 -496 15
3
2 -554 -2
3
2 -310 -40
3
2 547 30
3
2 -532 8
3
2 -3 58
3
2 -851 51
3
2 713 14
3
2 500 -61
3
1 1003 376
3
2 623 44
3
2 -986 -17
3
2 -749 -43
3
1 526 878
3
2 -11 -56
3
1 374 718
3
2 -141 -47
3
2 -114 6
3
2 -7 -35
3
2 6 -41
3
2 -933 26
3
2 938 46
3
1 -713 894
3
2 -804 -8
3
2 -95 63
3
2 -284 63
3
2 -856 23
3
2 -891 34
3
1 98 62
3
1 433 593
3
2 742 -31
3
1 531 289
3
2 269 -11
3
2 670 17
3
2 -278 -27
3
2 988 -64
3
2 369 20
3
2 598 -62
3
2 340 26
3
2 -930 37
3
2 354 17
3
2 -310 -48
3
2 -833 3
3
2 -429 54
3
2 917 15
3
2 118 39
3
2 111 14
3
2 -270 -34
3
2 -628 -35
3
2 56 24
3
2 250 46
3
1 45 905
3
2 893 -61
3
2 30 -38
3
2 239 -11
3
1 -624 831
3
2 742 14
3
2 -104 -47
3
2 556 62
3
2 -254 32
3
2 973 -59
3
2 -656 -57
3
2 0 49
3
2 136 54
3
1 935 276
3
2 -956 0
3
1 62 354
3
1 -765 173
3
2 -790 33
3
2 -186 -63
3
2 117 -33
3
2 -39 -36
3
2 -452 47
3
2 606 27
3
2 -879 13
3
2 106 -44
3
2 -930 -41
3
2 221 -45
3
2 -296 -18
3
2 -548 53
3
2 545 6
3
2 671 -55
3
2 -124 29
3
2 76 5
3
2 277 27
3
2 -819 12
3
2 -249 34
3
2 679 26
3
1 836 346
3
2 -246 -12
3
2 764 43
3
2 742 38
3
1 55 401
3
2 -271 -4
3
1 -100 1007
3
1 478 309
3
2 507 23
3
2 -464 26
3
1 -639 95
3
1 -808 171
3
2 891 5
3
1 478 573
3
2 -551 11
3
2 -597 -15
3
1 -591 715
3
1 124 30
3
2 -395 18
3
2 -5 -45
3
2 491 50
3
2 -741 57
3
1 -149 26
3
2 762 23
3
1 103 18
3
1 822 659
3
2 -79 -9
3
1 751 362
3
1 956 390
3
2 -226 27
3
2 -67 -33
3
1 221 343
3
2 390 -4
3
1 -843 118
3
2 -175 10
3
2 -114 -7
3
2 -417 -20
3
2 -160 -26
3
2 624 47
3
2 391 26
3
2 -297 -5
3
1 -542 186
3
2 385 -57
3
2 -212 29
3
2 -829 11
3
2 -994 -36
3
2 234 60
3
2 214 -32
3
2 -928 -52
3
2 1022 -55
3
2 -88 -23
3
2 -181 31
3
2 -511 -47
3
2 -201 55
3
2 -27 46
3
1 114 770
3
2 20 -51
3
1 636 125
3
2 -872 29
3
2 -988 41
3
2 -961 -18
3
1 166 366
3
1 -972 169
3
2 -911 -19
3
2 17 31
3
2 614 -47
3
1 -260 864
3
2 52 6
3
2 -147 -54
3
2 792 -8
3
2 -326 -22
3
2 -212 -47
3
2 79 -32
3
2 421 37
3
2 -936 -5
3
2 301 23
3
2 -959 28
3
2 -897 -11
3
1 700 418
3
2 -168 42
3
1 80 370
3
2 333 63
3
1 408 568
3
2 -205 -62
3
1 342 358
3
1 996 212
3
2 335 41
3
2 940 46
3
2 887 -56
3
2 -698 -60
3
1 321 470
3
2 -603 -49
3
1 282 690
3
2 -46 38
3
2 -960 22
3
2 -395 -1
3
2 726 -30
3
2 -930 61
3
2 -189 -46
3
2 -785 46
3
2 637 -8
3
1 165 166
3
2 -877 -20
3
