1006
-4 529
-24 -778
-18 -857
28 551
25 344
10 2
-9 -955
-12 874
-26 229
-32 344
25 -716
-30 695
11 721
-1 341
-3 -174
-23 -214
-24 651
19 -392
28 -132
7 -800
-24 -311
-25 -301
-27 -53
-2 -972
0 537
-21 -845
18 255
-15 604
26 876
31 820
29 419
-15 -991
-6 126
-2 352
22 -713
-19 718
-8 291
1 270
20 -547
12 926
2 -818
11 322
-24 -70
21 413
16 334
-8 -540
28 303
18 -738
16 -354
18 -602
-9 -835
5 469
-11 -1004
-17 718
-24 548
-2 999
24 188
-32 -833
-26 710
-31 924
10 -724
3 -764
-27 -636
-31 520
7 160
-2 503
19 546
16 -707
-20 173
-13 552
32 -395
-32 451
28 -714
23 -89
26 -290
28 528
-11 194
-19 -923
23 310
-10 -920
-30 -486
-3 -206
23 -982
31 -397
-17 -903
-8 -88
-28 681
-25 -993
-3 493
-27 -37
26 265
28 -299
2 766
16 16
-4 423
24 -504
25 -809
-9 509
6 938
21 -552
11 779
-25 -238
9 748
16 -622
-17 -264
-2 -93
25 -168
-4 459
8 -78
20 -375
-14 -429
4 793
-30 973
32 -981
-13 -123
-2 921
-30 900
14 67
21 -548
19 840
-11 -702
-17 -812
12 -158
9 -271
26 -391
-8 -917
-23 -1013
-7 502
26 -871
21 334
-20 549
-20 174
26 -111
30 536
-6 198
21 577
-28 73
32 -862
18 -589
-26 702
-27 782
24 761
-2 -340
-2 -271
9 784
9 357
8 -220
-24 220
19 772
-13 33
27 594
31 977
-16 374
17 -956
7 -1018
14 854
-9 -982
32 -467
24 828
-17 29
18 348
-8 895
16 916
-32 309
10 334
17 -417
-1 952
5 -454
15 676
19 -938
-19 -127
-26 -578
-23 -7
-6 131
6 777
4 896
4 -992
21 -797
-1 857
22 587
-22 366
15 -441
-8 730
-5 594
10 -256
-2 -985
16 -429
-4 -979
11 -48
29 385
2 -177
11 -196
-1 510
-6 -734
-8 -969
-24 510
27 23
-20 202
-18 -315
-6 110
23 452
16 -953
0 122
4 -413
-28 -220
-2 -735
-31 -797
15 994
9 636
1 -457
-2 -912
4 -937
5 121
12 -137
-5 573
11 773
-28 121
27 -1002
7 448
15 828
32 -932
-12 -170
-10 -327
4 33
-17 58
-31 -24
16 -371
-25 305
-5 865
-25 -444
31 653
-24 413
-16 660
7 1017
4 -980
6 -714
4 401
7 457
-32 451
27 896
-17 578
32 167
6 423
-11 468
30 -896
25 -860
-15 353
31 531
-25 -11
-6 72
28 320
-16 -854
29 -1014
-5 -742
-29 605
-17 459
-13 -511
-14 -148
-7 -951
30 -337
-28 -167
-12 -41
26 406
23 174
27 1013
14 -597
-15 117
-9 5
24 202
-20 589
-26 -583
-18 453
13 -375
-8 866
-25 113
-2 -612
-18 870
2 -893
-25 348
-22 133
11 39
25 645
25 134
-21 796
-32 -87
13 -394
24 384
5 284
-2 363
11 -806
-10 -882
21 -603
32 -23
14 -274
19 -166
-23 150
18 932
-4 29
-13 -92
-3 -135
-27 672
-1 -850
-22 41
2 -985
-29 71
-15 -657
-7 889
-31 -823
0 -707
3 -345
7 811
19 -488
18 -938
-27 -777
28 365
-5 839
17 -930
29 44
-32 -66
5 26
15 -171
3 -805
32 159
3 48
-14 -164
21 -909
20 531
-10 341
25 -320
12 612
-32 700
23 -968
-29 -97
16 -608
-13 696
-21 -158
-18 837
-20 -294
-13 -30
14 959
23 480
4 453
-22 189
-15 92
-8 358
26 425
-27 105
-19 -197
5 -955
-16 -155
-13 -874
30 266
-20 773
17 -579
28 238
-25 548
-30 -82
-4 -832
9 -253
-12 1000
11 475
-5 138
-32 -655
27 -949
9 -863
4 180
7 119
-3 274
13 418
-13 -415
15 -438
-4 -676
-21 -402
-31 99
8 312
24 473
8 474
-28 -682
31 41
-14 771
-20 -687
4 -511
-6 -652
7 836
-13 994
19 933
-7 -471
22 36
-25 -739
-7 -1017
-16 -816
-29 360
6 68
5 501
-23 -930
-20 -202
16 -338
-23 375
22 586
-14 -201
15 95
-19 -426
-9 -549
14 800
28 256
-15 846
-6 263
-24 -390
-1 -142
6 439
5 -666
31 -641
7 -477
-1 566
29 945
8 -873
27 -953
23 -874
25 872
20 -741
15 221
-28 -969
-5 -227
-20 815
29 -736
4 95
11 -46
23 154
16 -813
17 -926
-22 -965
-5 -366
-18 -25
-6 677
24 735
29 439
-14 552
18 -609
-16 672
10 -45
21 -78
17 -955
22 15
18 -647
-32 -594
-12 -154
28 -812
-11 620
-30 290
-15 523
30 208
3 -68
-14 943
-31 -452
-10 40
19 525
30 65
11 -162
-18 305
-5 -206
-31 -334
-3 712
1 -879
-23 -959
2 -445
-2 435
11 -1012
19 522
-7 201
1 521
2 -427
28 203
26 104
-11 -283
-26 -769
-8 -905
0 -848
-26 823
8 114
6 -780
12 -572
12 -569
-24 22
-11 -628
-12 23
-15 464
-21 939
-8 -767
23 707
-20 -84
-2 1023
-27 -654
-6 -670
32 -16
-3 33
-18 650
11 -630
3 951
-8 35
-11 -385
15 215
5 -346
21 745
-32 149
11 -114
7 -660
18 -925
-25 -966
28 -634
-14 -613
14 782
4 -627
-4 118
-20 56
32 646
4 211
-24 261
13 -546
-24 800
9 408
28 179
31 58
32 -543
31 221
-18 159
-12 -240
19 156
-11 -955
-30 -544
-29 939
-27 821
20 962
18 1014
-20 39
-17 531
15 964
-24 -830
27 477
21 114
-27 -501
-21 305
-31 -322
-10 952
-21 -802
27 -128
-2 509
24 -250
-19 238
22 351
4 -1007
-15 -814
-16 55
-31 -559
6 -456
-25 -820
27 341
-25 351
-13 -54
-12 790
24 -338
16 -719
-18 330
9 105
-13 -204
26 844
4 -199
-20 -743
8 -590
-31 388
-26 302
27 45
0 590
31 661
2 -350
-14 191
4 -961
15 -518
12 553
-15 -576
23 555
25 -351
-9 809
-17 -300
-12 -860
-17 -828
-3 -345
-1 597
-17 -387
18 -757
18 -877
-20 111
-25 -581
-21 -933
-9 -307
21 832
8 -730
9 604
22 -614
-30 810
-21 903
10 529
-2 -800
7 -734
7 -176
2 -387
-3 504
18 -842
12 -171
-5 406
-4 -723
-15 282
-30 -331
-25 675
19 -348
-27 -370
-2 -69
8 -425
25 773
13 -8
10 -89
28 56
-32 -671
18 850
14 -513
19 -808
0 -67
-14 -640
-31 871
-2 706
8 -17
21 -460
-11 -18
-28 -956
15 5
15 -185
-28 690
5 842
-7 -916
21 201
7 899
-11 -616
16 -622
13 945
-29 -197
7 771
16 -63
16 212
26 -575
-12 -862
9 341
-27 369
13 361
20 -487
-28 -683
-16 65
-13 -894
20 22
-19 -783
22 781
13 569
27 -682
24 325
4 938
2 834
-2 204
27 -972
26 670
-17 -264
16 883
-8 -103
-32 -219
7 -628
18 48
-10 770
-28 -342
-29 844
1 309
15 554
15 -618
31 -215
-3 -1022
17 -352
3 763
-26 342
-10 997
-10 -993
-19 -246
-18 -956
20 -982
8 630
8 -384
27 -299
7 -943
-17 -366
28 -406
3 -438
-25 793
18 268
-10 -895
31 -897
-4 849
-27 880
-13 587
12 404
25 -262
-32 330
-32 971
12 -721
8 285
-32 516
-20 893
32 500
28 -712
30 -857
15 -158
-32 544
-15 453
24 -755
-3 -701
11 -892
25 -854
26 440
10 -20
3 657
4 -857
23 657
-22 739
-28 184
12 388
-8 980
31 -379
7 921
2 900
23 -422
-32 326
-9 -252
-16 685
21 102
24 -94
-20 -607
30 -629
-18 109
32 -842
-17 648
-10 -380
-26 -224
-31 -946
7 -685
-20 862
3 153
32 -372
-22 660
-21 88
-22 -560
-9 1009
4 66
0 932
-2 489
-26 468
-21 -364
-9 715
18 -672
-32 108
30 -789
25 -415
-3 108
-4 -224
-23 -475
7 1018
14 369
14 -152
-12 869
-28 610
14 870
1 445
10 -884
-20 429
-14 930
23 -863
-6 -543
17 17
8 -16
0 333
22 169
-24 -1014
-26 304
26 973
-27 -386
-18 -30
-19 100
14 -36
9 39
-13 -290
-25 -608
-21 -940
28 129
-4 974
-22 -618
-8 -378
-27 -927
9 88
-9 -509
8 550
3 596
-13 612
10 -601
8 424
30 968
-16 406
-25 -508
7 -280
-7 -945
11 -778
-29 -48
7 548
6 -499
-9 963
21 160
-1 657
26 496
-24 -597
22 307
24 -668
14 -39
23 -415
3 -284
27 -926
7 -2
5 -232
12 -299
22 -1
-1 -586
-14 754
-19 426
12 842
3 -907
12 817
7 72
-19 674
12 399
-22 -3
6 75
-16 934
14 -583
24 -1001
-31 1017
12 369
27 -40
20 517
16 997
-14 -230
-9 -445
17 2
1 -801
-12 171
-28 -602
-1 224
5 -248
26 570
5 322
13 335
1 104
-26 232
-5 290
7 449
-2 60
2 351
24 806
21 -246
-15 -1020
9 114
10 605
-30 411
26 -42
3 -475
18 38
-28 81
14 -973
17 205
-24 -987
-12 -422
-13 873
-3 -288
-21 -230
8 658
-2 -610
21 -824
-4 -428
-10 352
22 569
22 -191
-21 250
27 749
-23 202
-29 -894
-26 71
26 849
-14 662
6 -964
12 26
27 -818
0 977
-15 -76
7 507
-12 -434
3 665
-28 145
-24 -736
11 192
13 823
6 730
-22 30
-20 -212
22 603
29 -924
-31 -971
12 46
9 -311
0 554
5 757
15 -266
-29 6
26 288
21 -252
-1 784
-12 -223
-12 952
4 -492
30 1012
-11 75
30 740
20 906
27 -379
8 -782
13 -746
-14 294
-6 -651
-17 -620
2 -431
25 -395
7 -813
-23 -181
17 -811
-2 -658
-21 -51
12 800
-21 -967
22 -574
28 765
2 878
13 157
-27 -993
-20 -65
-5 679
-6 -948
19 -143
5 178
29 938
13 26
-27 -432
-17 -303
-30 153
-13 25
3 -568
-10 -240
27 809
28 -55
-21 -66
-9 -260
24 -617
31 -640
20 -409
10 -60
26 954
-20 809
-17 -58
21 -648
25 772
-23 -327
-7 679
2 -1023
4 -138
-8 792
7 -687
-6 922
3 -165
-21 1009
31 -180
-26 466
-18 -621
29 270
15 -269
16 952
26 -489
-29 -830
-6 570
11 -883
-26 141
19 741
19 952
-16 710
8 -105
14 724
-12 -917
0 -537
-25 928
3
2 -169 -34
3
2 -242 -5
3
2 -130 -24
3
2 953 10
3
2 873 14
3
1 589 971
3
2 -822 -51
3
1 97 357
3
1 -700 274
3
1 -725 105
3
2 33 64
3
2 412 13
3
1 302 174
3
2 -129 46
3
2 -931 -25
3
2 -288 -19
3
2 -229 9
3
1 105 925
3
2 -374 44
3
2 337 61
3
2 951 -28
3
2 -848 5
3
1 -461 306
3
2 257 -34
3
1 478 935
3
2 -682 38
3
2 327 22
3
2 118 -57
3
2 -615 8
3
1 -740 597
3
2 253 0
3
2 -879 -36
3
2 -280 -16
3
1 -642 953
3
2 13 -47
3
2 1021 55
3
2 -616 -36
3
2 -598 -49
3
2 149 -5
3
2 923 -11
3
2 -24 30
3
1 926 381
3
2 86 29
3
1 832 418
3
2 -551 37
3
1 -384 286
3
1 20 141
3
2 434 -46
3
1 -576 105
3
2 203 16
3
1 -992 885
3
2 377 46
3
2 -636 59
3
2 -908 -40
3
1 331 822
3
2 -27 2
3
2 410 -43
3
2 -80 -27
3
2 -356 -64
3
1 -521 256
3
2 -290 -51
3
2 -947 25
3
2 213 3
3
2 349 -52
3
1 -668 956
3
2 760 50
3
2 531 -50
3
2 591 -14
3
2 -683 37
3
2 -69 33
3
1 -741 120
3
2 -163 -51
3
1 31 183
3
2 437 -2
3
1 -160 138
3
2 -777 37
3
2 765 -14
3
1 -126 618
3
2 -967 -15
3
1 741 675
3
2 76 -42
3
2 658 7
3
2 -722 9
3
2 -90 -50
3
1 -404 946
3
2 716 -46
3
2 682 54
3
2 415 32
3
2 -163 54
3
1 -386 337
3
2 251 53
3
2 -79 -1
3
2 238 42
3
2 390 -11
3
2 -298 -25
3
2 -446 -58
3
2 -831 -2
3
2 616 20
3
2 -125 57
3
1 -151 357
3
1 -556 430
3
2 -543 -38
3
1 -276 483
3
2 788 45
3
1 -499 600
3
2 312 -21
3
2 -629 17
3
2 516 8
3
1 -989 952
3
2 -477 -13
3
2 745 -22
3
2 191 38
3
2 57 -6
3
1 -893 967
3
2 326 26
3
2 -788 27
3
2 579 47
3
1 498 343
3
2 921 54
3
2 148 -19
3
2 866 35
3
1 -258 403
3
2 -231 -17
3
2 161 32
3
2 796 14
3
2 -673 -46
3
2 -594 -14
3
2 -824 44
3
2 -233 -54
3
2 539 63
3
2 -706 48
3
2 -940 28
3
2 -705 21
3
1 -790 907
3
2 107 43
3
2 -52 -47
3
2 -954 17
3
2 356 42
3
1 -215 572
3
2 -585 -46
3
2 820 6
3
2 134 55
3
2 -402 -55
3
2 292 -23
3
1 -213 796
3
2 457 -47
3
2 1004 63
3
2 -557 44
3
2 -653 34
3
2 98 14
3
1 309 924
3
2 332 13
3
2 421 2
3
2 -167 5
3
2 266 -3
3
1 -47 160
3
1 784 657
3
2 -397 31
3
2 195 -9
3
2 -745 44
3
2 -118 -63
3
2 345 33
3
2 217 29
3
2 842 12
3
1 -621 231
3
2 -477 -47
3
2 -829 29
3
1 955 243
3
2 -915 -9
3
1 -1021 703
3
2 53 57
3
2 -459 42
3
1 -373 81
3
2 -605 -27
3
2 674 -37
3
2 -847 -15
3
2 -613 49
3
1 -694 357
3
2 -622 11
3
2 -539 -21
3
2 166 -3
3
2 -760 9
3
2 -424 -30
3
1 570 283
3
2 -1017 -39
3
1 714 937
3
2 -942 -28
3
1 -591 926
3
2 -167 16
3
1 13 878
3
2 -285 -56
3
2 357 7
3
2 237 -38
3
1 595 892
3
2 -801 1
3
1 40 58
3
2 -435 11
3
2 20 17
3
2 822 35
3
2 -481 1
3
2 726 -19
3
2 909 -40
3
1 122 376
3
2 -472 15
3
2 -966 26
3
1 338 980
3
1 -991 341
3
2 -445 -62
3
1 -254 415
3
1 -528 136
3
2 -782 -2
3
1 -850 608
3
2 44 54
3
2 451 12
3
1 941 987
3
1 -527 5
3
2 -166 -11
3
2 -454 50
3
2 -959 -23
3
2 203 -45
3
2 483 14
3
2 107 17
3
2 457 35
3
2 -279 -43
3
1 -482 716
3
2 71 -62
3
2 -628 -14
3
2 -966 59
3
2 614 -4
3
1 323 80
3
2 754 25
3
2 -954 -37
3
2 -819 -25
3
2 257 39
3
2 265 -40
3
2 -738 -50
3
1 148 943
3
1 907 7
3
2 -443 1
3
2 454 21
3
1 -4 953
3
1 -38 174
3
2 526 -58
3
1 707 949
3
2 -69 10
3
2 676 12
3
2 367 26
3
2 886 -32
3
2 754 -48
3
1 -986 496
3
2 -35 27
3
2 -8 -51
3
2 -285 -13
3
2 615 -34
3
2 -662 28
3
1 -500 965
3
2 -876 45
3
2 -882 45
3
1 53 98
3
2 1006 -15
3
1 -772 972
3
2 81 -60
3
1 -973 602
3
1 368 654
3
1 -761 824
3
2 3 -28
3
2 385 40
3
2 20 6
3
1 839 198
3
1 862 879
3
1 -994 349
3
1 901 567
3
2 874 3
3
2 -549 45
3
2 -613 3
3
2 613 -41
3
2 731 -35
3
2 621 -2
3
2 -368 -47
3
2 -459 -41
3
2 388 -38
3
1 87 73
3
2 -344 -45
3
1 -678 51
3
1 724 241
3
2 126 -2
3
2 -922 60
3
2 288 -17
3
2 -712 -9
3
2 742 -24
3
2 533 2
3
2 962 13
3
1 62 7
3
2 444 -42
3
2 -598 -39
3
2 274 35
3
2 501 -40
3
2 467 -47
3
2 191 -36
3
2 513 -16
3
2 -779 40
3
2 -70 -53
3
2 -558 -47
3
1 -343 762
3
2 537 49
3
1 956 948
3
1 -523 505
3
2 419 2
3
2 -209 31
3
2 -214 11
3
1 459 767
3
2 -366 14
3
2 -551 44
3
2 -953 51
3
2 -200 -11
3
2 -643 -26
3
2 -618 -60
3
2 490 18
3
2 406 -18
3
2 980 16
3
2 -632 32
3
2 715 -49
3
2 -678 -14
3
2 -139 -40
3
1 -297 624
3
2 -726 -58
3
2 898 -53
3
2 464 37
3
2 -537 -20
3
2 137 62
3
2 436 -64
3
2 -931 -35
3
2 64 23
3
2 814 -9
3
2 -560 49
3
2 63 46
3
2 53 -35
3
2 -599 37
3
1 60 17
3
1 -226 750
3
2 -648 44
3
2 277 -53
3
1 136 510
3
2 -87 55
3
2 -832 -56
3
2 -250 38
3
2 503 -36
3
2 -214 -7
3
2 -376 -59
3
2 424 -34
3
2 603 36
3
2 555 -19
3
2 -30 -62
3
2 730 -51
3
2 135 54
3
2 -63 58
3
1 948 826
3
2 478 -37
3
1 17 518
3
2 -461 -7
3
2 205 -43
3
2 -622 -21
3
1 225 564
3
2 -263 -58
3
2 -249 25
3
1 221 201
3
2 -329 -35
3
1 -820 758
3
1 710 271
3
2 -291 18
3
1 51 817
3
2 573 -53
3
2 17 -54
3
2 -457 -13
3
2 87 52
3
2 -720 37
3
2 -54 20
3
2 -486 36
3
1 331 15
3
2 997 -54
3
2 398 -5
3
1 162 99
3
2 -181 -20
3
2 877 -44
3
2 -33 59
3
1 809 599
3
2 779 -61
3
2 -712 7
3
1 399 605
3
2 32 22
3
1 -738 389
3
2 -683 9
3
1 89 19
3
2 266 -53
3
2 609 30
3
2 -155 -15
3
2 755 31
3
2 -63 -53
3
2 669 -9
3
2 -949 -61
3
2 939 9
3
2 236 20
3
2 -947 -23
3
2 991 25
3
2 472 64
3
2 654 -41
3
1 819 906
3
1 912 68
3
2 960 -38
3
2 -756 45
3
2 860 -44
3
1 -455 23
3
2 -952 -4
3
2 211 -46
3
2 -186 46
3
1 897 1002
3
2 683 -4
3
2 975 47
3
2 -476 -35
3
2 -198 59
3
2 -206 29
3
2 296 -60
3
2 -910 9
3
1 -662 710
3
1 282 997
3
2 -31 -15
3
2 294 -6
3
1 -39 291
3
2 -579 39
3
2 878 -4
3
2 -714 -20
3
1 -831 103
3
2 765 33
3
1 563 28
3
2 -444 -61
3
2 -248 -61
3
2 267 -14
3
2 385 -44
3
2 -7 -10
3
1 563 162
3
1 -197 903
3
2 108 -6
3
2 1024 -8
3
2 -963 51
3
1 -520 586
3
2 -394 15
3
1 311 974
3
2 229 39
3
2 -690 37
3
2 -874 -52
3
2 1016 26
3
2 -860 -15
3
2 -60 -58
3
2 -54 -38
3
2 543 56
3
1 -34 781
3
2 -793 -21
3
2 -928 36
3
1 548 463
3
2 1005 -55
3
1 -727 888
3
2 783 9
3
2 -417 -31
3
2 -1001 42
3
2 -920 -4
3
2 921 -36
3
2 175 -59
3
2 -331 -22
3
2 -210 -51
3
2 18 29
3
1 917 198
3
2 -785 -44
3
2 -370 42
3
2 113 -52
3
1 725 412
3
2 -592 58
3
1 378 888
3
2 -664 -31
3
2 97 -30
3
2 -592 47
3
2 1005 -63
3
2 -241 -3
3
2 955 10
3
2 436 -16
3
2 -828 57
3
2 779 -29
3
1 -923 745
3
2 444 -47
3
2 365 28
3
1 -98 634
3
2 -966 -9
3
2 -405 27
3
1 -192 110
3
2 -233 -46
3
2 -1017 -32
3
2 -389 -52
3
2 -503 26
3
1 -160 139
3
1 311 369
3
2 186 20
3
2 508 -20
3
1 145 887
3
2 873 -30
3
2 -752 -10
3
1 -5 202
3
2 763 37
3
2 962 31
3
2 456 62
3
2 -906 35
3
2 -978 -32
3
2 -865 -12
3
2 438 -57
3
2 -383 23
3
2 700 53
3
2 536 64
3
2 -679 40
3
2 397 25
3
2 -234 -1
3
2 -79 -29
3
2 204 41
3
2 -510 50
3
1 -624 672
3
2 480 -34
3
2 -464 -5
3
1 410 919
3
1 -477 854
3
1 -441 320
3
1 -497 385
3
2 732 -33
3
1 -30 299
3
2 476 24
3
1 -315 106
3
1 -721 77
3
2 129 -28
3
2 -565 -21
3
1 777 813
3
1 -717 633
3
2 526 33
3
2 351 -37
3
2 412 6
3
2 243 58
3
2 516 33
3
2 -380 61
3
1 -266 190
3
2 -1005 41
3
2 500 -44
3
1 -14 317
3
2 409 54
3
2 512 -13
3
1 727 797
3
2 233 42
3
2 -966 -28
3
2 89 -24
3
1 294 473
3
1 -304 862
3
2 242 42
3
2 430 -3
3
2 -179 36
3
1 990 512
3
2 -454 27
3
2 582 -17
3
1 988 104
3
1 962 807
3
2 806 -6
3
1 -888 515
3
1 950 507
3
1 950 331
3
2 955 5
3
2 980 45
3
2 -161 56
3
2 504 -6
3
2 145 -41
3
2 302 47
3
1 -940 429
3
1 -776 133
3
2 303 -7
3
2 -278 20
3
1 540 859
3
2 -930 -42
3
2 -81 39
3
2 -282 -34
3
1 -789 145
3
2 1017 -46
3
1 617 453
3
2 -161 3
3
2 942 -26
3
1 -957 546
3
1 208 354
3
2 -352 13
3
2 400 54
3
2 -38 -34
3
1 452 97
3
2 811 44
3
2 974 56
3
1 724 921
3
2 -828 52
3
2 -683 42
3
2 -452 -20
3
2 819 55
3
1 -498 838
3
2 -469 -6
3
2 900 28
3
2 678 -21
3
2 -319 -50
3
2 -983 1
3
1 -554 782
3
2 248 62
3
2 118 -53
3
2 110 -3
3
2 -194 -23
3
2 660 -18
3
2 855 41
3
2 112 55
3
2 986 44
3
2 -4 34
3
1 -459 177
3
1 52 927
3
2 571 -44
3
2 794 20
3
2 369 -20
3
2 208 -62
3
2 -240 60
3
2 -11 -43
3
2 170 -11
3
1 252 444
3
2 -578 -12
3
2 -75 3
3
2 53 47
3
2 -646 27
3
1 184 255
3
2 507 -60
3
2 367 -47
3
1 -361 94
3
1 -999 835
3
2 184 -46
3
2 -358 52
3
1 408 71
3
2 -856 55
3
2 -960 -40
3
2 -817 -22
3
2 -109 22
3
2 286 9
3
2 200 28
3
2 256 -52
3
2 416 -1
3
2 164 21
3
2 -960 8
3
2 -854 -15
3
2 540 -28
3
2 -83 36
3
2 719 -35
3
2 593 19
3
2 -701 47
3
2 922 -50
3
2 1024 23
3
1 -144 710
3
2 939 55
3
1 -414 118
3
2 462 12
3
1 -665 167
3
2 -538 26
3
1 -187 485
3
2 -270 45
3
2 901 -15
3
2 -746 -33
3
2 606 -1
3
2 -10 -59
3
1 -650 265
3
1 392 929
3
2 107 23
3
2 -273 14
3
1 679 56
3
2 688 11
3
2 -46 45
3
2 781 59
3
2 1024 -20
3
2 -178 22
3
2 -712 -9
3
1 -406 366
3
2 -259 2
3
2 160 43
3
2 -993 -39
3
2 974 -48
3
2 749 6
3
2 -746 0
3
1 588 885
3
2 1020 -36
3
2 464 62
3
1 -468 56
3
1 -803 756
3
2 -181 13
3
1 -677 610
3
1 -940 819
3
2 808 -11
3
1 346 930
3
2 1 25
3
2 891 9
3
2 -580 45
3
2 572 16
3
2 -894 -8
3
2 -774 -61
3
1 658 568
3
2 -16 -24
3
1 965 789
3
2 -32 14
3
2 847 -14
3
1 -1008 317
3
2 -653 24
3
2 -850 -27
3
2 -467 50
3
2 748 63
3
2 -119 -17
3
1 550 200
3
2 -882 29
3
2 431 -31
3
2 158 -7
3
2 -89 40
3
1 710 593
3
2 969 56
3
1 -291 668
3
2 224 -1
3
2 -229 29
3
2 747 -1
3
2 -862 -56
3
2 -150 47
3
1 155 729
3
2 -459 -58
3
2 -589 17
3
2 209 4
3
2 970 -23
3
2 -224 -1
3
2 975 -55
3
2 -923 49
3
2 -810 -20
3
2 742 42
3
2 114 63
3
2 -310 -44
3
1 511 580
3
2 900 20
3
2 519 58
3
2 -587 -35
3
1 -646 312
3
1 -288 941
3
2 -1014 36
3
2 906 45
3
2 -246 -23
3
2 812 10
3
2 915 -26
3
2 775 -38
3
1 847 64
3
1 841 599
3
2 468 34
3
1 -501 843
3
2 -295 52
3
2 736 62
3
2 905 -2
3
2 -658 -2
3
2 -827 52
3
2 -191 -26
3
2 946 -30
3
2 480 -64
3
2 238 64
3
1 680 902
3
1 885 477
3
1 -982 155
3
1 -81 182
3
2 -397 13
3
2 -703 -15
3
1 -1000 954
3
2 123 25
3
2 113 33
3
2 432 -28
3
2 -590 7
3
2 -169 -4
3
2 -855 25
3
2 -206 -57
3
2 -5 -62
3
2 -976 50
3
2 -155 -52
3
2 -866 37
3
2 -213 -52
3
2 -429 -31
3
2 -22 -61
3
1 1019 864
3
1 -675 836
3
2 -270 24
3
1 65 326
3
2 696 -62
3
1 -229 901
3
2 -340 -11
3
1 284 669
3
1 -950 560
3
2 -732 -16
3
2 -430 54
3
1 -184 200
3
1 -462 96
3
2 -322 50
3
2 864 -62
3
2 344 -22
3
2 704 33
3
2 530 45
3
1 960 436
3
1 376 37
3
2 -786 56
3
2 -136 55
3
2 448 -37
3
1 -267 56
3
2 277 16
3
1 79 234
3
2 -503 45
3
2 737 -57
3
2 514 -31
3
2 448 35
3
2 517 -2
3
1 -310 326
3
2 -145 -12
3
2 229 -63
3
2 366 -31
3
1 960 341
3
2 -265 -37
3
2 -64 -55
3
2 311 51
3
2 421 54
3
2 -979 20
3
2 292 51
3
2 -48 -30
3
2 -925 -11
3
1 -100 427
3
2 217 7
3
2 371 36
3
1 552 985
3
2 -245 58
3
2 -36 57
3
1 17 651
3
2 154 -5
3
2 -787 45
3
2 -309 -6
3
2 -727 59
3
2 796 -61
3
2 242 -31
3
1 -844 313
3
1 -188 473
3
2 164 38
3
2 -878 -63
3
2 -236 6
3
2 757 52
3
2 -607 -10
3
2 -512 -49
3
2 895 -40
3
1 -549 535
3
1 -1009 859
3
2 474 53
3
1 -912 548
3
2 -647 -40
3
2 289 -55
3
2 140 52
3
2 393 41
3
2 637 -43
3
2 -253 -44
3
2 -10 -35
3
2 -314 -46
3
1 -612 377
3
2 -125 -13
3
2 -425 -6
3
1 41 270
3
2 -622 -31
3
2 384 -46
3
1 702 522
3
2 -909 -63
3
1 957 148
3
2 908 -60
3
2 -876 46
3
1 -999 935
3
2 705 -1
3
2 794 -43
3
2 -966 -39
3
2 -233 -4
3
2 -176 -3
3
2 741 -37
3
2 -684 56
3
1 122 260
3
2 613 -17
3
1 -786 566
3
2 648 -32
3
2 681 -10
3
2 116 13
3
2 117 7
3
2 51 -51
3
1 -980 48
3
1 -156 51
3
1 976 728
3
2 -460 -37
3
2 -978 -15
3
2 -702 19
3
2 -59 -14
3
2 482 8
3
2 298 -17
3
2 -226 58
3
2 635 -12
3
2 435 18
3
2 -892 14
3
2 122 -26
3
2 -473 6
3
2 -601 -59
3
1 441 916
3
2 -650 -37
3
2 795 -48
3
1 -68 20
3
2 -854 7
3
1 203 750
3
2 -656 11
3
2 -234 29
3
1 545 244
3
2 -641 6
3
2 -72 -28
3
2 -140 -40
3
2 -729 13
3
2 840 -38
3
2 7 60
3
2 -621 -33
3
2 335 9
3
2 -245 20
3
2 -773 45
3
2 -689 -21
3
2 328 43
3
1 -342 352
3
2 -680 -31
3
1 -387 117
3
1 -203 797
3
2 -4 -30
3
2 -381 20
3
1 -177 288
3
2 730 7
3
2 -182 37
3
2 -441 -6
3
1 -118 950
3
2 -376 31
3
2 -931 18
3
1 -827 861
3
2 -917 54
3
2 -1000 -19
3
2 830 25
3
2 -784 23
3
2 -685 19
3
2 996 -60
3
2 90 -50
3
2 553 -56
3
2 121 -15
3
2 -367 -16
3
1 122 567
3
2 965 56
3
2 -63 -25
3
2 890 -2
3
1 1004 210
3
1 100 791
3
1 44 169
3
1 492 518
3
1 765 403
3
2 -548 12
3
2 958 0
3
2 671 -35
3
1 -256 807
3
1 563 82
3
2 -240 63
3
1 739 36
3
2 -528 29
3
2 965 6
3
2 743 12
3
2 -588 -1
3
2 -782 -58
3
2 -755 -40
3
1 541 629
3
2 -163 25
3
2 960 -9
3
2 151 62
3
2 -570 -24
3
2 -600 -2
3
2 -923 7
3
2 -393 44
3
2 -403 21
3
2 195 44
3
2 -197 -31
3
2 920 -28
3
2 -175 -38
3
2 -942 -6
3
2 770 -55
3
1 -632 238
3
2 980 47
3
1 736 596
3
2 -888 15
3
2 -372 -49
3
2 -632 32
3
2 -387 62
3
2 926 9
3
1 1019 456
3
2 629 -13
3
1 254 692
3
2 -166 56
3
2 623 35
3
2 1008 13
3
2 -816 6
3
2 -995 38
3
2 -13 -11
3
1 431 501
3
2 272 -12
3
1 684 440
3
2 -951 14
3
2 913 -33
3
2 745 18
3
2 -826 1
3
1 -104 100
3
2 545 -24
3
2 410 -11
3
1 925 722
3
2 888 56
3
2 -129 -62
3
2 -844 -43
3
1 -866 406
3
2 274 -30
3
2 -274 -54
3
2 -836 61
3
2 -761 -58
3
2 -169 -49
3
1 -983 476
3
2 796 -31
3
2 552 1
3
2 -61 -55
3
2 -278 17
3
2 761 -59
3
2 603 60
3
2 258 -58
3
2 446 29
3
1 683 631
3
1 -68 277
3
1 161 17
3
2 105 -46
3
2 -576 -33
3
1 -786 741
3
2 901 -25
3
2 -917 -61
3
2 105 51
3
2 279 -24
3
2 -365 12
3
1 122 873
3
2 103 16
3
2 465 -54
3
1 -456 236
3
2 81 48
3
2 -840 -30
3
1 642 36
3
1 155 843
3
2 448 31
3
2 760 58
3
2 -102 -4
3
2 -561 -46
3
2 -844 -35
3
2 113 -41
3
2 712 -40
3
2 675 25
3
1 250 905
3
1 -472 587
3
2 -721 28
3
1 -563 353
3
2 685 2
3
2 392 1
3
2 -768 -31
3
2 -129 55
3
2 709 30
3
1 -65 834
3
2 498 8
3
1 456 282
3
2 428 16
3
1 -334 822
3
1 368 879
3
2 607 36
3
2 -27 16
3
2 -556 -29
3
2 612 -30
3
2 486 -18
3
2 -751 41
3
2 105 10
3
2 -377 -29
3
2 -211 19
3
2 -687 12
3
2 -371 8
3
1 -847 282
3
2 626 -64
3
2 -449 48
3
2 -287 -23
3
1 -773 982
3
2 391 36
3
2 171 -62
3
2 -105 4
3
2 537 -36
3
2 733 29
3
1 875 374
3
2 -831 12
3
2 609 -55
3
1 269 825
3
2 646 47
3
2 -324 5
3
2 -137 -3
3
2 612 -34
3
2 -974 58
3
1 -428 762
3
1 295 470
3
1 -879 784
3
1 -411 519
3
1 -248 110
3
2 95 -50
3
2 -134 -37
3
2 706 -9
3
1 703 779
3
1 156 604
3
2 941 60
3
1 636 190
3
1 -69 216
3
2 989 55
3
1 -225 993
3
1 -926 617
3
2 -861 9
3
1 873 447
3
1 -677 732
3
2 531 25
3
2 425 -31
3
2 -263 36
3
2 366 0
3
2 -55 -56
3
2 -405 8
3
1 -416 804
3
2 559 10
3
2 -365 8
3
2 771 43
3
1 -29 430
3
2 -156 19
3
2 988 -6
3
1 111 944
3
2 944 -12
3
2 4 14
3
1 -397 40
3
1 -677 274
3
1 -969 386
3
2 969 -51
3
2 205 20
3
2 -543 -58
3
2 689 -17
3
2 951 33
3
2 688 6
3
2 -137 6
3
2 300 51
3
1 -975 382
3
1 -726 813
3
1 -642 647
3
1 -375 614
3
2 606 -43
3
2 -348 2
3
2 85 -58
3
1 735 979
3
2 521 -29
3
2 -960 -12
3
2 997 -32
3
2 -220 -31
3
2 146 56
3
1 817 909
3
1 -797 248
3
2 -754 -23
3
2 -628 -43
3
2 204 -51
3
2 -899 -11
3
2 676 27
3
2 -79 -22
3
2 771 50
3
2 719 -48
3
2 -290 -36
3
2 -515 24
3
2 -498 11
3
2 -63 -30
3
1 203 826
3
2 990 41
3
2 -403 11
3
2 424 41
3
2 -66 49
3
2 -39 26
3
2 888 -47
3
2 803 -4
3
2 826 54
3
2 -417 58
3
2 233 6
3
2 -75 -62
3
2 204 2
3
1 111 169
3
2 -382 -47
3
1 40 572
3
2 -14 -62
3
2 -750 -17
3
1 620 665
3
2 -756 -19
3
2 641 -12
3
1 -618 64
3
2 713 -5
3
1 -836 873
3
2 802 29
3
1 763 7
3
1 279 729
3
2 596 -56
3
1 -851 789
3
2 564 -46
3
1 167 337
3
1 209 481
3
2 145 -21
3
2 -942 14
3
2 446 -31
3
2 145 -43
3
2 -348 -59
3
2 367 50
3
1 -493 640
3
2 460 48
3
2 247 25
3
1 -388 593
3
1 -1008 261
3
2 129 41
3
2 572 33
3
2 -62 -4
3
1 829 436
3
1 157 161
3
2 -267 -17
3
2 689 -21
3
1 219 856
3
2 502 33
3
1 -106 391
3
2 133 -20
3
2 895 -8
3
2 -92 51
3
2 -16 10
3
2 891 54
3
2 -875 48
3
1 1008 637
3
2 -68 -30
3
2 -863 -57
3
1 882 620
3
2 188 30
3
1 -814 367
3
1 -653 940
3
2 -721 -38
3
1 169 631
3
2 335 58
3
1 822 895
3
2 40 27
3
2 284 -39
3
2 -882 -32
3
2 656 -46
3
2 -96 33
3
2 -5 35
3
2 -157 14
3
2 -749 38
3
2 -598 -11
3
2 29 42
3
2 -740 -25
3
1 -638 195
3
2 -186 62
3
1 -517 271
3
2 553 42
3
2 -694 6
3
2 774 42
3
1 -695 657
3
2 912 -8
3
2 624 8
3
2 984 26
3
2 -124 -49
3
2 -490 57
3
2 -768 2
3
2 254 8
3
2 224 17
3
2 -485 15
3
2 479 12
3
2 210 48
3
2 -956 -14
3
2 -661 17
3
1 -914 417
3
1 -407 356
3
1 492 848
3
1 901 133
3
2 -300 -12
3
2 -555 -51
3
1 1004 771
3
2 42 32
3
2 572 52
3
1 572 268
3
2 329 56
3
2 740 -32
3
1 594 236
3
1 -112 632
3
2 -315 16
3
2 -195 10
3
2 -3 2
3
2 589 16
3
2 445 -38
3
2 188 41
3
2 802 -51
3
2 626 -33
3
1 706 100
3
2 -749 -34
3
2 -926 -53
3
2 -624 -23
3
2 696 -3
3
1 -585 308
3
2 -672 -37
3
2 503 -58
3
2 230 -43
3
2 668 30
3
1 -126 587
3
2 -637 13
3
1 -476 65
3
2 57 -55
3
2 919 5
3
2 -983 -48
3
2 -486 -3
3
2 422 12
3
2 -249 -35
3
2 -122 -34
3
1 -1017 554
3
1 220 793
3
2 916 25
3
1 244 440
3
1 57 874
3
2 -671 5
3
2 -841 16
3
2 506 -53
3
2 994 8
3
1 -622 264
3
1 -645 562
3
2 96 -7
3
1 339 229
3
1 181 305
3
2 -488 18
3
2 -460 17
3
2 -832 -51
3
1 284 82
3
2 -193 -24
3
1 -1009 268
3
1 -471 269
3
2 -243 -10
3
1 574 746
3
2 -31 -27
3
2 559 -32
3
2 190 -50
3
2 440 50
3
2 -202 -50
3
2 -801 -25
3
2 -70 19
3
2 -693 -18
3
2 412 -14
3
2 -633 9
3
1 674 903
3
2 478 -20
3
2 885 9
3
1 712 645
3
1 -883 81
3
1 705 825
3
2 -702 58
3
1 -604 34
3
2 867 -45
3
2 732 50
3
2 -156 3
3
1 944 418
3
2 -41 -14
3
2 14 42
3
2 278 1
3
2 10 37
3
2 -982 51
3
1 -635 928
3
1 582 662
3
1 -138 652
3
2 342 21
3
1 966 618
3
2 243 -32
3
1 -101 719
3
2 375 -51
3
1 -581 800
3
2 329 -23
3
1 -40 900
3
2 181 51
3
1 891 574
3
2 947 -36
3
1 1020 813
3
2 -459 51
3
2 -46 -23
3
2 411 8
3
1 -484 352
3
2 23 -2
3
2 206 -49
3
1 -538 730
3
2 -832 39
3
2 58 42
3
2 -586 -57
3
2 228 20
3
1 922 849
3
2 -538 40
3
2 -801 10
3
2 143 -61
3
2 -737 -57
3
2 534 1
3
2 -584 34
3
2 381 53
3
1 -839 310
3
2 -718 13
3
2 -550 45
3
1 78 525
3
2 -1022 62
3
2 180 -57
3
1 -597 487
3
2 704 -13
3
2 166 13
3
2 -808 -8
3
1 266 396
3
2 310 10
3
2 -111 -22
3
2 -18 42
3
2 487 8
3
2 407 -53
3
2 790 50
3
1 -207 65
3
1 975 643
3
2 944 24
3
2 -756 22
3
2 413 -47
3
2 67 20
3
2 -871 -41
3
2 647 -5
3
2 -280 -55
3
2 -948 53
3
2 -44 -59
3
2 916 59
3
2 -700 -33
3
2 610 56
3
2 423 23
3
2 -957 50
3
2 20 6
3
2 870 30
3
2 -455 -17
3
2 323 9
3
2 46 -42
3
1 -582 315
3
2 140 -36
3
2 -132 19
3
1 -620 972
3
2 524 58
3
2 114 15
3
2 693 58
3
2 700 -14
3
2 29 -53
3
2 -17 41
3
1 -671 95
3
2 -444 6
3
2 71 -52
3
1 116 421
3
1 -406 391
3
1 619 130
3
1 -240 391
3
2 -288 56
3
2 707 -56
3
2 -252 54
3
2 378 -12
3
2 438 0
3
2 765 -9
3
2 -79 -56
3
2 -136 -53
3
1 -874 248
3
2 -224 -25
3
1 -390 577
3
2 -803 43
3
2 -115 -24
3
2 182 -40
3
2 20 -45
3
2 -976 -43
3
1 -887 380
3
2 690 33
3
2 -844 -53
3
2 -764 26
3
2 598 3
3
2 869 43
3
2 -435 43
3
1 768 725
3
1 -292 71
3
2 -985 19
3
2 -216 -30
3
2 82 -16
3
2 528 -10
3
1 716 52
3
2 917 49
3
2 -182 20
3
1 688 780
3
2 713 -45
3
2 271 -48
3
1 824 182
3
2 64 23
3
2 984 31
3
2 -649 -63
3
2 -75 31
3
2 947 -26
3
2 -23 -30
3
2 -202 -17
3
2 -730 59
3
2 624 -34
3
1 -730 476
3
1 379 198
3
2 502 31
3
1 329 787
3
2 41 -53
3
2 409 -10
3
2 496 10
3
2 -878 -23
3
2 -52 -10
3
2 -354 -45
3
2 995 -47
3
2 450 49
3
2 -158 37
3
2 279 -61
3
2 -273 -52
3
2 951 -61
3
2 257 8
3
2 -487 -17
3
1 -595 118
3
1 136 718
3
1 952 660
3
2 -396 48
3
1 765 338
3
2 -216 61
3
2 -914 55
3
2 -380 11
3
2 796 -47
3
2 -995 35
3
2 -321 62
3
1 39 705
3
1 197 496
3
2 -66 16
3
1 655 968
3
1 -724 701
3
2 -800 1
3
2 -558 -17
3
2 -613 -56
3
2 -469 -32
3
2 21 -51
3
2 292 -57
3
2 -10 -32
3
2 -402 41
3
1 -435 974
3
2 -779 -39
3
2 894 33
3
2 -298 -11
3
2 -844 -55
3
2 26 -26
3
2 800 -7
3
2 -654 -30
3
1 924 511
3
2 850 -25
3
1 -760 333
3
2 445 -30
3
1 663 600
3
2 -1019 -25
3
2 -885 51
3
2 -186 6
3
1 -430 915
3
2 -400 -56
3
2 -571 -13
3
2 -232 11
3
2 550 -24
3
2 -131 32
3
2 -438 62
3
2 -146 -7
3
2 -838 9
3
2 970 -25
3
2 -825 42
3
2 -568 -41
3
1 498 645
3
2 313 48
3
2 523 -46
3
2 694 34
3
2 -978 47
3
2 1010 -45
3
2 -810 -53
3
2 -113 33
3
2 55 -31
3
2 -533 -43
3
2 32 16
3
2 112 0
3
2 556 -59
3
2 -420 39
3
1 -835 969
3
2 -24 -62
3
2 -545 -27
3
2 304 26
3
1 800 715
3
2 -511 -25
3
2 68 2
3
1 -595 276
3
2 -683 -25
3
2 -159 36
3
1 -691 225
3
2 356 -51
3
2 -748 -25
3
2 791 42
3
2 -202 -63
3
2 56 18
3
2 486 42
3
2 -463 64
3
2 -943 -54
3
2 -430 -52
3
2 -792 39
3
1 -957 613
3
2 597 44
3
2 -14 -13
3
2 171 -24
3
2 -331 52
3
2 509 -39
3
2 161 51
3
2 -750 -9
3
1 381 37
3
2 59 24
3
1 -1014 282
3
2 -301 61
3
2 -396 4
3
2 543 3
3
2 241 16
3
2 748 -47
3
2 -429 2
3
1 213 328
3
1 965 265
3
2 643 -54
3
2 606 -5
3
2 697 -49
3
2 168 -25
3
2 835 51
3
2 -579 36
3
1 -944 930
3
1 226 1002
3
2 -605 1
3
1 -795 116
3
2 -775 -20
3
2 200 25
3
1 -364 376
3
2 693 -57
3
2 -230 -40
3
2 111 -18
3
1 -151 334
3
2 517 3
3
1 738 205
3
2 276 62
3
2 -1001 -21
3
1 -986 973
3
2 843 -38
3
2 88 18
3
1 -574 115
3
2 424 -4
3
2 -263 57
3
2 675 42
3
2 246 9
3
2 202 1
3
2 481 12
3
2 703 36
3
2 -575 12
3
2 930 -46
3
2 -762 24
3
1 308 419
3
2 485 -51
3
2 -661 -11
3
2 168 -39
3
1 831 907
3
1 -1004 935
3
1 -990 932
3
2 -464 48
3
1 722 225
3
1 188 505
3
2 265 -11
3
1 -986 711
3
2 383 15
3
1 279 901
3
2 463 6
3
2 -324 -10
3
2 502 -5
3
1 -95 273
3
2 -247 9
3
1 646 157
3
2 -550 14
3
2 -851 49
3
1 -7 141
3
1 -417 948
3
2 -811 55
3
1 -986 465
3
1 -974 765
3
2 441 44
3
2 -903 2
3
2 -489 46
3
2 -617 -1
3
1 -979 630
3
2 -64 60
3
2 440 -32
3
2 703 2
3
2 -496 11
3
2 -573 47
3
2 -521 12
3
2 -802 2
3
2 329 -21
3
1 -525 849
3
2 486 38
3
2 839 56
3
2 919 -39
3
2 490 -37
3
1 529 422
3
2 712 -19
3
2 -509 -28
3
2 869 -12
3
2 -524 -35
3
1 -968 454
3
2 10 -11
3
2 22 -30
3
2 -938 14
3
2 810 -32
3
1 -156 119
3
1 814 673
3
2 -328 -52
3
2 -580 42
3
2 180 0
3
2 -75 44
3
1 -426 625
3
2 -313 -5
3
2 -827 -35
3
2 -502 42
3
2 -172 26
3
2 178 2
3
1 -536 789
3
2 -787 37
3
1 -865 511
3
2 584 52
3
2 -39 45
3
1 312 318
3
2 428 -56
3
1 715 280
3
2 638 -64
3
2 216 -10
3
2 -353 47
3
2 984 15
3
1 -27 491
3
2 -835 -8
3
1 151 401
3
2 -131 -26
3
2 901 -2
3
2 -764 42
3
2 806 1
3
2 -180 6
3
2 167 29
3
1 -531 579
3
1 732 745
3
2 38 34
3
1 385 504
3
2 -190 51
3
2 -463 -57
3
1 788 536
3
2 -12 -4
3
1 37 935
3
1 89 335
3
2 120 27
3
1 -657 119
3
2 478 36
3
1 -1012 261
3
2 -558 -30
3
2 617 56
3
2 377 -36
3
2 -49 4
3
1 1000 686
3
2 -358 -14
3
2 647 -36
3
2 -124 52
3
2 374 -5
3
2 -741 -31
3
2 266 -54
3
1 703 989
3
2 959 32
3
2 782 50
3
2 -48 53
3
2 -686 -18
3
1 59 172
3
2 119 16
3
2 -799 -10
3
2 -608 -39
3
2 52 0
3
2 -34 -59
3
1 722 200
3
2 33 10
3
2 448 -48
3
1 468 600
3
2 181 26
3
2 -806 -37
3
2 -77 12
3
1 286 872
3
1 -219 408
3
1 413 355
3
2 237 -17
3
1 -883 246
3
2 -946 -46
3
2 -1003 -38
3
1 -386 299
3
2 15 22
3
2 -437 -47
3
2 -855 51
3
2 580 -46
3
1 -989 394
3
2 265 -41
3
1 177 247
3
2 41 -12
3
2 322 -57
3
2 333 61
3
2 132 -43
3
2 862 -37
3
2 700 -5
3
2 -450 -50
3
1 536 535
3
2 39 -60
3
2 -195 -20
3
1 379 724
3
1 672 464
3
1 129 647
3
1 -559 65
3
2 877 58
3
2 261 6
3
1 -585 299
3
2 683 -18
3
1 -646 64
3
1 275 273
3
1 3 264
3
2 -361 -64
3
1 -794 901
3
1 -146 445
3
2 -450 -12
3
2 -608 -32
3
2 576 63
3
2 606 16
3
2 544 -50
3
2 654 1
3
2 -937 3
3
2 423 8
3
2 445 22
3
2 -537 43
3
2 682 -46
3
1 -672 66
3
2 713 -50
3
2 801 -12
3
2 -898 -60
3
2 265 -35
3
2 1022 -46
3
2 215 34
3
2 -461 -26
3
2 -363 -39
3
2 973 38
3
2 838 53
3
1 -1019 655
3
2 -573 40
3
2 -215 -14
3
2 -79 -11
3
2 -402 -5
3
2 867 -38
3
2 -218 11
3
2 -866 -21
3
2 -197 51
3
2 -712 21
3
2 -969 60
3
2 -904 19
3
2 -937 -28
3
2 502 -61
3
1 481 953
3
1 623 444
3
2 326 -13
3
1 549 844
3
2 -271 1
3
2 -940 13
3
2 945 -2
3
2 -51 -31
3
2 458 -30
3
1 38 897
3
2 490 -29
3
2 -749 10
3
2 -392 -52
3
2 76 -39
3
2 804 58
3
1 -821 128
3
2 -888 34
3
2 610 24
3
2 -999 45
3
2 217 4
3
2 81 -48
3
2 -784 63
3
2 -999 -24
3
1 241 571
3
2 -1003 -8
3
1 -318 312
3
1 -978 991
3
1 -364 284
3
2 617 -41
3
2 6 4
3
2 353 -3
3
2 90 -17
3
2 -160 15
3
2 -71 32
3
2 905 -46
3
1 -577 960
3
2 -845 11
3
2 19 20
3
2 -83 19
3
2 842 41
3
2 -241 30
3
2 -793 11
3
2 -26 60
3
2 131 51
3
2 777 10
3
2 667 -62
3
2 -507 -32
3
2 -48 -52
3
1 605 35
3
2 -60 -8
3
1 -289 188
3
2 -1 14
3
1 -493 282
3
2 823 0
3
2 -937 -53
3
1 -115 64
3
1 -105 780
3
1 -347 733
3
2 332 -33
3
2 498 14
3
2 159 -39
3
1 692 869
3
2 651 16
3
2 -638 -23
3
2 854 -24
3
2 -630 30
3
2 -30 25
3
2 -753 38
3
2 -220 23
3
1 -49 233
3
1 -425 413
3
2 974 20
3
2 792 -15
3
2 -996 -6
3
1 -674 995
3
2 -539 20
3
2 76 -14
3
1 -359 442
3
1 668 542
3
1 -848 662
3
2 -357 -58
3
1 317 708
3
1 146 772
3
1 -849 531
3
1 -821 905
3
2 -708 14
3
1 913 620
3
1 862 208
3
2 842 -11
3
1 160 240
3
2 -174 -27
3
2 513 1
3
1 350 867
3
1 -12 426
3
2 -185 -38
3
1 170 513
3
1 425 597
3
2 -475 55
3
2 302 29
3
1 -24 129
3
2 33 47
3
2 49 -9
3
2 -27 -51
3
1 -428 719
3
2 -101 -64
3
2 -745 -9
3
2 174 49
3
1 -342 728
3
1 -602 440
3
2 -963 25
3
2 799 53
3
1 742 923
3
2 207 3
3
1 -148 987
3
2 -658 26
3
2 -610 12
3
2 -710 -35
3
1 979 710
3
1 -317 934
3
2 -683 -47
3
1 554 493
3
2 -878 9
3
2 -369 61
3
2 -130 18
3
2 -685 -42
3
2 -171 28
3
1 -979 62
3
2 -635 28
3
2 387 27
3
2 -173 -19
3
2 -803 -20
3
2 -957 12
3
2 438 -3
3
2 -232 -54
3
2 -322 -8
3
1 -957 373
3
2 -833 51
3
2 -290 -33
3
2 843 -13
3
2 427 5
3
2 -964 -11
3
1 30 278
3
2 -973 -15
3
2 -693 39
3
2 724 36
3
2 -456 60
3
1 793 92
3
1 -337 746
3
2 -306 -47
3
2 56 27
3
2 67 32
3
2 279 39
3
2 -696 -15
3
2 870 -13
3
2 750 -1
3
2 819 43
3
2 -119 -56
3
1 -481 383
3
1 634 113
3
2 -485 -42
3
2 599 2
3
2 522 -14
3
1 375 913
3
2 -427 59
3
2 443 -47
3
2 103 -16
3
2 157 -51
3
2 284 -30
3
1 -831 824
3
2 216 30
3
2 267 52
3
2 -619 45
3
2 151 -22
3
1 577 106
3
2 992 46
3
1 71 972
3
1 430 168
3
2 -722 18
3
2 -649 -31
3
2 856 -29
3
1 774 916
3
2 -826 -5
3
2 431 -51
3
2 -760 12
3
1 568 236
3
2 556 -64
3
2 -490 -58
3
2 -641 23
3
2 -889 21
3
2 -88 -43
3
2 -259 -34
3
1 220 608
3
2 848 54
3
2 462 -30
3
2 -341 -24
3
2 933 -30
3
1 -225 741
3
2 953 28
3
2 140 20
3
2 -932 -60
3
2 513 13
3
2 643 -32
3
2 378 34
3
2 891 -4
3
2 -313 -52
3
2 319 9
3
1 -216 971
3
2 562 -33
3
2 -632 1
3
2 165 -62
3
2 223 -49
3
2 -710 -37
3
2 -897 34
3
2 -934 48
3
2 982 64
3
1 295 818
3
2 123 33
3
1 488 98
3
2 -276 -54
3
2 17 19
3
2 766 -56
3
2 -850 17
3
2 1 27
3
2 -446 -53
3
2 -703 -51
3
2 937 57
3
1 284 901
3
1 -325 41
3
2 -962 36
3
1 -464 467
3
1 -273 894
3
2 121 58
3
2 -686 9
3
2 757 -12
3
2 -295 46
3
2 969 -62
3
2 -767 -13
3
2 -596 -42
3
1 506 166
3
2 883 47
3
2 -837 -33
3
1 692 914
3
2 662 -21
3
2 -800 -61
3
2 -17 3
3
1 -619 224
3
2 250 -7
3
2 -872 -26
3
1 -424 677
3
1 292 58
3
2 270 -15
3
2 786 5
3
2 -545 -6
3
2 -649 45
3
2 -998 23
3
2 268 63
3
2 1010 44
3
2 -23 63
3
2 -595 36
3
1 380 143
3
2 -122 -47
3
2 -839 -8
3
1 912 236
3
2 -678 -20
3
1 271 949
3
1 -634 382
3
1 -375 766
3
1 280 937
3
1 224 419
3
2 473 17
3
1 375 920
3
2 -396 31
3
2 -123 2
3
2 319 52
3
2 644 -64
3
2 -192 -31
3
2 267 -9
3
2 733 51
3
1 -690 486
3
1 696 40
3
2 -964 27
3
2 235 -40
3
2 -556 -51
3
1 729 814
3
2 -146 -55
3
2 944 10
3
2 169 -19
3
2 -437 -50
3
2 129 36
3
2 246 -40
3
2 295 -45
3
2 -871 29
3
2 519 -26
3
2 766 17
3
2 -296 58
3
2 -345 56
3
2 -529 -20
3
2 -711 -29
3
2 415 17
3
1 -3 58
3
1 -466 239
3
2 938 -41
3
1 -287 77
3
2 -678 40
3
2 -939 26
3
2 -941 -32
3
2 663 37
3
2 -983 6
3
1 487 372
3
2 285 -8
3
1 132 985
3
2 88 -61
3
1 901 405
3
2 989 58
3
2 58 62
3
2 521 23
3
2 -262 17
3
2 -588 -41
3
2 -380 -23
3
2 1003 50
3
1 -805 343
3
2 126 37
3
2 364 63
3
2 -597 38
3
2 569 58
3
2 -531 -37
3
1 -145 361
3
2 686 -28
3
2 738 25
3
2 -598 -29
3
1 -764 218
3
2 799 -2
3
2 -95 -24
3
2 365 55
3
2 990 -64
3
2 839 -33
3
2 509 43
3
2 663 7
3
2 -195 51
3
2 471 -21
3
2 -127 -38
3
2 -834 63
3
2 -536 20
3
1 -381 587
3
1 618 261
3
2 -40 -25
3
2 -299 5
3
2 91 -44
3
2 -993 -30
3
2 -347 -31
3
2 -554 42
3
1 143 317
3
2 333 11
3
2 380 -9
3
2 -826 -25
3
1 -668 22
3
2 -188 -52
3
1 -44 665
3
1 -576 984
3
2 -533 -27
3
1 511 347
3
2 769 26
3
2 -499 -12
3
1 199 637
3
1 -359 425
3
1 -159 715
3
2 103 59
3
2 -90 4
3
2 950 51
3
2 -46 57
3
2 -44 -63
3
2 -198 -42
3
2 -316 -3
3
2 -934 2
3
2 -897 41
3
1 926 664
3
2 908 -20
3
2 286 -36
3
2 690 -42
3
1 100 122
3
2 219 -57
3
2 -532 -63
3
2 -473 -26
3
2 -296 2
3
1 380 526
3
2 -296 -59
3
2 80 43
3
1 -215 752
3
2 -713 -2
3
2 -967 -36
3
2 -998 47
3
2 219 0
3
2 377 50
3
2 -509 -16
3
1 833 15
3
2 457 53
3
1 -259 541
3
1 837 916
3
2 69 -33
3
2 -589 -3
3
2 -159 -44
3
2 -221 -19
3
1 51 901
3
1 342 990
3
2 -796 -40
3
2 -160 37
3
2 102 -62
3
2 384 -51
3
2 973 -31
3
2 -515 20
3
2 630 1
3
2 -1007 58
3
2 -836 53
3
2 -356 10
3
2 -887 3
3
2 0 24
3
2 -552 56
3
2 -414 -36
3
1 -313 407
3
2 -451 -37
3
1 254 977
3
2 805 31
3
2 907 -39
3
1 -86 308
3
2 902 53
3
2 94 52
3
2 1020 9
3
2 859 9
3
2 448 12
3
1 368 513
3
2 -483 7
3
2 -214 -56
3
2 440 19
3
2 -5 -30
3
2 -183 44
3
2 -379 5
3
2 -751 -44
3
2 851 10
3
2 712 53
3
1 829 215
3
2 175 11
3
2 -620 60
3
2 -1 6
3
2 -855 -56
3
2 560 -37
3
2 284 -15
3
2 366 -29
3
2 254 32
3
2 -979 -61
3
2 -59 50
3
2 512 23
3
1 989 728
3
1 128 128
3
2 -653 28
3
2 -414 -9
3
2 210 -44
3
2 289 33
3
2 -695 28
3
1 680 544
3
2 -261 -61
3
2 -588 30
3
2 -273 -30
3
1 -553 734
3
2 -477 2
3
2 -562 -48
3
1 546 810
3
1 418 735
3
2 -158 -19
3
2 691 -45
3
2 605 -13
3
2 412 1
3
2 -225 -57
3
2 -389 49
3
1 -81 987
3
1 -668 487
3
2 -55 46
3
2 -5 58
3
2 -665 22
3
2 -244 34
3
2 279 -49
3
2 332 25
3
2 -85 -60
3
2 -1008 59
3
2 -259 -4
3
2 996 -29
3
2 -217 23
3
2 408 53
3
1 -424 250
3
1 689 213
3
2 -695 62
3
2 285 -22
3
2 993 -46
3
2 131 16
3
2 219 -1
3
2 -245 -41
3
2 -286 43
3
1 -896 759
3
2 -631 16
3
2 349 -28
3
2 175 28
3
2 -549 -39
3
2 126 -33
3
2 -587 51
3
2 1021 62
3
2 260 -64
3
1 -979 81
3
2 324 -39
3
2 578 -51
3
2 -369 -3
3
2 823 -55
3
2 337 58
3
2 -473 38
3
2 -154 2
3
2 285 -55
3
2 73 39
3
2 718 -60
3
1 467 485
3
1 -785 117
3
1 636 623
3
2 296 -51
3
2 573 23
3
1 -296 519
3
1 -295 730
3
1 -828 964
3
2 -140 50
3
2 -12 -27
3
2 -731 55
3
2 906 -13
3
1 -342 90
3
2 -542 44
3
2 -544 39
3
2 -384 -36
3
2 64 -5
3
2 -301 -36
3
1 -457 263
3
1 -145 872
3
2 -344 -56
3
1 -216 3
3
2 303 20
3
1 844 955
3
2 695 -47
3
2 -322 -20
3
2 -629 7
3
1 -893 682
3
2 -318 5
3
2 656 -49
3
2 188 56
3
1 280 993
3
2 660 -64
3
1 427 801
3
2 391 -48
3
1 611 174
3
2 -746 59
3
2 125 -11
3
1 345 980
3
2 -225 39
3
2 -573 45
3
2 -918 -10
3
2 672 46
3
2 779 4
3
2 -625 -45
3
2 -1012 -5
3
2 -253 31
3
2 179 -14
3
2 -530 17
3
2 -788 58
3
1 796 68
3
2 -220 14
3
1 -466 759
3
2 361 34
3
2 -482 -53
3
2 -762 -28
3
2 -802 24
3
2 -206 45
3
2 645 63
3
2 408 18
3
2 763 62
3
2 362 34
3
