1041
26 -925
20 954
27 -804
-24 -406
-31 903
-29 248
5 -84
22 -315
22 -908
-22 -33
11 -2
12 943
11 -30
20 -821
-30 623
-13 -845
-31 -607
2 238
8 911
2 1000
-30 -153
16 510
22 114
11 -206
30 -327
-22 683
8 -713
-3 -362
-20 -100
-5 510
16 905
-18 733
23 286
18 937
-2 -735
-24 -575
26 -913
-24 -614
-2 -382
-3 967
13 -547
-24 -15
2 -822
10 -467
25 1001
30 625
19 -292
-4 667
31 791
-24 -859
4 -557
31 -833
-23 550
-19 291
30 -219
-27 -30
-13 858
-31 -490
23 -422
6 138
17 -402
-7 947
20 71
-18 -189
-25 -880
-15 917
9 591
-25 165
-6 685
-6 -740
-32 176
-25 -300
17 -815
-20 -466
22 -723
-7 -147
-9 435
-21 -796
11 878
30 -681
19 528
-1 -927
2 320
-17 211
31 206
-9 -66
-18 751
-10 -633
8 -643
9 748
-9 622
-29 70
25 -136
27 -487
13 338
-9 740
-21 -932
32 447
-1 -438
11 904
28 130
0 150
1 985
-20 816
-5 979
6 -513
28 628
2 -929
30 368
-8 -815
-5 -535
-18 -478
8 249
-10 -31
-3 627
7 91
-29 174
7 -412
32 269
15 -37
14 431
-16 -738
-31 544
-2 -498
-14 1015
12 -432
8 660
-10 549
-24 -941
-7 719
17 -147
-29 443
-22 -999
-6 -351
1 -77
8 -1019
-1 -425
26 -636
11 162
1 -506
-17 -399
14 -393
-23 713
-21 -880
21 673
27 -543
8 649
-5 -983
10 -69
31 -567
-31 839
-6 720
1 755
-28 -1004
15 -538
-19 557
22 -400
27 -676
-30 320
-14 596
14 845
0 -17
-21 465
-22 -393
22 -286
-32 250
19 15
-5 -570
18 -483
1 150
-24 1013
2 604
13 872
32 926
3 933
10 648
1 39
7 -826
-23 -370
3 900
30 -130
25 410
-30 582
-28 -883
25 315
-8 -921
-11 487
-31 -620
-7 122
21 1013
-8 292
-16 272
11 -269
7 834
12 276
23 755
18 834
-8 542
-26 1004
11 -21
-29 -562
-32 598
-31 -748
-2 -766
-25 -741
-6 429
18 -140
-6 393
4 659
-10 -536
-16 912
24 -457
30 -154
23 -423
16 256
-27 632
10 -875
-17 -381
-22 -329
-25 -201
-29 124
19 530
-20 930
-9 87
-14 101
-31 475
26 282
6 -826
-20 103
30 -47
-28 867
19 52
-23 -234
-7 417
19 -452
6 416
-29 -68
16 -344
10 -181
-28 402
22 -195
1 -603
-30 382
11 -810
7 -118
-20 -694
12 -272
-5 740
-30 -459
-23 -557
-10 860
17 810
-21 -733
12 117
11 720
19 -481
25 -654
-14 -413
-4 -465
-20 725
6 -32
18 165
-7 -610
-27 -809
-31 12
-13 69
-32 -995
18 639
6 -193
-30 -593
-14 -774
18 -486
-24 -622
-25 862
-31 -74
12 890
12 -943
24 -409
11 422
3 -573
-18 488
-26 281
28 886
-4 -698
-8 -373
22 -830
-11 -828
22 -525
15 346
-28 536
-16 -126
-7 678
-15 432
-29 -61
-13 -438
12 -249
-2 -627
19 -457
13 439
-32 -586
17 -397
18 969
0 -171
4 397
7 -757
-32 958
-3 -202
25 609
15 -144
14 -966
6 426
5 -19
-17 865
2 570
12 418
-28 -678
-5 617
3 -693
1 734
-22 -917
20 125
-28 -907
11 -371
-32 152
28 251
-2 -585
-24 532
8 476
-2 969
-11 652
15 519
9 -642
-14 264
-27 557
-11 417
29 974
-2 193
-5 464
31 -230
5 -693
-24 314
-3 697
-24 -345
12 705
-15 171
20 473
-5 -206
-24 800
10 -993
2 -993
-2 997
-23 -546
3 49
-24 1012
31 534
-2 351
17 577
-6 156
-29 684
2 -682
-25 -856
-11 -505
20 133
-13 -1003
14 -397
-3 101
-11 34
-18 253
-23 1009
-4 925
-27 -978
-15 853
24 787
18 855
19 333
-13 277
11 -36
-2 464
-23 67
29 -763
8 -486
-23 782
-31 941
25 655
15 -262
-12 -93
-15 807
16 -617
-13 -280
-26 1015
26 410
-31 41
-29 -985
-26 983
-12 478
-22 -736
0 -443
31 564
12 -968
15 398
-19 237
-12 91
12 -984
9 588
8 -289
-26 -700
-20 846
-24 495
9 870
2 -33
-13 -352
29 -197
-32 -723
-10 -298
18 -464
-22 -359
-21 405
0 -720
4 -282
24 205
30 -577
16 -450
-28 -642
-3 -895
-24 -526
13 39
11 351
-12 888
6 721
-7 499
19 179
-7 543
-30 -129
22 5
-25 -309
22 -982
10 227
-16 407
2 662
-2 324
14 120
-21 -741
23 206
-26 99
-22 737
21 -865
-29 225
28 -37
-22 -499
17 -315
-2 689
-6 867
-17 -680
27 -525
-7 273
-1 -394
6 163
2 863
-24 -476
27 -242
-23 -489
-17 -872
-32 620
-9 345
30 -430
1 -175
19 782
8 -362
8 -84
21 -429
30 961
-21 -444
29 -934
-30 -45
-9 -156
-5 900
16 -881
16 -908
24 -370
32 372
-13 -534
-11 -542
-5 888
-25 349
2 258
-25 -33
-15 122
-29 806
-32 -59
-10 -173
-28 474
27 -859
-2 754
7 -668
20 -282
-21 -417
-27 412
-19 -56
-2 698
7 566
-11 -812
0 637
-31 55
24 35
12 667
-2 -219
-30 588
5 -803
-29 -797
23 188
19 793
-30 666
5 -677
-3 455
6 -635
-27 -561
20 16
5 -88
-19 -18
25 66
14 320
9 253
16 818
-11 200
-3 27
15 991
-14 158
-23 -25
-32 217
27 14
12 -87
5 185
10 42
-13 -1
9 556
15 -864
6 424
-21 -265
9 887
-20 -785
15 323
-8 -316
12 -186
25 474
-23 600
-8 -387
24 454
-13 441
-25 407
-9 -1018
23 -521
-22 -211
-1 67
20 -391
25 -541
-16 330
30 -459
11 774
-21 184
-5 -614
-7 -312
-23 -241
17 -179
17 637
-27 -386
11 -347
-17 810
-5 -491
-20 -522
25 294
-13 502
16 -770
18 -899
31 935
-31 -797
-12 581
-19 343
15 -968
28 540
25 391
9 -200
32 -753
-5 -2
9 -51
16 -78
16 973
11 867
-10 -45
31 -306
-2 -236
16 185
-2 -163
-16 -852
31 180
17 587
-16 -159
-4 -922
-11 996
17 405
0 600
-1 -861
4 751
17 -274
10 485
-17 570
19 878
27 -943
-31 -766
1 -415
-5 -59
24 496
13 559
31 -617
-20 186
-32 451
-16 627
30 821
13 -404
15 547
3 -33
2 331
-30 -177
11 -489
9 -358
-28 519
-1 -732
17 -635
-14 77
-16 -668
2 -952
-20 -488
20 -626
8 -484
27 880
29 -949
-8 -868
22 155
26 819
0 61
13 811
10 43
1 -966
-5 417
-19 717
-14 -113
32 -468
4 -48
9 244
-9 -75
6 43
-30 434
19 407
-4 179
-7 255
-13 149
1 819
-10 -393
-5 -400
24 -523
0 -228
-6 -943
10 -214
-12 259
-21 -1011
24 -382
-30 -840
18 256
21 -896
4 792
-22 -863
-8 936
23 -917
18 833
1 54
27 25
22 185
1 -870
-10 140
18 2
7 -427
-11 209
5 695
0 348
-10 -638
12 -843
30 31
-16 1016
18 635
-25 359
12 110
-10 -1022
-6 1002
-30 266
16 -454
-12 782
1 911
-31 413
18 -593
3 -644
7 364
10 -683
-12 -882
-6 -490
30 -379
-5 442
8 252
-18 537
11 -423
22 -678
-26 46
19 -734
21 -954
17 515
-9 953
15 -728
3 433
3 -337
-12 971
32 -695
3 -447
30 322
-20 -321
-17 -478
-1 125
-10 427
-14 996
-16 -920
31 -627
14 33
-11 -535
-12 -919
23 454
17 -38
22 478
-1 -33
-20 -475
6 -164
12 -389
-13 -4
30 762
20 -605
20 629
-9 -760
-27 118
-22 327
5 -911
-13 -518
-8 713
9 456
24 -778
10 711
9 712
-1 0
-25 417
1 58
-1 931
-10 888
-5 489
-25 -488
24 -600
28 191
21 -753
25 81
-8 -372
-3 -898
14 959
-10 -355
-8 872
13 456
10 -359
6 418
6 -32
-1 83
14 -615
5 -985
28 -566
-30 -677
20 927
29 689
-1 452
-3 -84
4 -396
5 -504
10 -794
-3 -285
1 467
0 -69
-31 -97
-20 -646
4 120
-10 122
-13 -376
-15 -229
-11 -639
-10 -431
13 -260
-30 -312
7 -441
-19 -180
26 -352
8 173
16 692
6 -988
-25 117
4 -117
4 834
-18 -209
-13 474
-29 1009
17 22
0 -351
-19 576
13 -382
-22 -968
-23 948
10 -516
2 844
29 -825
-18 771
27 784
17 41
13 -366
-4 26
0 -607
10 -57
27 589
13 -823
13 -560
32 -238
-7 793
32 -798
32 -218
-3 454
9 414
31 -727
-2 342
-26 766
17 -855
-20 83
-32 803
3 2
-32 130
-26 507
13 -1002
9 604
-14 978
-23 69
-23 -149
-18 741
-11 210
-8 -74
30 -673
-31 -1010
-31 -52
-30 -942
-26 -388
-32 93
24 -736
23 -176
-19 868
13 -410
-26 233
20 -980
-2 181
-26 862
-18 -738
9 -594
32 -57
32 -891
27 -481
-29 -896
12 -212
-24 -616
-19 -204
-21 900
-1 -364
30 461
14 661
26 466
19 -759
-31 -304
1 578
-14 -348
-8 -964
0 924
-10 -512
-11 246
13 -775
6 377
0 375
-10 -315
11 742
6 393
-25 138
7 195
2 649
31 954
-11 -1006
4 211
5 -122
-29 -855
11 -373
32 692
25 557
-14 434
-6 809
-9 -81
31 777
0 392
2 -367
-30 806
18 990
-24 -29
-12 317
22 574
18 -219
23 -950
-12 -891
21 -717
-1 -727
7 -938
17 -163
31 -417
30 -708
22 -520
8 -975
5 -794
29 -2
1 511
-4 -641
-19 -2
-14 -733
13 -429
30 -699
21 603
12 621
-8 193
-6 -843
-17 -466
24 -249
27 -66
-32 -187
24 -185
-15 366
-14 -387
19 -127
31 -111
7 -829
11 -435
-14 363
-28 -904
30 345
-3 -608
23 -935
21 512
19 -10
-17 665
-15 98
18 -387
4 805
-14 -837
5 -651
-3 -694
32 561
20 -446
11 -449
-16 371
-7 -13
-29 -91
-5 738
-31 430
8 -670
-31 -1007
-4 -986
-2 403
27 393
-7 497
-26 667
15 823
-32 -814
-8 614
-4 563
-9 -856
-7 748
-24 -397
-14 498
-32 677
-4 -410
23 -233
23 837
29 472
-21 -264
-14 971
-18 -765
-7 -419
5 122
31 -281
-3 -869
24 -813
17 478
9 -173
-22 -666
-32 -733
14 686
2 -423
-16 -284
-6 -834
23 -520
12 -658
17 -118
-8 -814
26 -883
-9 690
12 -183
-19 687
-15 715
3 246
2 -519
-28 -516
-2 -942
24 152
-24 -379
-22 -238
32 -33
-26 378
31 587
-26 365
21 517
-17 513
14 931
-32 -908
-13 178
-4 157
-23 -638
-24 338
-20 751
-7 -757
-13 320
-11 -526
-2 670
-29 647
3
1 -585 572
3
2 956 -6
3
1 778 77
3
2 895 24
3
2 -280 48
3
2 -405 -46
3
2 -448 58
3
2 -181 15
3
2 361 -39
3
2 7 -46
3
2 752 -63
3
2 689 -52
3
2 -398 40
3
2 -284 1
3
2 -1018 -61
3
1 981 541
3
2 756 -11
3
1 -3 566
3
2 -956 -5
3
2 -85 28
3
2 -104 35
3
1 -135 754
3
1 876 651
3
2 -236 19
3
2 222 -3
3
2 871 22
3
2 -697 52
3
2 879 62
3
1 850 8
3
2 738 -52
3
1 906 90
3
2 768 -9
3
2 258 -43
3
2 664 8
3
2 -192 -9
3
2 -540 -6
3
2 -275 51
3
2 -868 2
3
1 60 822
3
2 309 -2
3
2 -114 -43
3
2 55 64
3
2 992 -55
3
2 250 -46
3
2 619 28
3
2 -456 32
3
2 -457 -38
3
1 -678 516
3
2 -96 -6
3
2 -181 8
3
2 519 -2
3
2 -149 63
3
2 -271 18
3
2 3 -50
3
2 -586 -59
3
2 743 54
3
2 -772 -29
3
2 -196 -55
3
2 -746 -50
3
2 -548 19
3
2 -401 12
3
2 88 -3
3
2 -361 31
3
2 -467 6
3
2 946 -23
3
2 -923 7
3
1 555 123
3
2 1009 -36
3
2 -942 63
3
2 -117 51
3
1 207 226
3
2 429 -38
3
2 -933 35
3
2 697 56
3
2 -577 43
3
2 986 -48
3
1 -191 352
3
2 43 -46
3
2 -525 -6
3
2 -967 49
3
2 -953 55
3
2 -988 -48
3
2 -709 -2
3
1 638 617
3
2 -18 -17
3
2 835 -58
3
2 867 -13
3
2 841 40
3
2 50 -41
3
2 -204 23
3
2 -979 50
3
2 -629 -21
3
2 423 0
3
1 791 839
3
2 520 8
3
2 -981 -39
3
1 -537 980
3
2 -666 -44
3
2 153 -44
3
2 465 0
3
2 152 -54
3
1 -577 139
3
1 -270 90
3
2 -885 9
3
2 325 39
3
2 221 -43
3
2 300 28
3
1 -652 124
3
2 -32 62
3
2 611 -36
3
2 310 0
3
1 -864 278
3
2 711 44
3
2 -797 10
3
2 -138 -38
3
2 -405 -35
3
1 774 346
3
1 168 277
3
2 -870 -49
3
2 -754 -39
3
2 824 11
3
2 -700 -51
3
2 -833 -61
3
2 847 53
3
1 -504 559
3
2 757 -38
3
2 575 -33
3
2 463 2
3
2 -759 -42
3
2 -375 -24
3
2 541 -16
3
2 -931 -1
3
2 -246 14
3
2 -237 -19
3
2 -251 -26
3
1 -476 232
3
1 334 216
3
2 942 43
3
2 -329 -28
3
2 -438 -17
3
2 201 -25
3
2 361 11
3
2 202 36
3
2 -590 29
3
2 -250 56
3
2 -454 23
3
2 -71 -58
3
2 -375 17
3
2 -174 -62
3
2 173 -44
3
1 -601 952
3
2 379 58
3
1 -150 112
3
2 -972 -62
3
2 -215 -25
3
2 592 53
3
2 670 53
3
1 -432 368
3
2 824 -9
3
2 92 9
3
2 70 -35
3
2 -236 37
3
2 -734 38
3
2 891 23
3
2 -720 52
3
2 329 28
3
2 999 -44
3
2 -423 -7
3
1 590 496
3
2 -900 -60
3
2 302 55
3
2 813 -15
3
2 994 48
3
1 23 539
3
2 -130 -56
3
2 -226 -17
3
1 816 319
3
2 877 -46
3
1 -930 814
3
2 -682 -44
3
2 -255 44
3
2 263 7
3
2 225 -31
3
2 505 -43
3
1 133 654
3
2 429 9
3
2 449 -28
3
2 -162 -46
3
1 725 654
3
2 349 0
3
1 338 229
3
2 761 -12
3
2 359 -2
3
2 -68 58
3
2 373 6
3
2 -575 -50
3
1 1002 296
3
1 469 94
3
2 -37 -23
3
2 -949 42
3
1 -94 62
3
2 -757 45
3
2 950 21
3
2 -126 57
3
2 -377 55
3
2 580 21
3
2 981 -4
3
2 618 59
3
2 -657 -22
3
2 326 34
3
1 322 483
3
2 614 -28
3
1 952 293
3
1 24 90
3
2 -641 -58
3
2 115 -34
3
1 -865 577
3
2 -60 22
3
2 -706 -45
3
2 485 -27
3
2 787 3
3
2 -487 43
3
2 -525 16
3
2 517 -24
3
2 524 54
3
2 893 45
3
2 25 -35
3
2 -55 -27
3
2 -925 -34
3
2 450 -16
3
2 48 -11
3
2 -176 -59
3
2 557 63
3
2 -387 -60
3
2 -574 55
3
2 -893 29
3
2 773 59
3
2 -743 -37
3
2 -213 -30
3
2 681 -7
3
2 217 9
3
2 253 54
3
2 -647 52
3
2 -507 -52
3
2 -839 -25
3
2 -235 2
3
1 908 669
3
2 -325 16
3
2 -921 -49
3
2 465 4
3
2 -295 -44
3
2 149 -6
3
2 284 -40
3
2 609 55
3
2 106 -58
3
2 322 -13
3
2 614 35
3
2 -18 -22
3
1 932 459
3
2 1003 55
3
2 -380 8
3
2 -609 9
3
1 -885 319
3
2 375 24
3
2 -292 24
3
2 -897 54
3
1 226 1022
3
1 -759 409
3
1 13 137
3
2 -231 -38
3
1 -811 869
3
2 27 -58
3
1 999 964
3
2 433 -43
3
2 895 -24
3
2 11 26
3
2 618 44
3
2 38 33
3
2 1020 57
3
1 -943 360
3
1 248 732
3
2 -311 -27
3
2 601 -50
3
2 -318 -6
3
2 104 -34
3
2 946 -6
3
1 995 510
3
1 863 793
3
2 -491 53
3
1 425 349
3
2 517 -8
3
2 -596 40
3
2 575 -20
3
1 -441 409
3
2 829 -17
3
1 -517 541
3
2 258 -41
3
2 -205 0
3
1 -105 654
3
1 59 790
3
1 56 633
3
1 -926 468
3
2 -811 60
3
2 375 -2
3
2 503 14
3
1 -557 981
3
2 -744 -38
3
2 -465 -52
3
2 829 -48
3
2 -963 -50
3
1 -125 950
3
1 518 323
3
2 -883 -1
3
2 883 -15
3
2 -647 -24
3
2 775 -6
3
2 -562 -30
3
2 434 -17
3
1 15 131
3
2 765 54
3
2 33 56
3
2 899 -21
3
2 -821 -57
3
2 572 -23
3
2 -999 -45
3
2 418 53
3
1 -817 392
3
2 -346 -7
3
2 -426 -63
3
2 377 -31
3
2 70 -28
3
2 248 -24
3
2 -530 -28
3
2 -1024 -60
3
2 675 -50
3
2 -563 64
3
2 -174 -15
3
2 -438 -12
3
1 741 291
3
2 -931 11
3
2 244 54
3
2 -983 18
3
1 -1021 991
3
2 -240 -42
3
2 -319 47
3
2 144 -41
3
1 900 760
3
1 873 741
3
2 -13 7
3
2 -720 -7
3
2 29 40
3
1 -293 644
3
2 748 12
3
2 -741 -5
3
2 422 -22
3
2 675 -38
3
2 436 -55
3
1 426 930
3
2 297 33
3
2 649 -62
3
2 322 -17
3
2 409 -53
3
2 -889 -1
3
1 -518 482
3
2 -527 59
3
2 273 -42
3
2 804 -24
3
1 382 201
3
2 615 57
3
2 197 49
3
2 245 -39
3
2 490 24
3
1 -562 944
3
2 165 45
3
2 895 9
3
2 -741 49
3
2 -1012 51
3
1 -43 1029
3
2 -548 43
3
1 -489 465
3
2 948 -9
3
2 208 12
3
2 -441 -29
3
2 260 -58
3
1 547 0
3
1 -695 410
3
2 -231 -7
3
2 -186 8
3
2 -134 -51
3
2 -803 49
3
2 -518 44
3
2 -496 -33
3
1 186 141
3
1 -386 552
3
2 -170 35
3
1 307 173
3
2 806 -25
3
2 81 4
3
2 564 15
3
2 -204 -24
3
2 535 17
3
2 -48 10
3
2 -950 50
3
2 339 -16
3
2 -112 58
3
1 640 923
3
1 -708 542
3
1 980 23
3
1 -486 394
3
2 -533 23
3
2 864 52
3
2 41 -53
3
2 793 57
3
2 629 14
3
1 -191 616
3
2 418 42
3
2 222 -56
3
2 528 -22
3
2 -901 -59
3
2 925 -17
3
2 79 -40
3
1 653 109
3
2 -921 26
3
2 152 30
3
1 -100 208
3
2 -310 17
3
1 -171 311
3
1 609 40
3
2 575 -40
3
1 803 53
3
2 -958 -38
3
2 -77 -2
3
1 -187 430
3
2 323 4
3
2 767 8
3
1 -502 970
3
2 227 19
3
2 711 8
3
2 -632 -36
3
2 -190 29
3
2 480 23
3
2 704 55
3
2 -1014 7
3
2 -295 -8
3
2 -96 -49
3
1 -97 910
3
2 -391 -35
3
2 -757 -12
3
2 357 33
3
2 -1022 -50
3
2 -385 54
3
2 -213 -26
3
2 -879 -3
3
2 794 -62
3
1 -676 601
3
1 245 317
3
1 -850 398
3
2 -548 7
3
2 735 -16
3
2 -11 -25
3
2 66 58
3
2 7 8
3
2 -265 1
3
2 87 32
3
2 873 42
3
2 812 -44
3
2 937 25
3
1 964 397
3
1 -958 781
3
2 -849 36
3
2 75 -34
3
2 757 11
3
1 -147 250
3
2 -66 -17
3
2 706 13
3
2 -1002 25
3
2 -164 -20
3
2 -757 36
3
2 -465 -29
3
2 44 20
3
1 773 262
3
2 -712 -48
3
2 498 -25
3
1 450 767
3
2 -61 -17
3
2 -688 56
3
2 -160 35
3
2 -864 3
3
2 -788 31
3
1 291 809
3
2 -712 9
3
2 -143 -9
3
2 -558 26
3
2 852 40
3
2 588 10
3
2 549 26
3
1 8 394
3
2 -609 62
3
2 -340 37
3
2 883 -34
3
1 674 554
3
1 -894 782
3
1 -1014 696
3
2 -858 63
3
2 22 56
3
2 -744 37
3
2 -58 -34
3
2 -648 7
3
1 -708 27
3
2 -193 -12
3
2 430 48
3
1 -115 614
3
2 -1003 -9
3
2 824 58
3
1 183 365
3
1 86 851
3
2 868 -59
3
2 -703 47
3
1 -881 685
3
2 -455 -8
3
2 865 -5
3
1 320 483
3
2 838 39
3
2 326 -50
3
2 -879 9
3
2 -138 7
3
2 24 42
3
1 126 497
3
2 585 37
3
2 -989 -42
3
1 -639 765
3
2 -765 -49
3
2 300 -33
3
1 517 451
3
2 -460 -35
3
1 465 599
3
1 1011 768
3
2 -417 43
3
2 -881 51
3
2 -66 63
3
2 299 10
3
1 -893 282
3
1 -170 652
3
2 -74 -61
3
2 733 -63
3
1 897 1020
3
1 1016 515
3
2 -91 54
3
2 970 -34
3
2 246 -20
3
2 -159 31
3
2 109 26
3
2 -167 -44
3
1 874 263
3
2 -26 43
3
2 -674 21
3
1 -183 284
3
2 446 -25
3
1 827 1013
3
2 -1016 -33
3
1 587 480
3
1 -639 951
3
2 687 -26
3
1 256 935
3
2 633 40
3
2 332 -6
3
1 -180 125
3
2 -917 -13
3
2 778 41
3
1 437 850
3
2 -470 34
3
2 -106 53
3
2 123 -8
3
1 -978 65
3
1 616 921
3
2 -1023 -60
3
2 -898 11
3
1 982 474
3
2 940 -64
3
2 -566 -52
3
2 807 -3
3
2 -222 48
3
2 -471 56
3
1 918 626
3
2 -816 -45
3
1 960 505
3
1 961 881
3
1 28 147
3
2 656 19
3
2 599 34
3
2 -136 26
3
2 -448 58
3
2 -466 -30
3
1 -526 446
3
2 652 4
3
2 115 -55
3
2 -268 45
3
2 859 -6
3
2 19 -26
3
2 551 -56
3
2 -695 -28
3
1 934 487
3
2 209 -5
3
2 -696 25
3
2 -712 -23
3
2 265 -24
3
2 701 28
3
1 -303 315
3
2 -740 -37
3
2 -695 -36
3
2 -733 -43
3
1 977 953
3
2 -399 54
3
1 816 581
3
2 417 35
3
2 663 56
3
1 464 901
3
2 781 64
3
2 -407 -9
3
1 -393 620
3
2 -630 14
3
2 -740 41
3
2 878 -35
3
2 -854 -51
3
2 711 -22
3
2 78 -26
3
2 -589 -53
3
2 1002 -2
3
2 -948 64
3
2 -786 47
3
2 503 -53
3
2 687 49
3
1 186 590
3
2 747 -58
3
1 -376 971
3
2 715 30
3
2 187 60
3
2 -234 47
3
1 173 97
3
2 -870 58
3
2 -984 2
3
2 -390 -30
3
2 865 14
3
1 333 1021
3
1 365 314
3
1 867 130
3
2 -60 -9
3
2 609 32
3
1 581 325
3
2 -39 34
3
2 918 14
3
1 260 667
3
2 -191 -30
3
1 954 960
3
1 -744 1026
3
2 548 -20
3
2 -725 -7
3
2 992 -38
3
2 44 -43
3
2 -934 -15
3
2 -165 6
3
2 292 45
3
1 -925 51
3
1 -45 959
3
2 93 0
3
2 137 -43
3
2 -735 -59
3
1 738 782
3
2 735 -58
3
1 -57 268
3
2 -462 -31
3
2 587 45
3
2 137 -3
3
2 -434 26
3
1 231 436
3
2 960 -46
3
2 -966 -60
3
2 27 50
3
2 450 1
3
2 -141 -57
3
2 776 -2
3
2 -1002 -29
3
2 -606 47
3
1 -789 347
3
2 -596 -19
3
2 -259 -56
3
2 -256 -49
3
1 -798 458
3
2 130 -4
3
2 10 -56
3
1 -553 705
3
2 323 52
3
2 370 -4
3
2 199 34
3
1 279 615
3
1 -323 414
3
2 -445 3
3
2 202 20
3
2 308 1
3
2 95 -47
3
2 18 47
3
2 128 -54
3
1 -14 156
3
1 -784 732
3
2 971 -2
3
2 -154 -23
3
2 -126 10
3
2 -424 -43
3
2 516 60
3
2 583 7
3
1 -878 886
3
1 -529 443
3
1 -397 943
3
2 -576 8
3
2 -831 20
3
2 293 51
3
2 -27 -28
3
2 516 57
3
2 -925 17
3
2 -636 43
3
1 369 782
3
1 -512 923
3
1 117 189
3
1 577 248
3
2 554 28
3
2 840 -11
3
1 -937 885
3
1 -101 732
3
1 -35 1002
3
2 593 -39
3
2 855 -43
3
2 768 -19
3
2 -565 43
3
1 -84 100
3
2 -622 -42
3
2 329 -30
3
2 565 34
3
2 984 -41
3
2 139 16
3
2 594 -50
3
2 370 -54
3
2 -898 -8
3
2 359 -12
3
2 -868 -11
3
2 -545 45
3
2 499 -11
3
1 -7 853
3
2 985 38
3
2 -107 35
3
1 914 289
3
2 850 60
3
2 -442 -17
3
2 623 1
3
2 -448 8
3
1 -5 798
3
2 -55 4
3
2 241 -16
3
1 972 150
3
2 498 53
3
2 835 -24
3
2 13 -54
3
2 -601 -14
3
2 -238 2
3
2 536 -18
3
2 -923 51
3
1 908 40
3
2 -299 -51
3
2 -396 14
3
2 -446 -41
3
1 202 817
3
2 -421 -12
3
2 -920 -40
3
2 -656 -43
3
2 730 25
3
2 321 -42
3
2 -893 -6
3
2 -362 50
3
2 -144 -10
3
2 747 44
3
2 -870 47
3
1 531 879
3
2 676 -7
3
1 148 873
3
2 -430 38
3
2 32 42
3
2 -521 15
3
1 -608 304
3
2 526 -59
3
2 265 48
3
1 133 618
3
2 -60 15
3
1 -302 70
3
2 343 -61
3
2 -412 24
3
2 -1005 -56
3
2 712 -48
3
1 14 714
3
1 -325 552
3
1 322 754
3
2 -538 38
3
2 370 19
3
1 -962 568
3
1 -332 967
3
2 69 46
3
2 457 39
3
1 -896 931
3
2 -271 16
3
2 -82 28
3
2 41 -38
3
2 843 -64
3
1 431 600
3
2 -152 44
3
2 -744 1
3
1 340 958
3
2 622 45
3
1 132 931
3
2 -113 6
3
2 -722 -41
3
1 879 131
3
1 347 671
3
1 887 1001
3
2 -123 39
3
2 -935 41
3
2 -182 -7
3
2 186 -34
3
1 -322 878
3
2 29 16
3
2 -283 3
3
2 -47 -22
3
1 -990 745
3
2 -63 9
3
2 -996 -7
3
2 -139 48
3
2 -899 -21
3
2 -134 25
3
1 -460 780
3
2 813 17
3
2 852 -13
3
1 600 996
3
2 609 -32
3
2 698 5
3
1 -239 821
3
2 720 40
3
1 -243 917
3
2 -740 28
3
1 -660 987
3
1 640 95
3
2 998 9
3
2 -308 -44
3
2 -862 -51
3
2 -830 -33
3
2 -862 42
3
2 -568 10
3
2 140 -30
3
2 -455 -21
3
2 393 50
3
1 825 461
3
2 358 -64
3
1 -779 691
3
2 439 3
3
2 -51 12
3
2 249 -26
3
2 -682 -44
3
1 -421 550
3
2 -892 -61
3
2 331 64
3
1 228 331
3
1 -900 172
3
1 -152 498
3
2 510 13
3
2 -355 8
3
2 1 -45
3
2 826 -14
3
1 -745 789
3
2 166 -18
3
2 -254 32
3
1 -616 552
3
1 -793 910
3
2 725 45
3
2 -466 -38
3
1 405 772
3
2 972 -22
3
2 885 -51
3
2 -424 -36
3
1 259 769
3
1 429 846
3
1 479 801
3
2 722 42
3
1 1003 1010
3
1 -993 908
3
1 -731 445
3
2 203 -16
3
2 518 52
3
2 559 -4
3
2 416 -64
3
1 222 928
3
2 308 26
3
1 901 81
3
2 590 53
3
2 -777 0
3
1 894 23
3
2 -386 -11
3
2 -518 -16
3
1 -724 627
3
1 -214 154
3
2 667 -1
3
2 638 39
3
2 -915 17
3
2 847 -62
3
2 1016 47
3
2 -874 -32
3
2 -834 1
3
2 571 51
3
1 130 751
3
2 1003 -10
3
2 -136 4
3
2 215 -52
3
2 -537 33
3
1 889 1013
3
2 375 2
3
1 1 141
3
2 572 57
3
2 243 -50
3
2 -469 54
3
1 20 121
3
1 -948 925
3
1 949 26
3
2 -131 62
3
2 301 11
3
1 785 832
3
2 544 51
3
1 -553 57
3
2 -331 4
3
1 -332 569
3
2 -769 52
3
1 -831 703
3
2 661 23
3
2 -266 -33
3
2 -940 38
3
2 -515 -26
3
2 -535 21
3
2 -851 -61
3
2 -761 -64
3
1 308 849
3
2 -78 29
3
2 623 -20
3
1 223 217
3
2 -549 -38
3
2 331 -35
3
2 677 -50
3
2 -159 -34
3
2 385 -41
3
2 -194 34
3
1 910 134
3
2 152 -44
3
2 -397 -5
3
2 -662 6
3
1 -207 1039
3
1 839 895
3
2 214 37
3
2 753 57
3
1 438 444
3
2 -770 56
3
2 -642 43
3
2 -535 -36
3
1 -193 35
3
1 -447 745
3
2 899 -20
3
2 -518 46
3
2 -4 25
3
2 903 -37
3
1 -895 825
3
2 -101 -64
3
1 986 448
3
2 -912 -29
3
2 -237 6
3
1 -978 464
3
2 -862 47
3
2 74 41
3
1 112 522
3
1 442 236
3
2 391 -40
3
2 858 -35
3
2 623 -40
3
2 -941 -27
3
2 -607 25
3
1 -311 250
3
2 311 49
3
2 -486 -22
3
2 -839 44
3
2 491 -29
3
2 671 -7
3
2 -887 4
3
2 -341 4
3
2 -384 -53
3
2 499 7
3
2 -446 29
3
2 -593 -54
3
2 -68 53
3
2 611 -56
3
1 928 790
3
2 248 -18
3
2 238 12
3
1 284 475
3
1 -677 975
3
2 540 38
3
2 -399 -37
3
2 138 -41
3
2 -760 2
3
2 -971 -55
3
1 131 242
3
2 -86 62
3
2 -208 41
3
1 -912 298
3
1 984 771
3
1 -582 578
3
2 442 -45
3
1 670 66
3
2 927 -18
3
1 -812 759
3
2 -774 55
3
1 507 451
3
2 116 12
3
2 240 -26
3
1 537 769
3
2 111 -13
3
2 -27 -8
3
1 703 686
3
2 170 -51
3
2 -669 35
3
2 -179 16
3
2 520 27
3
1 -886 1004
3
2 -62 -13
3
2 714 -18
3
2 766 44
3
1 121 91
3
2 430 -31
3
1 -732 625
3
2 -25 43
3
2 -983 -1
3
2 -913 43
3
2 -926 29
3
1 -206 749
3
1 848 791
3
2 658 30
3
2 -845 37
3
2 -659 -35
3
2 862 -33
3
2 34 -39
3
2 143 -55
3
1 -608 370
3
1 -177 927
3
1 -1008 544
3
2 -813 36
3
2 -592 -30
3
2 790 60
3
2 232 -24
3
1 999 792
3
2 187 -56
3
1 -313 279
3
1 345 977
3
2 -905 -12
3
2 -338 7
3
1 -578 490
3
1 -400 766
3
2 -61 27
3
1 48 34
3
2 356 -22
3
2 -380 -10
3
2 -650 -61
3
2 -925 1
3
2 956 26
3
2 993 -23
3
1 -1021 350
3
2 -651 23
3
1 -825 45
3
2 173 -26
3
2 659 -10
3
1 -42 710
3
2 665 12
3
2 874 29
3
2 -24 -58
3
2 867 -56
3
2 -534 -64
3
2 -942 1
3
2 586 54
3
2 -795 64
3
2 -241 -40
3
2 172 -29
3
2 631 -22
3
1 -201 261
3
2 582 57
3
2 537 -62
3
2 864 -27
3
2 -552 -7
3
2 498 -32
3
2 -656 -19
3
2 132 6
3
2 -880 -36
3
1 -487 170
3
2 660 -57
3
2 101 17
3
2 -185 -44
3
2 795 50
3
1 997 674
3
2 -744 -17
3
1 383 676
3
2 452 62
3
2 124 42
3
1 -132 25
3
2 -675 61
3
1 393 510
3
2 -26 53
3
2 -553 -17
3
1 -696 227
3
1 -375 238
3
2 -27 -9
3
2 64 36
3
1 169 166
3
2 -564 55
3
2 545 -39
3
2 734 55
3
2 72 55
3
2 633 -36
3
2 -305 -53
3
2 -732 53
3
2 -663 57
3
1 784 796
3
2 -359 54
3
1 -872 588
3
1 -220 814
3
2 -303 22
3
2 -1020 33
3
2 -1021 8
3
2 -22 53
3
2 412 49
3
2 49 33
3
2 -216 2
3
2 68 -63
3
2 514 -49
3
2 477 -61
3
2 -719 20
3
2 904 3
3
1 -314 959
3
2 -828 44
3
2 202 -34
3
2 865 -58
3
1 620 703
3
2 -469 63
3
1 -695 170
3
2 -623 14
3
2 -732 -56
3
2 736 1
3
2 -245 64
3
1 543 787
3
2 234 -23
3
2 -366 -36
3
1 128 520
3
2 -62 -15
3
1 756 418
3
2 683 -54
3
2 525 -43
3
2 1003 35
3
2 72 19
3
2 809 -19
3
2 118 23
3
2 460 15
3
2 -678 39
3
2 586 24
3
2 -290 -28
3
1 -744 730
3
2 727 46
3
2 840 -22
3
1 501 100
3
1 932 264
3
1 -743 885
3
1 287 300
3
2 790 -50
3
2 872 38
3
2 65 5
3
2 -277 15
3
2 246 -6
3
2 902 -42
3
2 -646 -29
3
2 479 18
3
2 -304 39
3
2 -711 -54
3
2 -84 18
3
1 -857 872
3
2 1006 -37
3
1 -910 237
3
2 -800 -50
3
2 -187 11
3
2 -631 2
3
2 1015 8
3
2 950 -63
3
2 829 5
3
2 -426 33
3
2 -930 -13
3
2 927 -60
3
2 -780 -57
3
1 -135 821
3
2 2 52
3
2 -41 43
3
1 237 558
3
1 233 412
3
2 226 39
3
2 1017 -49
3
1 322 677
3
2 -476 -29
3
2 -286 8
3
1 -922 311
3
2 -603 53
3
1 -475 389
3
2 -160 -47
3
2 -203 46
3
2 -396 7
3
2 85 -15
3
2 644 53
3
2 936 14
3
2 -594 34
3
1 267 629
3
1 156 234
3
1 937 682
3
2 953 -11
3
1 -317 764
3
1 -899 897
3
2 549 5
3
2 -497 -22
3
1 -869 1005
3
2 -153 64
3
2 360 59
3
1 23 258
3
2 885 -44
3
2 856 -64
3
2 687 -41
3
2 96 -62
3
1 -177 236
3
2 -140 -21
3
2 -1008 -48
3
2 -695 -52
3
1 -513 386
3
2 -358 -2
3
2 -835 -7
3
2 -369 -45
3
1 367 20
3
2 658 -46
3
2 620 29
3
2 850 -62
3
2 967 34
3
2 884 15
3
2 6 -37
3
2 -376 -15
3
2 920 37
3
1 -806 178
3
2 11 47
3
2 490 -41
3
1 -266 774
3
2 853 59
3
2 789 -29
3
1 -816 522
3
2 496 -44
3
1 -38 304
3
1 679 944
3
2 -54 21
3
1 -358 205
3
1 456 239
3
1 433 329
3
1 -91 713
3
2 -744 38
3
2 541 64
3
2 -519 -33
3
2 175 -46
3
2 -809 -40
3
2 303 33
3
1 70 269
3
1 -631 270
3
2 396 -4
3
1 -329 270
3
2 -930 -61
3
2 71 -23
3
2 484 -63
3
2 316 -15
3
2 -297 24
3
2 -948 26
3
2 -393 50
3
1 -159 928
3
2 244 -13
3
2 38 4
3
2 -435 -21
3
1 636 88
3
2 388 4
3
2 851 16
3
2 964 -57
3
2 -131 41
3
2 585 10
3
2 -319 8
3
2 173 35
3
2 -580 -38
3
2 405 -21
3
1 335 429
3
1 775 1034
3
2 182 44
3
2 -758 -11
3
1 -291 468
3
2 348 63
3
2 204 21
3
2 -328 -32
3
2 -342 -19
3
1 -165 223
3
2 -728 50
3
2 88 13
3
1 -818 30
3
2 -569 -18
3
2 27 -13
3
2 21 -6
3
2 -468 -20
3
2 -62 -49
3
2 -566 -34
3
2 618 -45
3
1 -17 16
3
2 725 -7
3
1 -354 66
3
1 -353 105
3
2 -870 -47
3
1 13 435
3
2 832 63
3
1 244 764
3
1 -554 299
3
2 -607 15
3
2 -20 -51
3
2 -1020 57
3
2 -270 -55
3
2 874 -22
3
1 630 76
3
2 -781 -30
3
2 -450 30
3
1 802 274
3
2 -426 36
3
2 -378 58
3
2 269 -32
3
2 -751 -9
3
2 -789 -52
3
2 -150 49
3
2 84 -63
3
2 452 -63
3
2 -562 -46
3
2 -352 41
3
2 -6 -62
3
2 -88 -57
3
2 -1006 -63
3
2 -216 61
3
2 -578 -15
3
2 627 9
3
1 -540 419
3
2 685 -24
3
2 -295 19
3
2 938 -38
3
1 -1008 2
3
1 486 251
3
2 -823 -28
3
1 168 910
3
2 -122 3
3
2 -426 -31
3
2 642 37
3
2 637 -53
3
2 -710 -7
3
2 -775 2
3
1 -293 454
3
2 -202 61
3
1 -881 72
3
1 1014 358
3
2 -905 61
3
1 -254 138
3
2 -769 4
3
2 -316 54
3
1 -1006 506
3
2 -838 37
3
2 860 -35
3
2 -17 11
3
1 30 1040
3
1 -7 385
3
1 -855 127
3
1 -531 489
3
2 568 34
3
1 364 782
3
2 568 49
3
2 -140 44
3
1 -310 208
3
1 75 328
3
2 987 56
3
2 -446 0
3
2 -982 2
3
1 793 386
3
2 -156 40
3
2 397 -57
3
2 15 -26
3
2 39 -62
3
1 -820 948
3
2 -805 28
3
2 -631 60
3
2 -667 2
3
2 -923 -36
3
2 769 -60
3
2 58 -43
3
1 -241 785
3
2 582 58
3
2 -529 26
3
2 -826 -48
3
2 -474 -6
3
1 510 808
3
1 -405 962
3
2 360 43
3
2 -99 -26
3
2 -265 -24
3
2 -593 10
3
2 -208 33
3
2 434 22
3
1 -856 518
3
1 736 7
3
2 160 10
3
2 966 -35
3
1 -879 654
3
2 815 -38
3
1 -843 450
3
2 -886 -26
3
1 -454 287
3
1 -46 807
3
1 379 838
3
1 1023 288
3
2 -454 8
3
2 949 -20
3
2 469 -9
3
2 768 61
3
2 -970 -64
3
2 -78 10
3
1 642 182
3
2 235 -64
3
2 221 1
3
1 -739 188
3
1 979 683
3
1 -775 743
3
1 -769 875
3
2 843 33
3
2 -649 -12
3
2 639 22
3
2 -1011 -49
3
2 -171 -7
3
2 -507 -16
3
2 200 -64
3
1 -900 663
3
1 -63 263
3
1 -419 155
3
2 224 -40
3
1 634 844
3
1 -546 537
3
1 -103 35
3
2 996 20
3
1 656 898
3
1 793 660
3
1 381 238
3
1 502 321
3
2 57 32
3
1 -999 923
3
2 665 -45
3
1 493 461
3
2 -58 -26
3
2 166 60
3
2 -136 -15
3
2 793 58
3
2 676 -51
3
2 -533 -35
3
2 1003 14
3
2 415 27
3
2 -941 -34
3
2 -641 19
3
2 -96 7
3
2 -315 58
3
2 65 -19
3
2 -998 -56
3
1 -231 968
3
2 -71 -33
3
2 -68 54
3
2 -130 -3
3
2 992 -60
3
2 346 -55
3
2 459 1
3
2 203 -13
3
2 -451 -29
3
2 -335 21
3
2 -191 -24
3
1 -664 652
3
2 798 -39
3
1 -359 886
3
2 -12 -14
3
1 457 713
3
2 -1023 44
3
2 102 -57
3
1 923 307
3
2 280 -59
3
2 -522 -63
3
2 217 58
3
2 427 -46
3
2 87 -47
3
2 124 9
3
2 621 24
3
2 937 -40
3
2 464 -8
3
2 -602 1
3
2 878 16
3
2 320 45
3
2 568 -37
3
2 -499 43
3
2 636 18
3
1 -766 37
3
2 -128 62
3
2 -691 7
3
2 53 -46
3
2 -254 -38
3
2 1010 58
3
1 -77 652
3
1 906 553
3
2 219 -30
3
2 -826 -10
3
2 483 24
3
2 -987 -24
3
1 -169 269
3
1 376 863
3
2 -785 -59
3
1 854 942
3
2 -572 19
3
2 -465 39
3
2 -143 -3
3
2 -205 31
3
2 973 29
3
2 -583 50
3
2 -665 -61
3
2 126 -46
3
2 717 31
3
2 -6 -31
3
2 -141 -32
3
2 631 0
3
2 -194 -36
3
2 981 -33
3
2 695 -46
3
2 -281 42
3
2 -539 -39
3
2 -258 41
3
2 616 42
3
2 -222 -24
3
1 801 899
3
2 21 19
3
1 905 347
3
1 600 205
3
2 839 -14
3
2 570 58
3
2 -682 31
3
2 1011 4
3
2 -633 45
3
2 -766 22
3
1 442 327
3
2 370 -9
3
2 89 25
3
2 -31 -39
3
1 829 112
3
2 55 -57
3
1 138 706
3
2 925 -27
3
2 -20 -16
3
2 -443 59
3
2 -861 -43
3
1 -393 1028
3
1 -455 777
3
2 -217 3
3
2 276 -42
3
2 -328 24
3
2 -774 49
3
2 449 42
3
2 520 -21
3
2 57 -34
3
1 885 445
3
2 -805 -33
3
2 -894 -22
3
2 -14 32
3
2 -639 -22
3
2 632 -6
3
2 782 -54
3
2 667 57
3
2 -239 0
3
1 -8 50
3
1 -943 913
3
2 471 22
3
2 1018 39
3
2 -749 -36
3
2 -765 62
3
2 777 51
3
2 -169 -62
3
2 635 -42
3
1 -1011 419
3
2 -3 36
3
2 -883 -1
3
2 -415 -63
3
1 1010 188
3
2 -138 -21
3
2 -491 -34
3
2 229 -27
3
1 668 606
3
2 53 20
3
2 369 4
3
2 -938 -37
3
1 -224 724
3
1 -703 612
3
2 405 35
3
1 158 331
3
2 591 18
3
2 -471 14
3
1 676 574
3
2 -820 -48
3
2 -707 25
3
1 778 69
3
2 552 -10
3
2 -791 -24
3
2 806 5
3
2 -297 50
3
1 271 150
3
2 -814 -24
3
2 -727 -31
3
2 362 -39
3
2 16 -18
3
2 296 -19
3
2 174 34
3
1 817 437
3
1 785 321
3
2 -449 -15
3
2 562 30
3
1 -770 974
3
2 905 -49
3
2 620 -9
3
1 -547 987
3
2 -691 44
3
1 786 1011
3
1 -949 575
3
1 572 763
3
2 -394 -16
3
2 -614 -55
3
2 1015 23
3
1 -77 931
3
1 372 917
3
1 -1020 930
3
2 -349 -36
3
2 -424 -41
3
2 331 54
3
2 -411 54
3
2 -820 4
3
2 -681 20
3
1 -235 365
3
2 -297 -58
3
2 969 34
3
2 -687 -45
3
2 386 0
3
2 386 -51
3
2 -1 21
3
2 555 2
3
2 -748 -37
3
2 -260 -53
3
2 20 47
3
2 858 -5
3
2 598 -64
3
2 -140 46
3
1 145 93
3
2 -261 41
3
2 -61 -30
3
2 821 -43
3
1 908 912
3
2 -707 -57
3
2 -538 -17
3
2 -645 -29
3
2 -592 0
3
2 1017 -1
3
2 -422 53
3
2 -138 52
3
2 934 20
3
2 -974 -46
3
2 -638 -60
3
2 -415 62
3
2 40 2
3
1 -535 503
3
2 -386 -26
3
2 943 -26
3
2 715 -14
3
1 -684 171
3
2 -819 -22
3
1 -202 981
3
1 -841 854
3
1 615 550
3
2 -192 -19
3
2 -680 -42
3
2 -505 -33
3
1 933 232
3
2 420 20
3
2 -876 -6
3
1 -141 504
3
2 513 -42
3
2 -653 4
3
2 -172 -51
3
2 -286 -61
3
2 3 4
3
2 49 50
3
2 284 14
3
1 702 878
3
2 -658 -33
3
1 678 299
3
1 521 1027
3
1 457 496
3
2 360 -30
3
1 841 359
3
2 913 -45
3
1 43 792
3
2 -107 30
3
2 382 10
3
2 687 -39
3
2 124 28
3
2 436 -19
3
1 907 222
3
2 185 20
3
2 933 22
3
2 912 -32
3
2 976 11
3
2 110 59
3
2 -754 32
3
2 341 12
3
2 -554 43
3
2 -1020 -60
3
2 481 -24
3
2 222 -39
3
2 592 29
3
2 282 63
3
1 317 767
3
1 -277 599
3
2 832 47
3
1 -265 1018
3
1 386 31
3
1 -636 657
3
1 775 216
3
1 979 245
3
2 -689 -44
3
1 -827 661
3
2 -58 -60
3
2 635 -21
3
1 -390 529
3
1 322 326
3
2 385 -40
3
2 -590 60
3
2 -117 -54
3
1 -877 934
3
2 -634 -55
3
2 -1018 -54
3
2 -93 54
3
2 -467 -51
3
2 -1007 14
3
2 -417 -44
3
2 -918 -26
3
2 -502 46
3
2 -189 38
3
2 1013 -18
3
1 764 539
3
2 -854 10
3
2 536 49
3
2 -894 -51
3
2 -299 57
3
2 78 -32
3
2 485 -1
3
2 283 36
3
1 -652 579
3
2 1016 -37
3
1 -392 112
3
2 -956 8
3
2 -990 -59
3
1 984 804
3
2 -34 37
3
2 -847 -3
3
1 -622 676
3
2 1 11
3
1 946 469
3
2 -980 -23
3
2 519 -42
3
1 711 64
3
2 113 -25
3
2 682 18
3
2 -611 -14
3
2 -163 -26
3
1 584 770
3
2 -825 53
3
2 232 26
3
2 490 7
3
2 964 28
3
1 -145 289
3
2 -618 21
3
2 595 36
3
1 -987 579
3
2 -541 5
3
1 987 586
3
2 496 -58
3
2 -196 31
3
2 820 23
3
2 976 -64
3
1 -635 933
3
2 -357 -57
3
2 818 -22
3
2 802 25
3
2 -953 -64
3
1 853 166
3
1 -36 291
3
2 -34 0
3
1 268 556
3
1 403 351
3
2 -648 -16
3
2 901 -15
3
2 -474 -19
3
1 -504 266
3
1 -314 908
3
2 -66 -5
3
2 -715 60
3
2 1014 54
3
2 230 61
3
2 495 30
3
2 726 29
3
2 775 58
3
2 26 57
3
2 610 -4
3
2 -510 61
3
2 -289 48
3
2 -814 4
3
2 461 39
3
2 -759 -8
3
1 443 373
3
2 -78 49
3
2 115 -41
3
2 -872 -37
3
2 342 -43
3
2 -54 31
3
1 -962 428
3
1 -506 72
3
2 -258 42
3
2 772 7
3
2 -220 41
3
2 240 51
3
2 -543 -60
3
2 -132 24
3
2 -539 -56
3
2 295 -54
3
2 -1019 -16
3
2 575 -28
3
2 -759 34
3
2 -422 31
3
2 -234 -58
3
2 -210 6
3
2 373 36
3
1 755 761
3
2 962 -14
3
2 -958 64
3
2 -905 12
3
2 -193 64
3
2 365 21
3
2 716 -13
3
2 615 10
3
2 1016 -16
3
2 -721 14
3
2 -382 -15
3
1 136 831
3
2 662 -31
3
2 -906 -31
3
2 -409 36
3
2 622 -26
3
2 393 18
3
1 -324 204
3
1 299 567
3
2 -58 27
3
2 109 -25
3
2 158 1
3
2 -964 -30
3
2 -401 28
3
2 -708 -58
3
2 -286 22
3
2 -919 -35
3
2 44 -7
3
2 -191 -23
3
2 725 -14
3
2 605 -17
3
2 -309 -56
3
2 996 40
3
2 999 5
3
2 -692 43
3
1 852 297
3
2 -662 29
3
1 -933 191
3
1 -883 709
3
1 1016 983
3
2 458 32
3
1 133 62
3
1 -846 990
3
2 232 -45
3
2 -101 -1
3
2 -205 -49
3
2 -482 -31
3
2 484 16
3
2 322 -19
3
2 867 1
3
1 -1013 434
3
1 939 1037
3
2 -292 43
3
1 -36 13
3
2 -741 34
3
2 -555 47
3
2 -276 -11
3
2 -311 2
3
2 -102 13
3
1 -867 715
3
2 682 45
3
2 537 26
3
2 -72 8
3
2 875 -49
3
2 -235 52
3
2 516 32
3
2 396 -35
3
2 -746 -48
3
2 255 2
3
2 -557 -34
3
1 -116 851
3
2 -15 50
3
2 905 -10
3
2 -251 -46
3
1 335 537
3
2 512 37
3
2 -948 -39
3
2 83 17
3
1 1014 770
3
2 -905 13
3
2 -197 63
3
2 -948 4
3
2 341 6
3
2 -208 45
3
2 444 49
3
1 -495 103
3
2 7 -55
3
2 135 2
3
1 604 786
3
2 800 -22
3
2 -146 -25
3
2 1011 25
3
2 -828 -23
3
2 925 8
3
2 997 13
3
2 690 -21
3
2 7 -7
3
2 -143 -45
3
2 518 4
3
2 195 -53
3
1 380 844
3
2 957 -1
3
2 886 -21
3
2 -463 42
3
1 -269 219
3
1 -246 731
3
2 -905 25
3
1 -122 410
3
2 -375 -52
3
2 888 33
3
1 -825 259
3
2 -588 -28
3
1 651 697
3
1 159 655
3
1 801 916
3
2 973 31
3
2 -333 -39
3
2 -37 -15
3
1 460 748
3
2 224 -11
3
2 56 17
3
2 -703 19
3
1 494 1039
3
1 -766 324
3
2 -485 58
3
2 796 -11
3
2 693 -58
3
1 -785 35
3
1 -197 1000
3
2 -99 -18
3
2 -295 34
3
2 619 -10
3
2 525 43
3
2 822 -23
3
1 22 509
3
2 -95 -63
3
2 -800 -60
3
1 -949 546
3
2 361 4
3
2 704 21
3
2 970 2
3
2 -693 -37
3
2 -261 -51
3
2 -159 22
3
2 286 -17
3
2 -175 -47
3
2 968 27
3
2 -204 -34
3
1 -653 503
3
2 591 59
3
1 680 963
3
2 694 8
3
1 -71 568
3
2 -608 -44
3
1 365 518
3
2 -197 14
3
1 -474 888
3
1 -799 467
3
2 606 19
3
2 468 29
3
2 -798 54
3
2 -926 54
3
2 190 -45
3
2 -1023 -7
3
2 -670 -57
3
1 246 998
3
2 -931 -55
3
2 -903 -15
3
1 -108 276
3
2 -232 -58
3
1 964 565
3
2 352 27
3
2 314 39
3
2 -438 62
3
2 500 27
3
1 -172 403
3
2 443 -39
3
2 239 22
3
2 -986 -62
3
2 210 -23
3
1 322 28
3
2 -995 23
3
2 26 -9
3
2 -272 -19
3
2 64 -12
3
2 375 -2
3
2 975 -32
3
1 -145 178
3
2 -712 -16
3
2 392 31
3
2 -461 -34
3
2 -485 26
3
2 -93 -48
3
2 -120 3
3
1 974 932
3
2 -556 26
3
2 -365 -56
3
2 615 10
3
2 -567 -1
3
2 591 34
3
1 -242 724
3
2 -565 51
3
1 -26 158
3
2 -361 -31
3
2 -471 33
3
2 656 -41
3
2 800 60
3
1 -109 994
3
2 216 23
3
2 278 -26
3
2 286 -12
3
2 -974 -25
3
1 625 173
3
1 -524 29
3
2 428 27
3
1 -40 76
3
1 1008 879
3
2 961 50
3
1 -838 308
3
1 -1003 506
3
1 -168 524
3
2 -329 -17
3
2 -949 44
3
1 442 146
3
2 -888 -17
3
1 133 915
3
2 -636 -50
3
2 -487 -30
3
1 681 522
3
2 -770 -46
3
1 360 700
3
2 -268 -27
3
2 -659 28
3
2 699 -50
3
2 -143 47
3
1 -581 174
3
2 552 -22
3
1 983 354
3
2 -934 -26
3
2 139 -20
3
1 895 684
3
2 83 -7
3
2 -199 -52
3
1 -862 566
3
1 131 1
3
2 646 -6
3
2 -894 -64
3
2 -920 -46
3
2 504 9
3
2 493 -2
3
2 90 -18
3
2 666 9
3
2 -670 -11
3
2 -258 38
3
2 809 29
3
2 -409 -7
3
2 -703 -33
3
2 -710 -43
3
2 -917 -10
3
2 382 -44
3
2 -146 -6
3
1 -90 262
3
1 -743 340
3
2 -204 8
3
2 178 8
3
2 259 -62
3
2 -30 -13
3
2 -649 -51
3
2 922 -25
3
1 -863 107
3
1 795 447
3
2 -893 64
3
2 -721 37
3
2 87 24
3
2 -869 59
3
2 640 23
3
1 650 718
3
2 828 59
3
1 -260 269
3
1 -60 758
3
2 -641 54
3
2 136 -1
3
1 -647 577
3
2 -77 13
3
2 53 -29
3
2 552 13
3
2 497 -60
3
2 -813 40
3
1 -1015 799
3
2 -1 -56
3
2 -464 64
3
2 -500 -29
3
2 313 -30
3
2 208 -48
3
1 5 92
3
2 394 -9
3
2 609 -13
3
2 -916 18
3
2 291 -38
3
2 -481 -22
3
2 513 -14
3
2 -541 -2
3
2 -951 21
3
2 611 13
3
2 -891 -53
3
2 -691 61
3
2 -711 45
3
2 725 -53
3
2 345 27
3
2 964 -50
3
2 -42 -52
3
2 274 3
3
2 -3 49
3
2 17 -62
3
1 258 661
3
1 772 1015
3
2 574 18
3
2 -862 61
3
1 772 430
3
1 364 660
3
2 -39 38
3
2 636 58
3
2 -673 -33
3
2 957 57
3
2 613 -58
3
2 860 53
3
2 -469 59
3
2 -716 2
3
1 228 957
3
1 -932 116
3
1 445 523
3
2 -762 -56
3
2 -485 41
3
2 837 12
3
2 -283 48
3
2 -126 39
3
1 616 383
3
1 720 764
3
1 -114 981
3
2 -4 15
3
1 -547 456
3
2 264 43
3
2 -371 -38
3
1 -919 922
3
1 175 931
3
1 606 243
3
2 -391 -38
3
2 321 27
3
2 853 -37
3
2 954 63
3
2 -39 -5
3
1 -114 110
3
1 850 679
3
2 645 50
3
2 739 -2
3
2 208 9
3
2 -600 -50
3
2 407 -63
3
2 975 36
3
1 821 468
3
2 -987 -33
3
2 -418 14
3
2 -284 29
3
2 -558 -29
3
1 -914 1000
3
1 413 94
3
1 -802 882
3
1 -356 496
3
2 -91 -29
3
2 390 -27
3
2 -453 -50
3
1 -94 264
3
2 -316 -44
3
2 -467 -26
3
1 -441 980
3
2 961 10
3
2 247 14
3
2 99 17
3
2 -698 -36
3
1 -779 107
3
2 -215 62
3
2 -581 -12
3
2 -968 -8
3
2 -13 54
3
2 367 22
3
2 399 -50
3
2 290 48
3
2 979 57
3
2 309 -15
3
2 281 55
3
2 -333 64
3
2 -983 45
3
1 473 418
3
2 165 -48
3
2 98 6
3
2 892 -47
3
2 913 -42
3
2 -130 -49
3
1 993 545
3
2 605 62
3
2 -392 -6
3
1 -915 541
3
1 479 871
3
2 -624 -18
3
2 -593 -60
3
1 -383 145
3
2 967 47
3
2 -906 -46
3
2 244 -14
3
2 646 58
3
2 -480 -12
3
1 -274 27
3
1 -342 166
3
1 -116 375
3
1 390 92
3
2 7 28
3
2 -354 40
3
2 620 57
3
2 324 -48
3
2 -422 15
3
2 200 -14
3
2 320 -13
3
2 -20 -11
3
2 165 -20
3
2 -498 -16
3
2 139 -64
3
2 406 -35
3
1 703 74
3
2 -636 -27
3
2 -57 -16
3
2 482 2
3
1 -436 281
3
2 373 31
3
1 826 571
3
1 812 414
3
2 -263 52
3
1 803 919
3
2 -144 60
3
2 87 -57
3
2 716 16
3
2 -173 7
3
1 526 156
3
2 491 -28
3
2 915 55
3
2 -366 -22
3
2 -402 -19
3
2 815 36
3
2 881 -28
3
2 -96 48
3
1 257 52
3
2 1006 54
3
2 300 -24
3
1 509 107
3
1 588 505
3
2 -834 -8
3
2 355 9
3
2 -317 -48
3
2 629 -29
3
2 -201 -19
3
2 -883 13
3
2 64 -15
3
2 -466 -52
3
2 166 44
3
2 284 -35
3
2 714 13
3
2 218 54
3
1 -443 253
3
2 560 43
3
1 -1017 556
3
1 37 29
3
1 -175 514
3
1 225 367
3
1 225 203
3
2 -709 -22
3
2 -636 12
3
2 588 -45
3
2 -511 -18
3
2 -47 55
3
2 814 -48
3
2 950 44
3
2 106 -2
3
2 -712 60
3
1 -692 356
3
2 162 -13
3
2 389 -36
3
2 693 -16
3
1 -621 415
3
2 -284 -10
3
2 284 20
3
2 370 -4
3
2 -909 -13
3
2 96 42
3
2 871 44
3
2 -981 -44
3
2 -564 -55
3
2 -750 -50
3
1 214 784
3
2 861 -18
3
2 -810 -9
3
2 -694 19
3
1 734 303
3
2 -287 41
3
2 566 8
3
2 956 60
3
2 175 -33
3
2 -878 -59
3
2 435 -6
3
2 -496 35
3
2 380 46
3
2 -220 43
3
2 702 -1
3
2 -335 -34
3
2 -457 -59
3
2 -356 -1
3
2 130 64
3
2 876 19
3
2 528 41
3
1 -513 22
3
2 32 -61
3
1 -628 213
3
2 -73 -18
3
2 275 -36
3
2 2 -2
3
1 -24 1037
3
1 -782 514
3
1 237 522
3
1 746 463
3
2 958 -58
3
2 -827 -61
3
1 -297 759
3
2 830 23
3
2 -299 -14
3
2 -896 -23
3
2 -395 60
3
2 -401 -26
3
1 -740 795
3
2 271 34
3
1 -6 97
3
2 1006 -56
3
2 100 35
3
2 -381 -36
3
2 -760 60
3
1 -349 364
3
2 908 33
3
2 -419 -13
3
2 411 53
3
2 175 56
3
1 938 425
3
2 -374 30
3
2 -657 -39
3
2 485 36
3
1 -606 323
3
2 955 -16
3
2 559 -60
3
2 744 12
3
2 -810 17
3
2 746 26
3
2 523 43
3
2 1016 -48
3
2 -140 7
3
1 858 849
3
1 741 117
3
2 -791 55
3
2 -22 -38
3
2 603 -45
3
2 683 -41
3
2 -10 30
3
2 -180 14
3
2 678 -46
3
2 498 -21
3
2 403 58
3
2 13 -45
3
2 -920 52
3
2 840 -26
3
2 -458 -59
3
2 -111 10
3
1 -780 793
3
2 270 -37
3
1 -120 26
3
2 -788 -22
3
2 170 23
3
2 165 -19
3
2 642 -58
3
2 -519 -30
3
1 315 61
3
2 -723 2
3
2 -345 34
3
2 660 -18
3
2 764 -47
3
2 983 -45
3
2 154 51
3
2 -866 29
3
1 200 641
3
2 514 44
3
2 -460 -48
3
2 -69 -55
3
2 -192 47
3
1 -837 358
3
2 887 25
3
2 25 -2
3
2 -876 40
3
2 122 7
3
2 -554 56
3
2 275 28
3
1 887 750
3
2 823 -24
3
2 997 31
3
2 116 57
3
2 -13 -32
3
2 -23 -56
3
2 -190 29
3
2 -857 44
3
2 702 27
3
2 -1017 -9
3
1 -899 890
3
2 -167 31
3
1 968 211
3
2 -399 25
3
2 -24 -49
3
2 809 -44
3
2 521 43
3
1 802 584
3
