60
-8 346
1 629
-17 915
11 -47
19 663
-24 -380
-23 -19
20 703
-23 -694
-4 -51
9 830
-23 -207
12 -114
-22 -18
-8 784
20 -18
24 -867
15 13
4 116
-10 280
1 840
-27 431
-15 -988
25 874
-24 -503
27 386
-24 -52
-19 -507
25 -750
-8 88
5 162
-28 -886
3 -856
7 -658
-18 -907
-2 551
-1 -478
-6 -271
0 66
-20 950
10 -111
-2 401
-18 -535
10 -329
-24 -119
-4 798
-17 340
-21 -663
-9 -448
26 -232
18 350
-10 -398
32 789
-30 966
-26 -66
-23 -607
-9 -847
4 -340
-12 200
17 -105
3
1 -399 30
3
2 965 7
3
2 -63 -1
3
2 217 -44
3
1 23 11
3
1 -725 48
3
1 130 0
3
2 547 26
3
1 340 43
3
2 -484 -9
3
1 -915 51
3
2 -279 -41
3
2 719 -61
3
1 -628 44
3
1 935 30
3
1 321 48
3
1 -864 17
3
1 -646 17
3
2 -762 16
3
2 -211 -25
3
1 235 19
3
2 -675 36
3
2 -468 -32
3
2 -105 -19
3
2 85 -42
3
2 -810 -23
3
2 -897 48
3
2 784 15
3
2 981 -1
3
1 378 4
3
2 -669 -36
3
2 2 -37
3
2 793 27
3
2 -406 -55
3
2 205 4
3
2 602 -57
3
2 -453 50
3
2 -269 -16
3
2 676 -27
3
2 -863 8
3
2 -761 25
3
2 579 64
3
2 -706 19
3
2 -825 23
3
2 618 33
3
1 -50 16
3
2 -462 6
3
2 -968 32
3
2 858 -19
3
1 157 47
3
2 815 54
3
1 1020 33
3
2 -930 -49
3
2 -891 -12
3
2 -506 9
3
2 -715 27
3
2 746 -38
3
2 -94 48
3
2 -402 -31
3
2 290 46
3
1 824 49
3
2 -1007 -34
3
2 -77 -8
3
2 -717 -60
3
2 765 -52
3
2 -547 61
3
1 558 20
3
1 554 39
3
2 708 -24
3
1 -351 18
3
1 -415 36
3
2 781 -16
3
2 741 25
3
2 -217 -48
3
2 -868 -18
3
2 942 -47
3
2 -984 -1
3
1 576 46
3
2 -470 -55
3
2 834 -5
3
2 35 62
3
2 -3 -11
3
2 203 -49
3
1 -789 55
3
2 -285 47
3
2 696 40
3
2 -608 27
3
1 133 35
3
2 -248 10
3
2 408 23
3
2 856 31
3
2 -644 11
3
2 -487 -29
3
2 -799 -10
3
2 -762 49
3
2 390 39
3
2 -964 -43
3
1 344 14
3
2 -255 61
3
2 -4 -33
3
1 234 48
3
2 44 -1
3
2 -306 1
3
2 -75 7
3
2 8 18
3
2 -926 -41
3
2 -397 -32
3
2 99 -37
3
1 -912 35
3
1 198 26
3
2 -347 9
3
2 560 36
3
2 357 12
3
1 783 54
3
2 -488 -16
3
1 -668 54
3
2 -597 18
3
1 -372 51
3
2 -885 -35
3
2 -847 24
3
2 -362 -63
3
2 -624 -56
3
1 -227 34
3
2 -172 -52
3
2 793 26
3
2 367 64
3
2 990 30
3
2 -865 -47
3
2 -755 42
3
2 551 34
3
1 1001 56
3
1 829 52
3
2 -945 -13
3
2 -18 -44
3
2 463 28
3
2 -519 27
3
2 719 -31
3
2 196 15
3
2 -453 62
3
1 -90 28
3
2 969 -56
3
2 330 58
3
2 -424 18
3
2 -423 21
3
2 91 -49
3
2 -393 -29
3
1 -495 39
3
2 -813 -37
3
2 -181 22
3
2 3 59
3
