47
18 155
19 465
3 150
27 330
15 739
10 967
26 261
29 174
31 322
16 468
19 441
16 55
32 750
11 520
31 694
28 368
16 527
1 18
4 155
27 274
29 772
24 374
8 181
3 134
22 723
25 648
11 905
30 970
22 520
17 564
29 461
4 12
27 740
29 638
30 375
16 762
26 103
15 129
27 658
7 784
4 863
23 494
7 85
23 348
28 904
16 793
20 819
3
2 302 22
3
1 939 21
3
2 826 12
3
1 929 10
3
1 187 2
3
2 971 46
3
2 353 27
3
2 437 18
3
2 17 25
3
2 809 44
3
1 588 46
3
2 396 3
3
2 579 61
3
2 883 29
3
2 291 23
3
2 986 33
3
2 495 2
3
2 746 54
3
2 321 6
3
2 807 46
3
2 63 58
3
2 876 5
3
1 43 33
3
1 373 29
3
1 953 20
3
2 391 53
3
2 66 35
3
1 472 16
3
2 1023 13
3
2 574 51
3
2 488 50
3
2 42 29
3
2 175 8
3
2 687 60
3
2 460 52
3
1 703 37
3
1 338 20
3
2 743 19
3
2 305 18
3
2 64 15
3
1 829 3
3
2 115 32
3
2 366 14
3
2 111 61
3
1 232 13
3
1 1021 17
3
2 389 23
3
1 880 14
3
2 166 45
3
1 616 45
3
2 988 41
3
1 322 6
3
1 516 12
3
2 589 55
3
2 913 30
3
1 393 27
3
2 443 31
3
1 103 25
3
1 870 3
3
2 694 26
3
2 149 53
3
2 745 54
3
1 477 18
3
1 543 20
3
2 604 22
3
1 97 38
3
2 746 24
3
2 842 63
3
1 103 27
3
2 880 26
3
2 165 46
3
1 834 15
3
2 955 51
3
2 891 17
3
2 754 44
3
2 774 12
3
2 947 54
3
1 639 34
3
2 727 37
3
2 354 20
3
2 133 56
3
1 29 14
3
2 363 52
3
2 625 46
3
2 379 31
3
2 539 36
3
2 472 23
3
2 620 21
3
2 63 43
3
2 693 12
3
2 132 17
3
2 576 45
3
2 721 23
3
2 21 7
3
2 40 2
3
2 359 28
3
2 50 51
3
2 881 30
3
2 623 28
3
2 402 16
3
2 72 19
3
2 821 18
3
2 412 35
3
1 821 25
3
2 892 30
3
2 354 5
3
2 1003 54
3
1 714 2
3
2 125 21
3
2 986 38
3
2 579 45
3
2 60 33
3
2 482 60
3
2 158 49
3
2 736 44
3
2 548 13
3
2 130 55
3
2 979 64
3
2 641 60
3
2 202 22
3
2 355 24
3
2 207 20
3
2 332 53
3
2 427 18
3
