1014
-17 -931
-8 557
-10 752
29 68
1 -687
-1 -931
-32 725
16 353
-31 -333
7 -69
21 893
2 -602
23 387
-32 -543
-19 -98
-27 -803
6 803
24 -892
14 341
-31 -365
14 -300
10 725
31 -887
7 1018
31 538
17 576
9 455
-12 -499
21 -442
-4 867
26 -565
1 992
32 329
-1 255
-16 -724
27 836
-31 -895
16 -87
31 -947
-29 -953
8 343
17 -515
-27 -404
22 103
-5 504
-32 -874
22 -504
24 688
29 730
3 1007
27 832
-18 6
-28 331
-32 204
-9 -688
-31 -513
24 923
-13 965
23 7
27 185
-4 1012
10 450
-1 -59
-24 845
28 32
12 -860
-20 -403
23 801
27 -936
-11 -688
26 256
-16 592
-23 -180
18 160
16 -449
-9 339
9 -343
-2 -978
7 -634
5 781
-13 -330
-3 263
-20 -934
17 -293
-23 532
-7 -934
-1 378
24 -83
-14 191
11 26
-12 422
-18 305
-25 641
-26 -323
-10 -294
-13 -82
30 378
-21 692
-30 219
-11 134
-29 -583
-15 -511
-6 -118
-21 -7
17 -5
17 327
30 383
-27 496
15 471
22 -505
25 630
17 -447
26 105
-29 451
25 -894
-22 -974
-25 296
0 879
6 482
-15 763
6 891
1 893
-30 -327
10 249
22 -1000
23 833
9 -332
8 637
4 -394
1 97
-27 135
-5 -716
-22 -314
18 -927
8 -502
-21 132
-23 926
21 125
-11 365
-32 -283
32 630
29 -493
0 -600
-16 71
-16 -305
2 -233
0 -710
4 774
28 -274
-3 -856
-2 -318
21 124
-12 302
23 -331
-24 -913
24 32
15 -63
22 527
-9 -316
-8 391
24 -771
-32 -791
27 -790
-30 -455
29 -171
-8 721
-25 14
-29 631
23 -955
-24 -554
18 199
-22 -102
21 -983
19 -16
-28 1023
22 641
-26 533
-13 -716
-5 -167
24 -809
23 -434
23 -315
0 244
-1 920
22 617
-9 -530
10 -156
-21 951
1 305
11 635
-20 -740
4 43
-8 -924
-10 -464
-16 204
-18 -917
-1 687
-22 375
-30 -916
-10 733
-15 -388
4 -1021
-17 83
-6 877
18 864
-7 178
7 738
-14 -82
24 -452
19 -765
24 742
-14 35
-21 -865
-8 311
-27 -345
-22 481
-5 -802
-11 -766
-2 -610
0 180
22 -426
-18 378
24 579
-4 127
-20 -250
24 392
-12 -271
-3 -129
9 -701
17 -869
2 -311
-24 782
11 -928
13 728
-17 127
-7 -773
-27 -783
3 14
-23 -99
13 435
-17 -498
-4 654
18 -284
-24 143
17 708
-22 18
23 -602
-12 -716
20 815
10 -508
-17 920
-21 -893
15 374
-12 -68
14 -227
-15 -74
8 -343
6 -982
12 -944
20 437
8 996
17 673
-12 -283
-32 -624
-23 480
-18 -62
19 149
16 -513
-24 726
-5 797
-25 299
21 797
-2 -234
-24 -671
-22 -512
6 -902
32 733
-13 878
1 -273
-1 -554
-30 147
-27 -442
-25 477
-8 818
28 -1024
-28 676
2 801
17 768
-8 -249
-21 -612
28 375
-12 -278
-21 305
-14 22
30 -682
-9 751
-1 388
22 -240
-12 -135
23 -1007
-30 655
-15 -347
24 -396
8 -27
31 -507
18 642
8 408
25 976
17 965
0 -280
27 465
14 -253
-10 -758
-32 692
21 596
25 -514
19 -135
-2 658
-17 584
28 -664
28 504
-21 -568
21 855
-6 89
-17 -131
-12 565
23 792
4 -350
11 330
25 -859
-2 27
-9 127
-32 327
29 -126
32 -633
0 475
7 -812
1 783
18 -710
-29 -187
25 -856
-23 -506
0 -848
27 -543
-10 -514
12 407
10 -214
-26 -594
30 807
25 1023
31 538
27 45
-25 -132
-28 281
-8 -349
26 366
6 984
-32 779
22 -996
-15 -382
18 -654
-31 564
-27 560
-28 -755
-19 -239
-31 -508
-7 -283
20 538
-7 364
-6 280
-29 -624
-27 858
-6 506
16 497
-29 -176
-2 -977
-31 140
-14 351
8 -443
-19 18
-9 -135
-31 130
-21 -954
-13 704
16 -51
-6 -575
-28 92
-2 198
5 -129
17 619
-15 -728
-1 -624
14 -770
-3 112
-22 -676
-20 666
26 151
-12 819
-25 -74
13 656
-8 -568
13 225
8 363
28 122
-6 -420
25 440
28 896
-31 825
-21 -456
-30 -576
-21 -470
27 617
2 -651
-20 927
28 -115
0 -337
-31 -386
17 378
-7 310
26 723
-5 217
0 -747
-22 980
-27 -299
-32 1016
16 -97
-7 -273
-13 739
29 930
6 -111
-6 -849
-18 -380
-10 -561
-24 -233
14 -527
3 -362
19 -908
2 -735
5 1018
-9 -942
18 140
20 -494
19 -8
-25 480
8 -138
10 -312
23 432
1 340
24 330
29 -893
13 596
17 -507
4 197
2 272
30 -227
20 175
-32 340
27 -221
18 -75
6 -282
19 -909
-2 850
-23 -774
21 -606
13 -241
10 -642
-15 319
27 43
15 -342
-29 194
-8 -866
-2 -145
1 561
-18 830
-3 917
15 785
-25 -46
26 44
-16 -762
-12 -753
0 500
-9 889
-6 -495
12 -714
19 735
25 -383
9 872
6 367
16 -383
-2 382
10 -816
0 543
-2 753
-30 -659
-23 24
12 525
-10 778
1 -705
-8 296
28 469
32 622
-10 -637
-20 -443
20 878
18 415
-19 -291
3 377
-19 -240
-24 838
16 -416
7 -775
32 874
1 -527
16 -739
12 799
-27 -737
2 -696
-11 865
-7 405
12 84
-2 -584
7 930
10 44
-30 -614
-26 -722
-25 -305
-16 -922
14 -470
6 738
13 881
-23 569
-32 -629
-17 819
-6 -754
0 -70
23 -5
-28 -365
-32 -349
-11 -434
4 -976
23 56
-21 -92
18 -713
26 246
-10 277
13 24
-6 -778
-19 -818
-28 -881
-9 -784
18 -193
6 443
16 -375
8 -368
10 -868
4 596
22 960
11 883
12 454
-30 272
-18 719
5 41
0 -309
-10 494
-3 -812
-20 419
32 970
-24 997
-5 -580
25 298
27 -715
9 300
-17 -139
-5 492
30 -761
31 -490
-17 -476
23 411
-8 310
-10 586
30 -923
-25 -484
-8 842
15 -383
-32 -907
28 862
-26 809
15 671
28 -728
-14 985
8 391
-25 517
23 45
6 -359
-20 295
-27 877
2 -305
-24 444
0 906
14 799
0 -536
-3 425
-14 -251
28 -595
-10 723
-22 -932
-1 -652
25 -1021
-17 513
5 261
-2 896
8 -844
28 -518
27 -410
9 -852
30 387
-11 1
17 -604
10 372
25 308
27 216
-31 -353
-13 -527
18 -531
-6 -706
-30 -742
-30 868
27 -757
-4 -450
-5 226
2 -778
-17 -641
23 -111
2 1022
13 629
5 843
-4 -320
-27 921
2 -885
-11 -860
-20 120
23 -377
-28 909
-18 -712
9 260
9 -844
-25 -897
-27 754
25 343
2 789
-31 31
-15 280
15 72
-13 914
-20 -459
-17 668
-29 500
9 -377
26 -843
12 330
6 987
16 948
-19 -975
13 618
-3 -108
14 851
-9 -548
-31 -365
-10 282
-9 -778
31 602
28 -4
15 -331
-19 -564
0 580
-21 291
-20 275
21 119
18 -644
0 716
19 606
19 -317
-17 649
-14 -419
-22 378
-24 755
-12 229
-19 544
12 370
10 -765
-12 257
-11 979
20 -259
27 -168
14 297
24 393
13 67
16 448
-1 -606
2 -914
15 880
21 752
18 -945
-25 -18
2 -261
11 887
10 -744
-8 529
-20 -622
-27 142
19 909
-3 66
8 611
-1 -357
-16 -994
18 290
15 -918
-28 -542
15 -736
-31 -390
31 707
-24 -488
15 314
-22 -529
24 401
20 -634
-18 659
-19 237
-1 970
29 -261
16 -879
15 373
-5 -467
-30 437
-32 -728
-5 362
19 544
12 965
-26 -86
-5 -988
-26 560
11 -424
2 371
-22 440
9 205
15 -733
27 719
26 -423
-12 -17
0 -438
-30 61
-10 257
1 -203
-9 -587
25 120
8 25
-29 -637
-11 -150
-16 -73
8 -975
11 469
-14 -542
24 493
29 -97
-19 -951
3 -269
-6 -100
-26 -286
30 -839
5 -81
-13 -400
25 -39
2 58
31 746
18 100
13 116
-32 624
-29 220
-17 658
-25 55
-1 100
14 865
5 286
21 209
-8 -295
-2 776
9 584
-31 316
7 547
-32 626
10 -192
23 -833
15 316
4 11
26 -490
-3 680
-10 -148
-14 121
-29 74
3 96
3 458
-25 -917
-7 72
-8 -365
-20 973
-8 -783
-25 1003
0 -325
-22 332
25 756
15 -248
0 -37
3 -605
-27 253
29 414
-28 -752
9 -829
15 377
-10 292
-28 -138
0 272
-6 509
15 24
3 -479
32 -130
30 198
18 176
23 -263
-13 758
30 -447
5 338
20 507
-16 -819
-14 801
10 895
-21 -799
20 -259
22 -632
1 -107
-6 122
22 -322
-15 -616
27 993
31 -63
-28 -378
0 874
-30 340
26 -531
24 215
26 -1006
1 932
14 739
11 -47
25 438
29 -492
15 -903
16 880
-3 -960
-23 675
26 -986
-5 516
28 257
16 -781
17 -136
-31 507
-22 543
20 -387
26 574
-4 -148
14 949
-24 -477
-17 595
-4 -450
4 227
-23 -876
24 10
26 -360
-28 -17
9 504
-13 341
4 -271
-19 400
-9 628
23 957
29 -63
-16 353
-30 414
32 375
-20 -954
-25 -323
-29 354
31 370
19 465
9 901
29 711
-28 -70
-5 588
25 -218
-2 -746
8 160
-13 595
2 701
-10 -589
23 972
-24 -371
28 -301
29 847
-23 -23
32 421
-20 743
16 583
-3 -477
8 1002
29 338
-28 555
1 -40
-3 1010
16 109
8 199
-7 -610
4 705
30 323
-14 -842
-10 -722
27 -360
-17 200
23 694
22 -655
-31 -460
6 416
-6 181
0 -804
-21 -501
12 -437
25 -639
3 -474
-5 604
-29 -942
8 148
32 878
27 406
-17 11
29 -736
-12 -789
28 -962
-26 947
-30 514
-18 410
27 -40
-30 -290
-30 -562
-15 924
-26 -404
-19 -708
13 879
-12 44
-1 -289
-3 -689
13 -78
-4 339
12 709
-32 228
-21 -108
29 -814
-17 610
25 -828
6 693
19 90
0 590
-2 545
-16 64
24 -832
-6 -894
-20 -739
-24 -950
20 37
-20 885
5 982
-26 902
-1 628
3 -424
9 23
3 409
25 -978
-4 7
-14 419
-20 -869
-2 357
2 114
18 -686
-14 -783
1 972
-5 -385
25 -658
8 584
27 1003
17 795
-11 430
32 -397
-7 -359
7 -470
-21 193
25 -354
-3 996
-13 168
-27 -564
22 -340
-25 511
13 824
20 815
-5 848
0 -992
-14 -742
2 285
3
2 -599 12
3
1 -557 803
3
2 -359 -30
3
2 -388 42
3
2 -591 -63
3
2 93 -3
3
1 904 192
3
1 694 635
3
2 -50 31
3
2 -279 17
3
2 118 5
3
2 125 13
3
2 -700 -20
3
1 562 410
3
1 966 703
3
2 755 -46
3
2 -481 -59
3
2 184 61
3
2 -351 -17
3
2 243 42
3
2 -414 -46
3
2 -121 36
3
2 -867 -9
3
2 -445 29
3
1 394 824
3
2 61 8
3
2 -11 -4
3
2 -24 33
3
1 408 878
3
2 -734 24
3
2 -425 17
3
2 -291 -34
3
1 -375 448
3
2 -12 -29
3
2 921 30
3
2 296 25
3
2 -257 16
3
2 166 60
3
2 721 7
3
1 846 567
3
1 774 914
3
2 -914 57
3
2 -1018 2
3
2 -752 55
3
1 958 898
3
2 -555 -3
3
2 -440 55
3
1 822 344
3
2 -169 -21
3
2 -181 10
3
1 519 526
3
2 -533 53
3
2 639 39
3
2 606 -31
3
2 -563 42
3
2 -939 -1
3
2 -460 58
3
2 -162 -3
3
2 443 51
3
2 227 50
3
1 1017 244
3
1 -174 405
3
2 974 -14
3
2 499 -63
3
2 -585 -31
3
1 -847 707
3
2 -1014 -11
3
2 -831 9
3
2 -132 -18
3
1 -246 669
3
2 -327 61
3
2 -626 45
3
2 505 13
3
2 1022 31
3
2 685 -31
3
2 966 -30
3
2 283 -43
3
2 -778 59
3
2 653 -42
3
2 -204 -51
3
2 570 -25
3
1 931 424
3
1 858 828
3
2 -546 -39
3
2 910 -58
3
2 -972 42
3
2 40 -63
3
2 -100 -2
3
2 1007 29
3
2 -806 24
3
1 -703 909
3
2 286 -47
3
2 962 58
3
2 762 59
3
2 -327 -57
3
2 -842 7
3
1 -605 990
3
2 -118 -36
3
1 814 188
3
2 9 48
3
2 807 43
3
2 -705 -34
3
2 996 45
3
2 -759 -28
3
2 688 -38
3
2 -126 49
3
2 838 1
3
2 -746 -40
3
2 489 58
3
2 75 35
3
2 368 25
3
2 913 -45
3
2 -944 35
3
2 777 -42
3
2 -616 0
3
1 -629 165
3
2 792 50
3
2 101 28
3
2 -240 18
3
2 -762 1
3
1 804 767
3
1 680 785
3
1 -335 448
3
2 770 9
3
2 148 -47
3
2 -481 -33
3
2 -933 -13
3
2 234 21
3
1 -170 12
3
2 -819 26
3
2 -169 18
3
1 538 382
3
2 -426 27
3
1 1006 760
3
2 491 35
3
2 -259 -12
3
1 -859 75
3
1 554 604
3
2 -352 24
3
2 -527 4
3
2 -408 -31
3
1 -652 255
3
1 165 800
3
1 76 515
3
2 882 56
3
2 -82 62
3
2 -371 39
3
1 293 95
3
2 476 -31
3
2 -62 -40
3
2 -548 9
3
2 -176 -35
3
2 707 -57
3
1 743 945
3
2 -324 17
3
2 -297 -55
3
2 344 32
3
2 664 -42
3
2 386 49
3
2 -148 -30
3
2 -733 61
3
2 -514 24
3
2 -1001 -47
3
2 452 -44
3
2 -783 6
3
2 907 -55
3
2 -371 -63
3
1 -866 964
3
2 487 -53
3
2 774 38
3
1 -530 613
3
2 -761 -63
3
2 453 -37
3
1 -307 280
3
1 619 338
3
1 16 738
3
1 -662 30
3
2 264 43
3
2 525 0
3
2 -939 21
3
2 419 0
3
2 -559 3
3
2 -463 -62
3
2 901 47
3
1 -846 47
3
1 119 850
3
1 424 14
3
2 -610 -22
3
1 -271 983
3
2 803 48
3
2 -610 -54
3
2 -119 13
3
2 224 -50
3
2 -70 24
3
2 -549 -9
3
2 53 57
3
2 -432 -43
3
2 188 -57
3
1 -490 121
3
2 -956 57
3
2 77 17
3
2 -995 7
3
2 189 5
3
2 -528 38
3
2 -379 -58
3
2 742 -57
3
2 -736 46
3
2 -352 30
3
1 621 227
3
2 -364 16
3
1 874 953
3
2 -367 -27
3
2 -550 38
3
2 -649 -38
3
2 748 -13
3
2 -278 43
3
2 490 61
3
1 -623 549
3
1 384 281
3
2 -858 -19
3
2 550 -13
3
2 -99 -45
3
1 661 472
3
1 1005 865
3
2 -162 -16
3
1 -826 159
3
1 88 332
3
2 613 -16
3
1 -88 241
3
1 -456 552
3
2 -935 -41
3
2 88 -61
3
2 593 53
3
1 769 305
3
2 601 -47
3
2 -804 -32
3
1 371 994
3
2 -710 -24
3
2 -812 28
3
2 685 -8
3
2 343 -54
3
1 62 220
3
2 -527 -11
3
2 76 -49
3
2 -827 19
3
2 584 -22
3
1 957 382
3
2 -242 -14
3
1 462 34
3
2 380 21
3
2 189 36
3
2 439 -45
3
2 -505 31
3
2 -446 55
3
2 83 3
3
2 -616 36
3
2 -296 -58
3
1 -918 822
3
2 181 49
3
2 863 -22
3
1 -352 205
3
2 723 60
3
2 592 -41
3
2 871 45
3
1 793 182
3
1 -66 668
3
2 51 -26
3
1 -533 240
3
2 -480 -40
3
2 -602 -4
3
2 298 56
3
1 -510 165
3
1 -404 167
3
2 -935 -59
3
1 534 58
3
2 103 -28
3
2 405 -38
3
1 346 752
3
2 198 -61
3
2 423 3
3
2 -649 -40
3
1 -780 994
3
2 982 -25
3
1 -992 917
3
2 25 -8
3
2 528 -5
3
1 -98 420
3
2 -614 -43
3
1 -400 548
3
2 -812 45
3
2 -476 57
3
2 -769 -36
3
1 -454 964
3
2 34 -24
3
2 543 -60
3
2 839 -55
3
2 858 -55
3
1 137 902
3
2 193 18
3
1 -479 672
3
2 -943 -49
3
2 -902 9
3
2 670 -62
3
2 -728 -20
3
2 115 2
3
2 -366 39
3
2 -530 7
3
2 28 53
3
1 628 374
3
2 957 1
3
2 -611 -43
3
2 398 -44
3
2 -383 -50
3
2 591 -28
3
2 -747 -26
3
1 238 357
3
2 -22 -30
3
2 -91 -57
3
2 443 -64
3
1 -869 680
3
1 795 23
3
2 861 -55
3
2 610 18
3
1 -414 317
3
2 -127 56
3
2 989 50
3
2 699 -15
3
2 374 7
3
1 -362 336
3
2 732 -13
3
2 104 34
3
2 -628 49
3
2 -830 -33
3
2 168 49
3
2 103 -64
3
2 624 -48
3
2 -170 -58
3
2 -248 -21
3
2 -607 50
3
1 918 917
3
2 673 34
3
2 -927 17
3
1 -923 398
3
2 -724 60
3
1 -762 195
3
1 263 804
3
2 29 17
3
1 563 918
3
2 -789 5
3
2 516 10
3
2 -1002 -10
3
1 63 716
3
2 473 57
3
2 327 -29
3
1 233 861
3
1 66 480
3
1 -212 827
3
2 100 -53
3
2 -674 47
3
2 690 49
3
2 313 -6
3
2 860 -10
3
2 678 21
3
2 -551 -20
3
1 415 753
3
2 -420 6
3
2 -383 -47
3
2 -668 -45
3
2 -1010 49
3
2 -480 -48
3
2 -722 -3
3
2 -549 -2
3
1 -889 304
3
2 920 -61
3
2 -967 29
3
2 -143 27
3
1 -441 901
3
2 216 -27
3
1 342 718
3
2 173 -14
3
1 -801 476
3
2 -507 60
3
2 -419 42
3
1 447 978
3
2 -654 29
3
2 -929 26
3
1 -825 20
3
2 -552 -60
3
2 -524 -18
3
2 123 -63
3
2 29 31
3
1 -491 58
3
2 -66 -34
3
1 -579 863
3
2 492 8
3
2 -535 -43
3
2 -1007 -8
3
2 -284 -16
3
2 -58 -55
3
2 710 -12
3
2 515 0
3
2 -341 27
3
2 667 2
3
2 89 51
3
2 892 41
3
2 62 48
3
2 528 36
3
2 825 -28
3
2 -368 6
3
1 -658 59
3
1 -387 947
3
1 670 648
3
1 469 107
3
1 -385 303
3
2 -420 21
3
2 221 -30
3
1 -416 609
3
2 -81 39
3
2 -865 57
3
1 -217 538
3
1 447 318
3
2 133 29
3
2 -626 -61
3
2 664 -52
3
2 350 51
3
1 975 625
3
2 -559 -29
3
2 -649 2
3
1 -603 544
3
1 -479 542
3
1 -593 215
3
1 82 841
3
2 -330 -22
3
2 373 -20
3
2 743 -12
3
2 -375 -23
3
2 152 52
3
2 292 47
3
2 868 16
3
2 -23 4
3
2 34 -35
3
1 138 911
3
2 -576 59
3
2 922 40
3
2 -875 30
3
2 -754 -8
3
2 -31 -64
3
2 -657 43
3
2 870 5
3
2 -411 -58
3
2 -107 -8
3
1 -334 244
3
1 -957 900
3
2 983 -52
3
2 514 -43
3
2 548 33
3
1 -502 593
3
2 903 -22
3
2 15 62
3
1 -181 673
3
2 -167 -39
3
1 1003 338
3
2 848 48
3
2 -962 24
3
1 -980 31
3
2 1024 21
3
1 65 64
3
1 -119 284
3
2 -262 7
3
2 505 -44
3
2 -915 43
3
2 635 48
3
2 -342 16
3
2 701 -50
3
2 -438 -63
3
1 -534 191
3
2 681 17
3
2 -408 37
3
2 152 -34
3
2 668 10
3
2 219 31
3
2 234 -37
3
2 890 31
3
2 719 43
3
2 192 3
3
1 -179 401
3
2 154 -62
3
1 177 600
3
2 -744 -58
3
2 478 -26
3
2 78 0
3
2 961 55
3
2 544 62
3
2 700 3
3
2 -558 -32
3
1 -111 356
3
2 502 -41
3
2 -701 3
3
2 -254 49
3
2 43 23
3
2 -842 -56
3
1 788 89
3
2 956 63
3
2 858 60
3
1 -855 66
3
2 -523 18
3
2 808 -18
3
2 -279 8
3
2 931 62
3
2 -22 61
3
2 -420 64
3
2 468 20
3
2 315 -19
3
2 523 10
3
2 787 -36
3
2 -239 39
3
2 -173 -32
3
2 116 9
3
1 -221 954
3
1 633 996
3
2 84 16
3
2 769 -6
3
2 65 -62
3
1 -461 498
3
2 -108 13
3
2 565 -23
3
1 -89 1004
3
1 481 522
3
2 -475 19
3
1 -651 835
3
1 508 104
3
2 -912 -50
3
2 997 -29
3
1 -491 989
3
2 602 -43
3
2 -675 26
3
1 788 525
3
2 -347 47
3
2 763 -19
3
2 -73 4
3
2 -316 -17
3
1 125 18
3
2 694 6
3
1 -856 90
3
2 610 -48
3
2 242 34
3
2 364 -5
3
1 -735 523
3
1 646 491
3
2 -323 31
3
2 -961 38
3
1 -672 256
3
2 289 -1
3
1 449 625
3
2 371 -42
3
2 460 61
3
2 768 -38
3
2 -842 -7
3
1 -817 46
3
2 -143 50
3
1 15 527
3
1 166 654
3
2 935 35
3
2 -781 56
3
2 164 36
3
1 -240 382
3
2 405 -7
3
2 -186 -58
3
2 -311 -55
3
2 791 32
3
1 488 80
3
2 -512 55
3
1 988 509
3
2 47 -51
3
2 933 -41
3
2 -869 -61
3
2 -1017 -21
3
2 -684 11
3
2 930 62
3
2 886 41
3
2 910 13
3
1 -470 539
3
1 683 154
3
2 47 1
3
2 -391 -25
3
2 -261 33
3
2 -639 41
3
2 -246 27
3
2 -947 32
3
2 -999 -41
3
1 -545 414
3
2 431 25
3
1 45 968
3
2 768 -64
3
2 -740 55
3
1 -732 654
3
2 -471 57
3
2 -578 26
3
2 811 -13
3
2 -714 -50
3
1 -264 889
3
2 -935 -42
3
1 -168 77
3
2 -559 -23
3
2 1011 -14
3
2 -160 -16
3
2 -329 -41
3
1 510 952
3
2 -376 -61
3
2 -520 -8
3
2 -573 -15
3
2 -651 -30
3
1 -710 623
3
2 443 31
3
1 295 175
3
2 1016 -17
3
1 -728 685
3
2 -967 -22
3
2 -971 -27
3
2 -663 -29
3
2 -530 -30
3
2 -93 -59
3
2 -457 -50
3
2 -553 -61
3
1 898 261
3
2 -428 -57
3
2 370 -33
3
1 -765 794
3
2 200 0
3
2 1002 5
3
2 -611 1
3
2 732 39
3
1 510 306
3
1 -933 190
3
2 455 9
3
2 -463 -24
3
2 762 -7
3
2 -295 -61
3
2 459 -24
3
2 -936 -28
3
1 -390 323
3
2 -13 50
3
2 -968 -59
3
2 132 -44
3
2 145 52
3
2 -635 -32
3
2 859 1
3
2 311 -35
3
2 -171 15
3
1 1001 387
3
1 -420 920
3
2 668 42
3
2 76 -7
3
1 -92 479
3
1 123 886
3
2 83 33
3
1 383 852
3
2 368 28
3
2 -213 -19
3
2 -649 42
3
2 62 31
3
2 797 5
3
2 -786 50
3
1 -80 373
3
2 -579 38
3
2 221 17
3
2 833 -43
3
1 994 475
3
2 -616 17
3
2 561 51
3
2 514 54
3
2 -121 59
3
2 -845 -63
3
1 -65 234
3
2 302 -53
3
2 400 -43
3
2 107 0
3
2 281 -6
3
2 -816 -22
3
2 743 30
3
2 836 17
3
2 -444 28
3
2 -893 54
3
2 78 1
3
2 -185 64
3
2 491 -8
3
2 -372 2
3
2 -344 44
3
2 -593 -56
3
2 -820 13
3
1 -650 183
3
2 491 1
3
2 328 -45
3
2 -903 53
3
2 -719 -48
3
2 811 19
3
2 836 -58
3
1 701 939
3
2 376 4
3
1 -756 822
3
2 -596 22
3
2 -168 -12
3
2 920 -34
3
2 -739 -51
3
2 -598 51
3
2 107 33
3
2 752 28
3
1 -93 498
3
2 -611 62
3
1 431 926
3
2 -835 63
3
2 525 14
3
2 -542 0
3
2 -832 19
3
1 -780 200
3
2 -57 50
3
2 290 -27
3
2 401 -38
3
2 957 -20
3
1 -172 473
3
2 -734 -38
3
2 670 -3
3
1 434 682
3
1 933 322
3
2 241 -34
3
2 712 -11
3
1 -430 300
3
2 214 -19
3
1 271 867
3
1 -908 601
3
2 20 6
3
2 -616 -43
3
2 89 27
3
2 -530 -4
3
2 -651 -11
3
2 152 -14
3
2 961 -45
3
2 479 -13
3
2 149 -24
3
1 -128 205
3
2 591 -45
3
2 958 48
3
2 -550 17
3
2 646 -59
3
2 640 10
3
2 -834 26
3
2 -762 -16
3
1 -901 106
3
2 173 61
3
2 344 0
3
2 -48 63
3
2 312 32
3
2 -468 -46
3
2 96 -14
3
1 375 398
3
2 -414 -48
3
2 489 -40
3
2 -419 62
3
2 -363 29
3
2 -95 44
3
2 -12 34
3
1 418 508
3
2 -445 50
3
2 561 43
3
1 -167 559
3
2 817 -44
3
2 81 -45
3
2 122 21
3
1 -629 633
3
2 -488 16
3
1 931 196
3
1 -392 269
3
1 88 414
3
2 -230 -29
3
2 -188 -15
3
2 -169 12
3
2 15 15
3
2 -396 40
3
2 -255 48
3
1 98 532
3
2 1006 32
3
2 373 63
3
2 -465 -43
3
2 -953 -25
3
2 -993 38
3
2 -723 20
3
2 -45 50
3
1 -7 121
3
2 -4 -49
3
2 114 35
3
2 763 -12
3
2 -118 44
3
2 -573 -57
3
2 -536 49
3
2 -470 -48
3
2 -542 -19
3
2 -448 1
3
1 407 951
3
2 95 47
3
2 -477 16
3
1 -771 844
3
2 655 -22
3
2 -176 -9
3
2 409 44
3
2 131 35
3
2 -686 13
3
2 -674 46
3
2 694 -52
3
1 -563 961
3
2 -91 50
3
2 -354 58
3
2 -344 -56
3
2 -202 -36
3
1 119 604
3
2 -332 -56
3
2 -501 45
3
2 939 -12
3
2 869 14
3
2 -204 -55
3
2 -237 62
3
2 372 62
3
2 -687 4
3
2 -459 -11
3
2 -542 8
3
1 -960 272
3
2 378 -18
3
2 368 -2
3
1 612 229
3
1 1003 677
3
2 99 -24
3
2 -14 -25
3
2 915 -14
3
2 -555 41
3
2 520 60
3
2 965 20
3
2 -116 14
3
2 -334 -12
3
1 149 215
3
2 -534 63
3
2 -898 48
3
1 502 525
3
2 -784 4
3
1 -1005 919
3
2 -873 13
3
2 754 -41
3
2 982 57
3
2 -689 23
3
2 -247 44
3
2 614 55
3
2 -869 -56
3
2 -838 -49
3
1 569 793
3
2 103 4
3
2 -133 27
3
2 -170 -37
3
1 58 628
3
2 929 41
3
2 -774 26
3
2 -855 -59
3
2 664 -6
3
2 -214 -41
3
2 -432 14
3
2 414 -59
3
2 -792 -40
3
1 -458 399
3
1 -691 510
3
1 953 824
3
2 555 2
3
2 -712 48
3
1 -308 424
3
2 -668 -8
3
2 -779 60
3
2 113 -31
3
1 490 82
3
2 1015 0
3
2 906 -53
3
1 120 905
3
1 530 832
3
1 863 316
3
2 709 37
3
1 -289 175
3
2 104 20
3
2 922 -45
3
1 -295 477
3
2 418 0
3
2 331 -46
3
2 13 59
3
1 394 471
3
1 699 108
3
2 73 -59
3
2 -308 61
3
2 367 -64
3
1 641 593
3
2 -608 -17
3
2 437 32
3
2 757 -47
3
2 173 16
3
2 -362 0
3
2 -294 -37
3
2 -847 17
3
1 -279 860
3
2 740 16
3
2 920 -4
3
1 374 995
3
2 615 -14
3
2 -415 -9
3
2 751 -59
3
2 137 12
3
2 -705 44
3
2 626 -53
3
1 -798 390
3
1 -142 307
3
2 -377 -58
3
1 -69 784
3
2 -25 61
3
1 173 827
3
1 -169 917
3
1 -14 96
3
2 -1017 61
3
1 -943 311
3
2 793 11
3
2 -214 -60
3
1 499 652
3
2 -11 -55
3
2 209 27
3
2 -967 -23
3
1 -733 722
3
2 572 -61
3
1 -488 703
3
2 -622 -7
3
1 -677 524
3
1 605 930
3
2 -647 -16
3
2 587 -49
3
1 -444 109
3
2 -562 34
3
2 -185 -10
3
2 928 -13
3
2 -160 -26
3
1 455 570
3
2 -698 -61
3
2 -832 -34
3
2 -602 12
3
2 128 -47
3
2 264 -15
3
1 294 694
3
2 902 25
3
1 896 263
3
2 -763 -25
3
1 -481 451
3
1 -227 982
3
2 -743 6
3
1 830 721
3
2 -645 -44
3
2 -55 -22
3
1 760 188
3
1 319 825
3
2 -61 -46
3
2 -321 -35
3
2 -436 -35
3
1 -4 626
3
1 809 477
3
2 559 24
3
2 137 -28
3
2 640 -8
3
2 -935 12
3
1 996 610
3
2 612 0
3
2 892 -64
3
2 139 -21
3
2 343 -39
3
2 -729 7
3
1 187 964
3
2 -71 63
3
1 -351 512
3
2 636 -57
3
1 -915 863
3
1 1021 257
3
2 680 13
3
2 -650 -9
3
1 133 250
3
1 755 459
3
1 -552 15
3
1 -909 627
3
2 64 -63
3
2 262 44
3
1 446 175
3
1 421 958
3
2 -897 44
3
2 -757 -56
3
2 -619 27
3
2 25 -41
3
2 959 54
3
1 -844 159
3
2 -124 14
3
2 173 -38
3
1 649 435
3
1 762 808
3
2 100 -59
3
2 -445 20
3
2 291 32
3
2 89 -22
3
2 269 -55
3
2 -6 -9
3
1 216 249
3
1 -439 201
3
2 -823 -47
3
2 709 -31
3
2 -457 -25
3
2 -54 49
3
2 -783 -13
3
2 -973 -59
3
2 -894 -20
3
2 952 35
3
1 -956 54
3
2 -405 53
3
2 304 -3
3
2 -432 -36
3
1 -654 528
3
2 276 10
3
2 -447 -46
3
2 654 -24
3
2 532 -40
3
2 656 34
3
1 -841 300
3
1 15 455
3
2 836 61
3
2 -804 32
3
2 -45 61
3
2 652 24
3
1 842 891
3
2 -208 -48
3
2 663 48
3
1 140 896
3
2 -759 -25
3
2 -795 34
3
2 107 26
3
1 -413 737
3
2 -623 41
3
2 -979 -15
3
2 -511 57
3
2 510 28
3
2 600 40
3
1 -624 828
3
2 351 6
3
2 -1015 -1
3
2 -7 -51
3
2 -417 56
3
1 907 105
3
1 -275 945
3
2 925 36
3
1 984 51
3
2 -467 -6
3
2 -847 -31
3
2 -14 -33
3
2 -344 40
3
2 227 -22
3
2 485 10
3
2 -886 -9
3
2 -345 38
3
2 -315 -34
3
1 -464 710
3
2 536 -50
3
1 -751 1011
3
2 939 -43
3
2 -276 2
3
2 -70 -33
3
2 -383 61
3
2 -92 -52
3
2 691 -18
3
2 -550 -46
3
2 285 -21
3
2 -905 27
3
2 578 49
3
1 -501 34
3
1 -717 143
3
2 963 38
3
2 -78 -49
3
2 -159 32
3
2 -935 49
3
2 -120 47
3
1 138 839
3
2 -714 40
3
1 956 954
3
2 201 4
3
2 -943 -1
3
1 253 178
3
2 432 -25
3
2 590 -57
3
2 -671 -28
3
1 914 971
3
2 -605 3
3
2 -56 -57
3
1 534 7
3
2 -97 38
3
2 14 11
3
1 -946 638
3
2 27 27
3
2 1012 -47
3
2 894 7
3
2 874 -23
3
2 -621 -5
3
2 -233 -26
3
1 -915 546
3
2 -554 -63
3
1 351 16
3
2 570 50
3
2 -472 -57
3
2 -292 15
3
1 439 125
3
2 -751 -37
3
1 627 262
3
1 614 107
3
1 -479 12
3
2 864 41
3
2 234 -47
3
2 -239 15
3
1 -814 368
3
2 989 -25
3
2 637 42
3
2 -491 25
3
2 567 8
3
2 644 60
3
2 -827 41
3
2 -240 -1
3
1 772 269
3
2 -851 -35
3
1 -931 12
3
1 -980 33
3
2 -1009 -13
3
2 388 38
3
2 1010 -53
3
1 750 462
3
1 911 23
3
2 66 -33
3
2 -290 26
3
1 193 951
3
2 550 -63
3
2 -718 38
3
2 197 -38
3
1 660 865
3
1 944 953
3
2 -372 -15
3
2 398 -11
3
2 -297 48
3
2 -569 0
3
1 -183 357
3
2 -404 -20
3
2 517 54
3
2 1005 1
3
2 162 -63
3
2 -454 -59
3
2 -277 -42
3
2 826 -17
3
1 -535 987
3
2 -502 -1
3
2 -864 7
3
2 89 28
3
2 401 54
3
2 -395 32
3
2 -236 4
3
1 243 276
3
1 2 472
3
1 816 279
3
2 522 -18
3
1 -300 851
3
2 -918 -43
3
1 -113 187
3
2 616 51
3
2 37 -30
3
2 910 -39
3
2 821 -28
3
2 -822 63
3
2 -294 25
3
2 242 24
3
2 1001 44
3
2 903 28
3
1 -237 383
3
2 -260 -57
3
1 -699 25
3
2 -550 -40
3
2 863 -6
3
2 524 -1
3
2 718 6
3
2 -804 46
3
1 -479 392
3
1 680 687
3
2 271 -34
3
2 -80 50
3
2 540 36
3
2 200 -4
3
2 200 -3
3
2 -754 58
3
2 -611 -39
3
2 932 -16
3
1 300 708
3
2 265 38
3
2 934 -37
3
2 145 53
3
1 51 743
3
1 689 519
3
2 -617 15
3
2 539 -59
3
2 775 -32
3
1 -205 882
3
2 -109 -9
3
2 14 56
3
1 554 963
3
1 764 699
3
1 382 980
3
2 246 -55
3
2 -705 -1
3
2 440 -13
3
1 -405 1011
3
2 39 -29
3
2 -569 25
3
1 877 15
3
2 448 -43
3
1 -49 457
3
2 -183 45
3
2 -950 -49
3
1 411 815
3
2 -509 37
3
1 145 880
3
2 226 37
3
2 -871 33
3
2 740 -27
3
2 201 -39
3
2 494 7
3
2 -797 -13
3
2 989 -22
3
2 908 -24
3
2 902 53
3
2 999 -52
3
2 -587 -41
3
2 35 36
3
1 709 697
3
1 422 143
3
2 -270 -8
3
2 -604 54
3
1 -711 927
3
2 -857 -60
3
2 814 -36
3
2 -893 57
3
1 788 981
3
2 773 21
3
1 -995 418
3
2 971 -52
3
2 461 -21
3
2 -527 -20
3
2 -638 -61
3
2 -312 -8
3
2 -161 42
3
2 -182 45
3
1 793 421
3
2 -84 3
3
2 -96 3
3
2 -42 4
3
1 279 861
3
1 849 485
3
2 871 -45
3
2 820 -28
3
1 69 63
3
2 -481 -26
3
2 -343 -39
3
1 408 622
3
2 270 58
3
1 977 180
3
2 -635 57
3
1 -225 502
3
2 577 5
3
1 35 464
3
2 366 54
3
2 335 -51
3
1 -953 764
3
2 -661 5
3
1 -577 378
3
2 353 14
3
2 537 -24
3
2 950 -49
3
2 39 -8
3
1 -273 219
3
2 -809 49
3
2 830 -46
3
2 -661 64
3
2 122 -10
3
1 21 11
3
2 -36 -26
3
2 -91 29
3
1 135 55
3
2 -559 -52
3
1 236 968
3
1 -247 685
3
1 622 505
3
1 -199 695
3
2 -492 17
3
2 662 15
3
1 -52 250
3
1 -121 646
3
2 -178 -29
3
2 62 20
3
2 665 -51
3
2 128 34
3
2 -670 6
3
2 -370 -7
3
1 587 470
3
2 3 40
3
2 888 -25
3
2 -505 -34
3
2 -52 30
3
1 -901 350
3
2 59 -23
3
1 1019 726
3
2 145 14
3
1 -197 994
3
2 -668 15
3
2 392 -32
3
2 -583 -9
3
1 -555 518
3
2 897 -55
3
2 -702 63
3
1 748 370
3
2 -152 34
3
2 -64 33
3
1 -926 655
3
2 -890 -42
3
2 -958 7
3
2 -983 -35
3
2 -1015 -16
3
2 -152 -9
3
2 403 15
3
1 -823 0
3
2 418 -4
3
2 670 48
3
2 -227 -21
3
2 432 -9
3
2 -354 61
3
2 493 43
3
2 -750 -31
3
2 -1003 -2
3
2 -829 -41
3
1 -617 21
3
2 203 58
3
1 -936 935
3
2 209 17
3
2 880 27
3
2 -617 50
3
1 -303 342
3
2 -812 49
3
2 376 7
3
2 -454 -3
3
1 95 69
3
2 -303 12
3
2 -774 43
3
2 -871 -42
3
1 16 555
3
2 487 2
3
2 -931 -33
3
2 -609 -26
3
1 438 928
3
1 -505 992
3
2 -473 2
3
2 735 -26
3
2 463 38
3
2 -618 32
3
2 338 0
3
1 177 387
3
2 -430 0
3
2 33 0
3
2 818 28
3
1 408 641
3
1 24 580
3
2 -952 26
3
2 757 -52
3
1 628 371
3
1 921 105
3
2 977 -23
3
2 -844 -61
3
2 -235 -8
3
2 966 -8
3
2 -449 -6
3
2 186 -62
3
2 919 41
3
2 933 -8
3
2 -546 28
3
2 734 41
3
2 -846 24
3
2 835 61
3
2 -788 29
3
2 -178 -26
3
2 31 39
3
2 868 -54
3
2 325 26
3
2 159 60
3
2 -702 5
3
1 -315 647
3
2 122 -16
3
2 272 5
3
2 -293 -52
3
2 -517 6
3
2 930 14
3
2 -666 38
3
1 -671 947
3
2 986 6
3
2 -61 62
3
2 -621 58
3
2 -800 -26
3
2 -644 -28
3
2 27 38
3
1 978 438
3
2 102 -12
3
1 22 559
3
2 925 53
3
1 -369 732
3
2 -878 9
3
2 -636 25
3
2 68 -26
3
1 -126 5
3
2 -894 43
3
2 561 2
3
2 475 -35
3
1 -608 464
3
2 -796 -12
3
1 -277 471
3
2 -428 -22
3
2 609 -41
3
2 -553 -32
3
2 -719 54
3
2 894 20
3
2 921 15
3
2 -645 -36
3
2 201 -53
3
2 -281 64
3
1 311 246
3
1 -623 674
3
2 -70 5
3
2 323 27
3
2 -243 30
3
2 -364 58
3
2 -523 -60
3
1 -768 883
3
2 539 -14
3
2 348 -35
3
2 95 29
3
1 947 340
3
2 489 -57
3
2 -377 -53
3
2 -561 2
3
2 -699 -30
3
2 -151 -41
3
2 109 35
3
1 -470 191
3
2 66 -25
3
2 -616 -9
3
2 794 -44
3
2 792 42
3
2 501 5
3
1 392 659
3
2 770 11
3
1 -544 848
3
1 -581 790
3
1 527 175
3
2 419 -31
3
2 -160 -61
3
2 637 -15
3
2 138 -7
3
2 322 7
3
2 -25 -1
3
1 390 529
3
2 -846 27
3
2 867 54
3
2 -874 46
3
1 -409 951
3
2 -462 -15
3
2 -938 38
3
2 133 -21
3
2 167 57
3
2 -189 33
3
1 -984 389
3
2 -355 0
3
1 522 972
3
2 219 -61
3
2 -710 -57
3
2 -150 -10
3
2 771 -19
3
2 -740 -55
3
2 720 -4
3
2 529 58
3
2 -919 -49
3
2 -807 -14
3
2 -191 -42
3
2 -164 62
3
2 313 32
3
2 121 40
3
1 126 693
3
1 -62 158
3
2 209 60
3
2 234 -9
3
1 502 289
3
2 376 -46
3
2 36 50
3
2 -676 61
3
2 -585 -38
3
1 -100 273
3
2 -196 -3
3
2 -273 23
3
1 312 103
3
1 191 952
3
1 197 42
3
2 -140 46
3
2 361 -5
3
2 -338 38
3
2 -995 43
3
2 755 8
3
2 -873 -13
3
2 526 10
3
2 626 -35
3
2 -878 32
3
2 642 -46
3
2 -345 -10
3
2 -36 59
3
2 355 56
3
2 663 -30
3
2 688 33
3
1 -984 307
3
2 -131 -22
3
1 -912 860
3
2 -557 19
3
2 -882 -49
3
2 153 36
3
2 -663 27
3
2 -732 53
3
1 806 397
3
2 -730 18
3
1 -320 612
3
2 305 -4
3
1 -665 373
3
1 154 196
3
2 906 30
3
2 -775 55
3
1 -418 313
3
2 -736 -5
3
2 -17 -50
3
1 -281 492
3
2 -260 38
3
2 -316 27
3
2 -434 21
3
2 12 57
3
2 -880 -52
3
2 92 -21
3
2 -491 -54
3
1 -102 662
3
2 -950 2
3
2 703 -13
3
2 -603 2
3
2 -730 51
3
2 705 38
3
2 739 25
3
1 -160 990
3
1 713 732
3
2 435 62
3
2 906 24
3
1 -657 790
3
2 -886 -51
3
2 514 8
3
2 -365 29
3
1 -142 115
3
2 517 -57
3
1 -284 933
3
1 924 105
3
1 290 286
3
2 471 50
3
1 730 380
3
1 -486 318
3
2 127 -11
3
2 -251 5
3
2 112 -10
3
1 271 618
3
2 748 -33
3
2 153 -38
3
2 -400 35
3
2 -376 -53
3
2 -902 -24
3
2 -368 35
3
2 906 -58
3
1 778 860
3
1 -456 432
3
2 -42 13
3
1 196 806
3
2 99 -27
3
2 -133 -64
3
2 447 35
3
2 -328 -35
3
2 983 14
3
2 933 -48
3
1 -990 237
3
2 485 32
3
2 -932 -14
3
2 -113 -21
3
2 -928 41
3
2 -404 35
3
2 -300 -50
3
1 -658 855
3
2 276 -15
3
2 992 -44
3
2 592 5
3
1 875 507
3
2 -610 35
3
2 1020 20
3
2 877 52
3
2 -374 18
3
1 454 63
3
1 935 759
3
2 -858 31
3
2 -681 52
3
2 -192 -16
3
2 364 23
3
2 531 39
3
2 -758 -11
3
1 -746 230
3
2 -359 25
3
2 782 19
3
1 51 822
3
2 -320 21
3
2 -371 -16
3
1 -194 608
3
1 -268 127
3
2 916 57
3
2 -646 -1
3
2 54 -12
3
2 40 6
3
2 444 25
3
2 -570 50
3
1 950 354
3
2 -356 -46
3
1 603 315
3
2 833 -28
3
1 -840 128
3
2 -928 -37
3
2 -973 61
3
2 -611 30
3
2 810 -55
3
1 156 527
3
2 413 56
3
1 209 960
3
2 912 15
3
2 -230 -61
3
2 -293 54
3
2 230 -59
3
2 -956 40
3
1 527 351
3
2 221 0
3
2 445 32
3
2 -287 -13
3
1 778 961
3
2 -315 51
3
2 848 -57
3
1 -98 630
3
1 -701 51
3
1 -71 200
3
2 310 -49
3
1 994 345
3
1 -650 264
3
2 -68 16
3
2 -408 38
3
2 -1003 -5
3
2 288 -17
3
1 200 578
3
2 967 -48
3
2 635 16
3
2 792 -24
3
1 -196 499
3
2 -497 -54
3
1 47 49
3
2 824 1
3
2 505 2
3
1 -1022 995
3
2 623 24
3
1 -488 39
3
2 -540 -3
3
1 23 620
3
2 704 -47
3
1 -325 729
3
1 965 759
3
2 -836 -9
3
2 -850 -34
3
2 -419 37
3
2 282 -55
3
2 -894 -35
3
2 985 57
3
2 -298 64
3
2 -848 -16
3
1 330 312
3
2 24 38
3
2 728 -45
3
2 496 18
3
2 -650 20
3
2 651 2
3
2 -9 58
3
2 383 -45
3
2 927 7
3
1 365 985
3
1 -988 621
3
2 -41 1
3
2 178 -41
3
2 -20 -32
3
2 -129 -27
3
1 365 136
3
2 35 -29
3
2 -71 16
3
2 -492 48
3
1 331 952
3
2 -995 56
3
2 838 -14
3
2 -889 -12
3
1 161 223
3
1 -450 81
3
2 446 57
3
2 -455 -30
3
2 51 36
3
2 387 -9
3
2 255 -39
3
2 344 -4
3
1 -554 162
3
2 660 -50
3
1 -409 249
3
2 832 -12
3
1 -878 732
3
2 236 11
3
2 -447 -26
3
2 -494 33
3
1 -515 471
3
2 366 -25
3
2 -375 26
3
2 806 -11
3
2 -11 7
3
2 -798 -24
3
1 -145 579
3
2 261 60
3
1 457 109
3
1 883 972
3
1 23 545
3
2 257 -42
3
2 78 47
3
2 836 -7
3
1 -920 245
3
2 607 -20
3
2 -669 34
3
2 821 -30
3
1 -1013 763
3
2 541 -57
3
2 746 -2
3
2 882 14
3
1 -244 547
3
2 -113 55
3
2 400 -62
3
1 371 124
3
2 -903 10
3
2 821 64
3
2 144 -35
3
2 -306 18
3
2 0 54
3
2 -990 11
3
2 -348 -64
3
2 526 33
3
2 900 -25
3
1 250 672
3
1 -171 463
3
2 2 -26
3
1 -1018 196
3
2 300 -4
3
2 227 3
3
2 -702 -13
3
2 333 -28
3
2 -690 -53
3
1 651 820
3
2 876 2
3
2 -435 7
3
2 661 59
3
1 372 559
3
1 -264 741
3
1 318 834
3
2 -211 -22
3
1 567 193
3
2 -152 -19
3
2 -945 21
3
2 -388 -5
3
2 354 -39
3
1 -648 184
3
2 500 55
3
1 870 842
3
2 154 -1
3
2 -622 56
3
1 624 533
3
2 -553 25
3
2 -554 26
3
2 496 -29
3
1 -739 531
3
2 693 -51
3
2 -841 -57
3
2 301 53
3
2 832 -48
3
2 466 -44
3
1 -985 588
3
2 -629 -45
3
1 333 397
3
2 502 -61
3
2 -271 32
3
2 -883 59
3
2 -675 12
3
1 214 511
3
2 -17 -31
3
1 -538 864
3
2 -536 50
3
2 44 5
3
2 537 -51
3
1 -1 805
3
2 91 55
3
2 654 35
3
2 -497 60
3
2 212 -23
3
2 64 61
3
1 238 211
3
1 112 135
3
2 -203 -60
3
2 789 59
3
2 997 30
3
2 404 27
3
2 -705 -19
3
2 414 36
3
2 -155 -60
3
2 450 53
3
2 -524 -4
3
2 974 47
3
2 373 16
3
2 -394 27
3
2 -996 -12
3
2 94 39
3
1 557 209
3
2 20 9
3
1 371 885
3
2 287 32
3
2 776 11
3
2 -750 24
3
2 -728 30
3
2 374 -21
3
1 18 504
3
1 -771 780
3
2 -878 35
3
1 -160 127
3
1 884 219
3
2 419 -18
3
2 43 -57
3
1 -516 816
3
2 900 62
3
2 -8 18
3
1 108 540
3
2 -827 54
3
2 150 54
3
2 -226 7
3
1 1020 923
3
2 146 4
3
2 164 17
3
2 -475 6
3
1 229 645
3
2 599 52
3
2 -784 7
3
2 207 -2
3
1 80 972
3
2 416 -51
3
1 211 60
3
2 -165 -48
3
2 601 36
3
2 -301 -27
3
2 -549 -27
3
2 155 1
3
2 648 -28
3
2 -78 -62
3
2 -231 -40
3
2 847 -10
3
1 -590 162
3
2 953 -46
3
2 771 -49
3
2 -68 -61
3
2 481 -38
3
2 244 8
3
2 -274 48
3
2 59 -12
3
2 416 -55
3
2 -77 47
3
2 -111 -40
3
2 -713 45
3
2 -715 -17
3
2 -976 -32
3
2 77 -51
3
1 111 457
3
1 238 985
3
2 186 8
3
2 -862 -16
3
2 -266 -11
3
2 -170 28
3
2 -875 -45
3
2 -1011 36
3
2 537 -23
3
2 -118 -56
3
2 -453 -33
3
1 -824 285
3
1 954 639
3
2 -321 -64
3
2 244 31
3
1 -90 192
3
1 649 456
3
2 -173 -63
3
1 -249 955
3
2 866 -30
3
2 67 43
3
2 -867 59
3
2 353 -8
3
2 712 15
3
2 -398 18
3
2 -494 -43
3
2 -199 -13
3
2 -738 -41
3
2 -266 42
3
1 -270 20
3
2 863 -20
3
2 169 -29
3
2 449 49
3
1 352 371
3
2 552 -63
3
1 -241 189
3
1 -661 583
3
2 -45 34
3
1 -430 833
3
2 771 48
3
2 366 22
3
2 -562 18
3
1 -786 525
3
2 -379 -35
3
2 852 -12
3
1 -947 398
3
2 -231 8
3
2 62 45
3
2 271 52
3
2 -364 -12
3
1 559 20
3
2 -992 -30
3
2 -247 -20
3
2 584 -35
3
2 -860 -2
3
1 -879 187
3
2 32 -53
3
1 137 66
3
1 -790 741
3
2 -454 -33
3
2 364 -64
3
1 988 897
3
2 52 -16
3
1 566 379
3
2 321 36
3
2 380 -11
3
2 1016 -41
3
2 542 -46
3
1 -575 339
3
2 -203 48
3
2 -645 -39
3
2 -1024 50
3
2 -877 -12
3
1 -478 82
3
2 -719 -50
3
1 -234 325
3
2 541 51
3
2 862 61
3
1 792 245
3
2 89 -14
3
2 950 54
3
1 348 665
3
1 -147 102
3
2 753 -37
3
2 -466 34
3
1 -53 207
3
2 600 -61
3
2 499 8
3
2 -219 3
3
2 -807 -26
3
1 842 180
3
2 -31 46
3
2 124 -6
3
2 333 -20
3
1 139 141
3
2 887 5
3
1 907 356
3
2 192 -60
3
2 306 23
3
2 676 -52
3
2 586 -46
3
2 -609 52
3
2 -860 -32
3
2 1005 20
3
2 -103 41
3
2 220 36
3
1 -310 57
3
1 384 640
3
2 92 9
3
2 117 -64
3
2 -988 59
3
2 -225 -38
3
2 195 55
3
2 122 57
3
2 -201 13
3
2 295 4
3
2 21 52
3
2 601 23
3
2 -540 -18
3
2 477 -4
3
2 -227 -34
3
2 750 20
3
1 304 937
3
2 608 -17
3
1 -567 10
3
2 -519 59
3
1 612 820
3
2 149 -19
3
2 -180 -56
3
2 -70 -5
3
2 -893 16
3
1 -526 117
3
1 422 585
3
2 578 -42
3
2 948 -4
3
2 -620 -42
3
1 -833 391
3
2 511 -42
3
2 -814 -47
3
2 -619 -22
3
2 700 32
3
2 -405 -18
3
1 -62 863
3
2 -125 -2
3
2 41 40
3
2 -791 54
3
1 747 863
3
2 -958 24
3
1 -183 521
3
2 994 -44
3
2 -23 -64
3
2 -900 15
3
2 137 21
3
2 -706 9
3
2 -260 28
3
2 395 0
3
2 741 33
3
1 365 782
3
2 441 48
3
2 -749 -52
3
2 -201 -41
3
1 167 963
3
2 855 -9
3
2 -278 25
3
2 -604 27
3
1 825 579
3
2 316 -6
3
2 620 -26
3
2 -311 3
3
2 806 -22
3
2 -747 54
3
2 853 -60
3
2 78 62
3
1 -59 475
3
1 -196 964
3
2 -805 -9
3
2 -115 -4
3
2 -453 48
3
2 -727 -21
3
1 -97 527
3
2 894 60
3
2 -338 -19
3
1 -83 469
3
1 258 157
3
2 1003 15
3
2 -156 -53
3
2 -776 -16
3
2 397 -17
3
2 -371 62
3
2 -589 -45
3
2 -1008 53
3
2 -291 2
3
1 191 975
3
1 -244 380
3
2 -848 25
3
2 335 -36
3
1 -992 279
3
2 97 41
3
2 -389 11
3
2 827 14
3
1 -62 539
3
2 809 -63
3
2 193 -20
3
2 730 -55
3
1 -712 870
3
2 -233 56
3
2 338 -61
3
1 374 92
3
2 -65 -35
3
2 -683 -2
3
1 -39 902
3
2 -826 -28
3
2 -308 -56
3
2 920 47
3
2 -983 -31
3
2 621 40
3
2 967 5
3
2 302 41
3
1 -465 696
3
1 858 33
3
2 606 34
3
1 846 104
3
1 -250 887
3
2 69 -29
3
2 23 -47
3
2 -724 41
3
2 -301 -2
3
1 300 443
3
2 663 52
3
1 399 918
3
2 -177 37
3
2 -615 -21
3
2 406 18
3
2 6 62
3
2 -62 -9
3
2 -508 -60
3
2 481 21
3
2 684 -37
3
2 473 13
3
2 -217 -58
3
2 1006 64
3
2 -1022 0
3
1 46 1
3
2 314 -41
3
2 -833 -53
3
2 742 52
3
2 539 -25
3
2 37 42
3
1 561 262
3
2 110 -15
3
2 -971 -40
3
2 485 -13
3
2 203 -2
3
1 492 651
3
1 -114 582
3
2 -570 5
3
1 -62 694
3
1 595 295
3
2 678 32
3
2 335 -16
3
2 -545 25
3
2 -91 -9
3
1 -454 388
3
2 -717 59
3
2 664 -41
3
2 -472 -39
3
1 1001 586
3
2 -69 -54
3
1 73 647
3
2 365 6
3
1 76 465
3
2 724 -3
3
2 264 64
3
2 276 57
3
1 -973 697
3
2 294 33
3
1 207 434
3
1 -693 961
3
2 704 -10
3
1 -677 61
3
1 -116 226
3
2 392 -15
3
2 307 25
3
2 856 -54
3
2 -29 -10
3
2 -927 3
3
2 666 38
3
2 -947 -62
3
2 976 58
3
2 454 -29
3
2 383 -17
3
2 731 48
3
1 381 306
3
1 -95 511
3
2 634 -13
3
2 670 -36
3
2 -970 -50
3
2 812 61
3
2 312 57
3
2 165 22
3
2 -290 40
3
2 -977 20
3
1 366 609
3
2 415 55
3
2 -40 -44
3
2 -436 64
3
2 -991 -46
3
2 551 -55
3
2 -602 55
3
2 -159 63
3
2 -848 47
3
2 290 -52
3
2 61 -39
3
2 -715 22
3
2 353 19
3
1 -860 334
3
2 351 30
3
2 -981 -53
3
1 -171 563
3
1 -851 816
3
2 -519 -46
3
2 -840 30
3
2 -572 36
3
2 -870 15
3
2 -293 25
3
2 -256 -29
3
2 -602 26
3
2 -762 60
3
2 74 -60
3
2 682 44
3
2 202 -64
3
2 905 -15
3
2 277 -6
3
2 221 58
3
2 -385 22
3
2 -556 43
3
2 -729 -17
3
1 -357 879
3
2 -938 -64
3
1 510 231
3
2 244 -32
3
2 488 26
3
2 -4 -10
3
1 -147 180
3
2 369 30
3
2 872 10
3
1 502 885
3
2 635 2
3
2 -224 -17
3
2 316 35
3
2 -645 58
3
2 473 62
3
2 267 20
3
2 -297 25
3
2 470 26
3
2 -797 -23
3
2 766 48
3
2 461 49
3
2 -938 -9
3
2 -797 -9
3
1 541 291
3
2 205 -33
3
2 -900 -17
3
2 575 -1
3
1 242 389
3
2 277 63
3
1 -901 787
3
2 590 -5
3
2 -731 -42
3
2 -678 56
3
2 -279 19
3
1 -315 384
3
1 727 128
3
1 -231 932
3
2 -776 48
3
2 999 -64
3
2 331 -56
3
2 284 31
3
2 467 -3
3
2 -881 11
3
2 -370 43
3
2 330 -50
3
2 -357 -14
3
2 910 -13
3
2 759 18
3
2 685 55
3
1 915 783
3
2 678 -48
3
1 -588 802
3
2 787 48
3
2 934 34
3
2 -120 -51
3
2 -120 -45
3
2 -991 -39
3
2 915 31
3
2 -305 -45
3
2 747 -11
3
2 97 -24
3
2 896 -8
3
2 -661 35
3
2 -129 -34
3
2 164 6
3
1 414 342
3
2 837 -61
3
2 690 16
3
2 -805 25
3
2 939 -34
3
1 -407 201
3
1 51 589
3
2 -806 -62
3
2 752 50
3
2 -257 15
3
1 597 399
3
2 -629 -2
3
1 48 30
3
2 -711 7
3
2 -173 -64
3
2 -497 -57
3
2 -1004 50
3
2 790 -19
3
2 38 -40
3
2 747 -52
3
2 -277 -40
3
2 944 13
3
2 857 -11
3
2 889 -19
3
2 -801 2
3
2 -905 -34
3
2 -352 44
3
2 -295 26
3
2 143 3
3
1 -705 446
3
2 -114 -19
3
2 -230 47
3
2 -217 -52
3
2 102 15
3
2 -76 -35
3
1 -326 958
3
2 995 -35
3
2 864 -60
3
2 -1011 6
3
2 -295 -4
3
2 708 -3
3
1 -991 205
3
1 -386 800
3
1 -1016 271
3
1 508 440
3
2 -598 -53
3
2 292 -10
3
2 124 -26
3
2 712 -55
3
2 46 40
3
2 409 12
3
2 -14 16
3
2 233 -9
3
2 983 -18
3
1 51 596
3
1 -290 710
3
2 -434 -15
3
2 291 20
3
2 55 -6
3
1 -489 10
3
2 -1020 44
3
2 908 -22
3
2 -570 16
3
2 -36 32
3
2 51 -14
3
2 -386 27
3
2 -648 26
3
2 259 12
3
1 639 739
3
2 1016 6
3
1 -953 804
3
2 562 60
3
2 -551 -8
3
1 -582 728
3
2 991 59
3
2 -959 33
3
2 -370 -8
3
2 487 -16
3
2 199 54
3
1 -8 740
3
2 935 6
3
2 -149 -61
3
2 -712 -61
3
2 -9 61
3
1 382 481
3
2 511 -35
3
1 -423 113
3
1 -295 884
3
1 163 805
3
2 -531 63
3
2 206 57
3
2 -181 -44
3
1 -786 11
3
2 -641 -60
3
2 730 57
3
2 -207 -48
3
2 -766 -17
3
2 968 -42
3
2 643 -48
3
1 947 852
3
1 -178 967
3
1 925 29
3
2 208 11
3
1 -832 544
3
2 297 -15
3
2 -537 13
3
1 831 886
3
2 443 -63
3
1 -188 809
3
1 160 953
3
1 -570 409
3
2 94 62
3
1 -46 906
3
2 -165 0
3
2 239 37
3
2 13 28
3
2 -846 17
3
2 825 12
3
1 122 513
3
