1063
-4 -315
17 -371
-13 509
1 -139
26 299
-26 -394
-8 -674
12 646
-4 -960
-13 16
-10 718
-17 925
-13 -977
30 -338
-14 -218
-9 -657
11 52
-1 804
-11 318
-14 -298
19 895
-23 -40
-14 -89
14 -181
-1 984
23 -278
-29 -410
-1 280
21 952
25 -1023
2 -345
23 200
-5 -659
-21 268
-6 131
-30 -750
24 -722
-6 -290
-30 327
28 702
-22 -635
-7 -573
23 -467
8 128
-8 161
19 -830
22 -526
-24 -477
-29 374
-27 -503
21 -240
11 -5
-9 5
25 789
-21 -766
30 106
5 377
7 114
-15 -247
-23 395
18 -141
7 -270
10 985
27 -829
-27 -957
-21 -185
-22 -537
9 402
28 27
30 311
-9 -393
-2 -91
-14 463
-5 406
-10 777
-16 641
5 366
19 992
9 135
29 661
16 879
10 542
31 798
-1 -191
25 -939
32 85
-7 -1000
-19 701
7 529
-13 190
-15 370
-24 404
-2 -847
-25 550
12 -491
23 -1022
-20 -362
-7 729
24 -561
-29 -277
-9 -880
-32 753
6 314
-1 -368
27 1023
-21 99
-7 142
-26 593
-15 -151
-32 -905
-14 -207
-4 -255
-4 666
10 378
15 -526
-26 141
19 -92
26 300
-10 -726
9 -985
-20 -757
-1 154
-22 -384
1 -809
18 -672
-4 -666
-2 -567
3 600
14 -448
-16 -308
27 -459
6 -331
-3 -810
-23 -329
26 -99
-27 -726
7 -151
16 -448
-21 -338
-18 -558
23 -409
-28 160
3 -96
-16 -366
22 201
15 531
25 -329
-1 -297
24 169
-20 -114
-6 622
28 -274
27 636
22 448
31 582
-26 -712
17 716
-20 -292
19 207
6 76
-32 717
-6 662
13 807
-14 -239
3 251
-7 -1003
21 -681
-30 -705
-31 561
23 253
30 -367
24 -733
-26 525
-31 -568
3 367
3 115
31 115
-1 447
24 -396
-14 -151
-11 366
-7 728
-29 129
25 -360
-11 278
-25 -215
14 970
-31 772
-27 588
16 -848
13 -289
-19 502
-15 43
-5 749
3 -381
4 -497
-5 -556
-32 -330
-4 766
6 -762
13 -798
-28 954
13 636
-16 129
-20 -120
-5 642
-12 597
9 -582
-6 555
15 287
18 764
20 158
-15 533
13 293
20 -863
0 293
-32 -934
28 -978
15 924
0 -612
-19 993
26 -117
10 -364
-25 180
7 -533
-32 364
-20 769
7 951
12 -162
-20 -986
8 -762
-32 -125
-9 42
-9 54
-20 97
-29 -280
24 -16
29 630
1 -584
7 -189
30 -259
2 -373
-2 185
8 -237
0 -227
13 -489
7 133
17 -637
14 332
-28 -909
-30 -630
-14 -530
-24 975
-3 1023
-8 -626
20 -213
12 496
0 -888
2 -521
-9 -832
-31 213
-20 311
18 625
7 520
-24 -910
-6 -150
23 982
-25 -137
-32 -68
12 300
9 -842
15 469
25 -1012
2 848
-7 -520
-1 -232
31 -282
-26 550
11 -247
-14 -237
-6 -857
-32 -136
-6 -555
-11 546
14 613
20 -805
2 932
17 450
18 -755
24 947
-17 -224
9 467
-30 -743
32 -164
-1 38
0 413
30 -276
-19 -181
10 -507
21 -942
4 -839
19 389
-21 -35
3 524
24 87
-24 497
16 -888
-13 -132
3 444
-1 -573
6 -184
28 176
2 -395
30 758
14 -153
6 228
-5 117
-7 -900
27 -81
4 -196
-8 -443
28 381
-1 -784
28 -914
5 465
-28 142
-6 914
15 333
-22 312
-22 129
1 906
-20 -322
-25 -564
5 -433
5 962
26 -639
23 -328
-25 -300
-27 -10
-5 597
-3 -140
23 -801
1 -480
23 -244
-13 110
8 -9
18 753
18 501
-2 496
31 -456
1 -48
-30 440
14 695
17 561
-19 -561
2 -397
12 359
5 585
-31 -129
31 -801
0 225
-21 -28
-1 907
-20 -883
-9 -995
-31 812
-27 -386
-15 117
-18 -657
10 994
-18 298
-25 130
10 936
-19 536
-19 543
-31 -748
21 -564
32 208
-17 -303
-15 -303
-7 35
0 -293
-8 -288
-11 -554
21 1014
-26 -626
-16 524
-31 -79
30 218
4 731
-3 704
25 -9
22 -794
8 483
-27 -477
13 166
-19 689
-30 744
-31 210
-16 -544
-7 -908
30 487
5 894
4 -461
-16 865
16 -177
18 252
-31 171
0 524
16 923
3 -702
-24 -907
12 962
-6 900
1 -999
4 347
-31 -303
7 -243
1 -807
-20 -859
-11 78
1 89
6 -199
17 301
-20 -623
14 -141
32 263
3 -314
-32 -188
-7 860
8 -596
1 1003
1 -8
-15 -821
-11 569
22 -758
-6 356
20 977
26 102
-24 -31
-24 452
24 -822
14 -196
21 404
-7 -39
-14 -34
-19 422
12 514
30 192
17 -402
-3 573
30 -129
30 731
27 -964
-8 589
32 824
27 -143
12 -293
-12 915
-9 813
16 -674
18 241
-1 211
11 -351
-2 960
16 -373
-27 647
25 925
3 857
32 161
24 -522
-1 438
24 -549
-6 -1005
10 256
29 -807
-1 -950
-8 -671
-17 702
-5 -336
1 785
13 -391
29 -700
15 760
-7 496
-5 -958
14 369
-27 -691
-27 136
19 698
-12 161
-18 -27
-1 -163
18 521
10 840
-3 664
-4 -13
23 1007
18 295
25 -556
-10 639
0 765
-15 526
10 -709
-25 938
-20 -995
-19 -121
-14 311
-32 841
-7 767
-12 -520
27 -792
-29 -345
-22 -734
-8 -67
-30 -796
-5 -756
21 554
-24 554
-26 -81
28 -167
15 542
13 463
22 -59
-21 -364
-4 -602
-23 90
-13 -906
-24 -667
-27 206
3 -882
-14 861
11 -622
11 -332
6 -789
-26 -625
-27 -977
12 805
28 770
2 789
19 -83
8 33
-9 842
-21 -249
-6 48
-30 -560
-6 -633
30 -935
-1 -333
30 726
-4 369
9 -30
31 -495
-11 927
24 -16
-30 -857
25 -145
9 -93
6 864
16 872
-23 127
31 -435
-21 -924
12 287
7 -76
17 -331
17 -936
3 -315
18 926
9 -644
19 792
-9 -726
-10 236
27 -706
24 -649
28 474
0 990
6 -517
25 -819
-7 857
31 -754
3 -602
7 676
-2 -47
-31 207
-30 -561
21 369
0 -404
-3 455
-26 168
-26 -432
-7 -204
32 682
-11 -914
-13 74
-6 1017
25 980
-27 703
-26 9
25 -327
14 -35
31 -834
-8 -127
13 -86
25 214
-21 647
24 725
8 852
6 746
21 -268
12 393
-18 140
-17 -374
-25 -557
25 -550
0 -148
30 276
-25 260
29 341
-20 990
10 769
23 849
31 542
-1 -174
-1 -411
0 59
4 819
19 -694
-29 -1007
-22 80
29 -86
3 -94
-24 999
-14 -686
2 -685
27 358
25 403
20 -472
-13 858
-2 697
5 961
30 941
13 955
29 175
13 -493
16 439
19 187
4 123
31 1022
-31 989
-8 -259
17 421
17 1016
-23 -448
22 -185
25 783
7 1005
5 1018
9 433
-25 -142
12 -600
32 -639
-24 -896
-5 -764
-6 970
12 975
-3 546
-28 -683
-31 -703
-11 -663
24 -882
-12 -112
-29 307
20 545
0 50
-30 168
17 699
14 -451
6 -987
-28 -71
7 33
22 181
-19 251
-13 91
-22 929
-26 709
23 59
1 682
-7 -35
8 -943
-17 -931
-24 -23
14 803
29 83
-32 -666
-8 -713
18 915
15 -55
-23 -521
-18 714
13 -537
-11 454
19 994
-1 400
-22 314
-26 -562
20 731
-4 -338
-26 -547
25 -699
-3 -244
18 203
-2 618
-19 301
5 696
26 504
18 -636
20 193
-26 45
20 -732
-4 -462
13 253
-20 682
22 -246
8 -340
-5 970
31 -308
-13 599
14 -216
-28 406
-32 378
5 638
-15 -181
-6 99
16 -624
10 734
-22 634
-2 -817
5 901
14 -599
-29 40
-13 489
-9 7
2 42
-24 451
-7 270
9 -691
31 570
-8 203
-14 -497
9 548
-10 -996
-8 -314
-19 449
-21 -316
-21 123
-27 222
-14 -543
-27 163
2 20
-1 -565
-6 -95
27 173
-28 433
18 118
-2 466
-10 685
-15 -200
12 218
12 -66
-5 99
-26 139
-10 669
30 550
-15 631
12 420
-2 -166
25 -677
0 -226
16 383
-12 -308
16 46
-27 -705
-7 -276
2 607
9 -73
30 -286
-2 -1022
-23 -851
16 -323
31 -928
-21 359
2 933
26 962
-29 -563
-9 87
25 658
-27 19
-24 1003
18 -535
6 -600
9 -246
-22 995
25 -503
6 820
18 437
-26 295
-29 847
-28 477
12 -114
7 -944
4 -445
-22 617
2 -334
-23 -684
29 668
13 573
-10 -121
15 178
-17 175
27 -427
28 890
32 -130
11 -953
31 -552
-18 773
-5 954
-22 267
-6 -98
26 -907
32 -936
-10 495
-2 -842
8 180
29 773
5 335
25 -570
23 214
3 -624
31 159
27 242
-21 913
32 -790
29 -820
-31 -424
-32 891
14 595
18 838
-28 222
-3 626
-13 -677
27 -709
2 137
-27 102
-11 814
9 385
-15 -857
8 202
-22 941
12 26
-1 -296
-15 -844
-28 -772
-4 -460
-3 -526
-19 444
29 -922
29 -401
30 -248
7 -761
-25 473
5 -427
-26 -616
9 -1007
23 -331
-1 841
-30 959
4 -840
20 503
-13 -364
29 -622
-29 824
13 838
-8 743
-29 -901
32 644
-14 -395
6 -300
20 503
10 -174
7 272
-31 -454
28 664
19 -632
9 -33
-32 -904
9 -405
1 361
-28 854
-30 1023
26 -964
-9 -475
7 346
7 190
-18 478
-24 1021
-4 171
1 -69
19 -727
-25 465
-6 351
-29 -904
-18 -8
-3 890
-1 48
-2 287
2 -7
8 285
23 -964
8 -349
-2 491
30 263
31 -810
-12 -41
19 -508
-18 263
6 497
-12 300
24 352
-24 -713
-13 -483
18 -5
1 -102
-32 -151
8 754
-2 1009
-4 172
-27 -143
29 -583
-21 -127
23 753
-32 801
14 -506
-16 202
-24 754
31 757
-28 -425
-15 -218
-18 -506
30 455
29 -869
-31 -556
26 687
21 713
1 -371
8 -476
-4 721
22 95
30 -623
19 60
2 298
0 402
8 31
-20 -655
-25 327
15 284
8 -785
0 809
24 -459
-8 517
-10 58
19 64
9 366
-32 993
17 967
13 897
10 332
29 625
-32 -54
-22 -113
-12 -230
-20 -782
10 -101
0 -90
-29 -501
27 658
25 979
-17 -177
-9 -657
-24 -450
-24 331
-4 -986
-30 -302
-25 513
2 121
-21 -595
-22 571
22 -101
-26 699
-10 -91
-15 235
6 -245
-31 -248
13 510
-24 906
2 -595
12 508
-26 -149
-9 -917
21 -663
-2 -773
19 -393
-4 -74
0 779
-30 852
15 -715
-22 -283
-3 252
-19 -870
8 -924
-27 823
10 -777
-24 -539
3 1024
31 -50
-5 309
-4 127
-21 -2
25 -579
-3 -348
3 -585
-17 -177
3 26
29 -375
27 837
-24 -809
17 -258
20 941
6 49
-5 308
19 789
-26 199
-26 532
-25 968
31 461
29 226
19 -444
-14 31
26 636
-27 -751
23 917
23 -453
-27 -585
2 -137
-27 -108
-12 486
24 788
-25 -453
14 369
32 -776
22 -915
-15 -320
-26 11
3
2 784 -8
3
2 -992 -49
3
2 -1015 52
3
2 -576 57
3
2 936 -31
3
2 -115 -28
3
2 57 55
3
2 938 45
3
2 -282 59
3
1 -90 1046
3
2 645 -31
3
2 -1013 -25
3
2 808 -6
3
2 214 -14
3
2 508 -6
3
2 -52 51
3
2 -849 -4
3
2 -839 -58
3
1 445 158
3
2 667 56
3
2 -124 49
3
2 756 64
3
2 -855 -9
3
2 225 -23
3
2 -127 -26
3
2 -994 49
3
2 -159 -37
3
2 -125 -28
3
1 -378 794
3
2 217 -49
3
2 300 57
3
2 -882 64
3
2 802 -21
3
2 750 55
3
2 947 11
3
2 -744 8
3
2 684 -53
3
1 -348 377
3
2 171 -3
3
1 423 542
3
2 -707 -18
3
1 -526 465
3
1 -46 257
3
2 -508 50
3
1 862 766
3
1 -37 897
3
2 327 -60
3
2 -943 -2
3
2 -589 43
3
2 298 -16
3
2 -177 56
3
2 424 -15
3
2 -729 19
3
2 118 -35
3
2 628 -23
3
1 -861 394
3
1 -734 1007
3
2 849 -50
3
1 -846 119
3
2 974 58
3
2 -645 -2
3
2 743 -45
3
2 -865 35
3
2 455 31
3
1 329 473
3
2 -295 28
3
1 -625 1026
3
2 -1001 -38
3
2 790 52
3
2 -717 -19
3
2 25 18
3
2 772 56
3
1 484 342
3
1 -883 505
3
2 -764 21
3
1 -860 814
3
1 843 80
3
1 -452 628
3
2 971 -5
3
2 938 -8
3
1 -766 275
3
1 291 324
3
1 437 782
3
2 479 30
3
2 -1003 47
3
2 -307 32
3
1 169 596
3
2 715 45
3
1 643 85
3
1 -379 571
3
1 -354 198
3
2 585 40
3
2 -403 -55
3
2 938 20
3
2 452 -42
3
2 6 15
3
2 -696 17
3
2 281 59
3
2 401 38
3
1 -571 346
3
1 745 703
3
2 -235 -47
3
2 334 4
3
2 886 -56
3
2 -485 -61
3
1 -958 477
3
2 -882 6
3
2 -437 -2
3
2 435 2
3
1 -367 387
3
1 -881 779
3
2 688 -6
3
2 -491 54
3
1 -909 770
3
2 427 27
3
2 975 9
3
1 -83 15
3
2 493 -5
3
1 -166 285
3
2 631 31
3
2 -57 -22
3
1 1003 81
3
1 297 884
3
1 1008 328
3
2 -25 51
3
2 -812 64
3
2 188 -60
3
1 -793 648
3
1 623 728
3
2 -285 64
3
2 522 12
3
2 -822 -15
3
2 60 -2
3
2 426 -32
3
2 -885 38
3
2 -261 -53
3
2 828 -60
3
1 -549 37
3
2 -732 -44
3
2 -310 -45
3
2 862 -35
3
2 368 20
3
2 431 42
3
2 -977 12
3
2 -153 34
3
1 766 418
3
2 196 44
3
2 102 -38
3
2 976 14
3
2 -420 21
3
2 128 -42
3
2 4 -21
3
1 -814 1013
3
2 -492 -24
3
2 440 52
3
2 -90 -4
3
2 179 56
3
2 409 -12
3
2 321 -29
3
1 -489 529
3
2 257 -18
3
2 -507 -50
3
2 -16 52
3
2 253 -43
3
2 -300 -53
3
1 515 721
3
2 388 -18
3
2 -877 36
3
2 -757 55
3
2 -1009 51
3
2 107 60
3
2 891 -42
3
2 174 -27
3
2 -589 -61
3
2 699 61
3
2 -214 41
3
1 1024 689
3
2 1023 -57
3
2 398 -9
3
2 637 -35
3
2 -730 -40
3
1 12 312
3
2 -208 -51
3
1 -666 468
3
2 -317 58
3
1 -772 268
3
2 -70 -44
3
2 943 -62
3
1 626 297
3
2 -699 5
3
2 576 24
3
2 97 47
3
2 -592 -33
3
2 540 20
3
1 -864 615
3
2 -493 -40
3
2 -394 36
3
1 846 354
3
2 -724 64
3
1 798 973
3
2 817 51
3
2 978 -63
3
2 634 36
3
2 984 -10
3
1 -98 869
3
2 -376 -22
3
2 -64 -24
3
2 -701 7
3
2 786 62
3
2 -328 -62
3
1 -843 991
3
2 -466 31
3
2 -722 51
3
1 744 487
3
2 191 2
3
2 375 -57
3
1 -1011 210
3
2 -965 51
3
1 431 236
3
2 -293 -24
3
2 -253 4
3
2 -408 10
3
2 362 -32
3
2 440 39
3
2 879 57
3
2 -722 42
3
2 266 25
3
2 -137 -30
3
2 -61 -62
3
2 -742 58
3
2 154 -33
3
1 -141 524
3
2 374 -4
3
2 -229 -40
3
2 -965 -31
3
1 -396 466
3
2 -946 27
3
1 393 337
3
2 -154 -41
3
2 -776 62
3
2 248 -37
3
2 -999 10
3
2 651 49
3
2 379 58
3
1 -48 1027
3
1 73 761
3
1 -418 499
3
2 -998 -24
3
2 -581 -53
3
2 750 28
3
2 -884 3
3
2 413 -62
3
2 -892 30
3
2 687 36
3
2 -46 -53
3
2 350 -11
3
2 128 19
3
2 68 -19
3
2 -481 37
3
2 -42 45
3
2 642 14
3
2 -322 -48
3
1 -516 275
3
2 -77 -24
3
2 765 9
3
2 -1004 -45
3
2 -145 24
3
1 860 742
3
2 354 -35
3
1 -281 200
3
1 -795 647
3
2 -428 -57
3
2 -691 61
3
2 -422 37
3
2 -265 -7
3
2 242 59
3
2 149 -47
3
1 -962 568
3
2 -505 -36
3
1 -84 909
3
2 -1000 -10
3
2 987 20
3
2 -882 -57
3
2 -841 -10
3
2 774 -12
3
2 841 -44
3
2 224 59
3
2 586 -5
3
1 458 273
3
2 -128 -44
3
2 -190 61
3
2 400 43
3
2 810 62
3
2 10 5
3
2 -28 42
3
2 437 -20
3
2 -624 -26
3
1 741 448
3
2 271 -61
3
2 -144 39
3
2 751 18
3
2 -911 33
3
1 76 839
3
2 972 -51
3
2 843 53
3
2 -65 -40
3
2 -997 37
3
2 757 43
3
2 -375 -14
3
2 -288 33
3
2 -91 -21
3
1 -271 684
3
2 -867 15
3
1 -198 347
3
2 -131 57
3
1 -405 9
3
2 -177 43
3
2 -250 46
3
2 988 -25
3
2 -104 -53
3
2 -580 -28
3
2 394 56
3
2 -368 32
3
1 506 549
3
1 -48 569
3
2 1014 -25
3
2 545 -62
3
2 -30 24
3
2 -484 14
3
2 -32 17
3
1 -867 511
3
2 -703 -23
3
1 -449 985
3
1 995 745
3
2 -9 55
3
2 967 6
3
1 -241 131
3
1 1006 712
3
1 854 886
3
2 -47 -5
3
2 63 54
3
2 -955 63
3
2 214 46
3
2 652 -41
3
1 -349 95
3
1 151 1042
3
2 724 -63
3
2 -344 -63
3
2 -743 46
3
2 517 28
3
2 -769 23
3
2 968 61
3
1 997 26
3
2 -536 -63
3
2 -52 -47
3
2 -673 -38
3
2 -872 -6
3
2 919 53
3
1 62 140
3
1 169 659
3
2 -328 15
3
1 -247 904
3
2 -804 -25
3
1 -397 497
3
2 943 -46
3
2 133 -28
3
2 -835 34
3
2 359 -13
3
2 -401 17
3
2 299 16
3
1 -660 121
3
2 -655 63
3
2 384 -31
3
2 -915 -7
3
2 710 5
3
2 -212 5
3
2 -969 -34
3
2 700 4
3
2 -673 6
3
2 317 58
3
1 -936 632
3
2 433 -64
3
2 783 -50
3
2 86 -9
3
2 880 53
3
2 -474 23
3
2 987 58
3
2 805 -51
3
2 922 64
3
2 -135 49
3
2 874 -3
3
1 37 250
3
2 178 -61
3
2 1007 -37
3
2 590 41
3
2 893 -59
3
2 -1024 -60
3
2 151 17
3
2 680 -51
3
2 160 -47
3
1 -596 124
3
2 -712 58
3
2 -332 -1
3
1 -97 821
3
2 616 -52
3
2 -45 -61
3
1 270 389
3
2 -946 -21
3
2 594 -3
3
2 117 -39
3
2 1015 3
3
2 -724 60
3
1 457 679
3
1 731 519
3
2 184 -41
3
1 207 550
3
1 -698 851
3
2 505 36
3
2 11 -14
3
2 -746 54
3
1 660 822
3
1 -531 424
3
2 839 -12
3
2 851 22
3
2 -1 51
3
2 -102 44
3
2 -96 22
3
2 -496 -35
3
2 386 -36
3
2 -356 38
3
2 511 53
3
2 856 36
3
2 989 -35
3
2 -445 32
3
2 -983 -1
3
1 504 361
3
1 -640 531
3
2 466 -14
3
2 827 -62
3
2 12 54
3
2 -837 -36
3
2 -194 -6
3
2 193 10
3
1 -756 948
3
2 765 -13
3
2 327 -26
3
2 188 -20
3
1 672 63
3
2 749 -40
3
2 -83 -53
3
2 -520 -25
3
2 609 -61
3
2 213 -29
3
2 -871 -22
3
2 771 39
3
2 526 3
3
2 342 -23
3
2 -902 39
3
2 -629 -38
3
2 10 30
3
2 146 -56
3
2 290 -42
3
2 274 34
3
1 -450 684
3
2 234 0
3
2 318 42
3
2 306 -11
3
1 -442 1
3
2 76 -7
3
2 -385 -43
3
1 235 331
3
2 587 -56
3
1 -36 640
3
2 -417 36
3
2 -799 26
3
2 -931 -53
3
2 -997 -52
3
2 727 -54
3
2 -722 31
3
2 529 -32
3
2 810 20
3
2 625 -42
3
2 -440 53
3
2 -125 -57
3
2 188 43
3
2 245 -52
3
2 571 -25
3
1 483 753
3
2 616 -47
3
2 853 25
3
1 178 787
3
1 786 28
3
2 -105 -50
3
2 851 -19
3
1 -381 483
3
2 -494 -1
3
1 -705 608
3
2 315 58
3
2 587 -11
3
1 701 1061
3
2 -242 -51
3
2 -469 -21
3
1 94 558
3
2 388 -8
3
2 -5 24
3
2 -348 35
3
2 -547 13
3
1 -62 250
3
2 -217 46
3
1 828 464
3
2 528 40
3
2 205 -62
3
1 -29 952
3
2 924 30
3
2 889 -46
3
2 55 28
3
2 202 5
3
2 -148 47
3
1 514 343
3
2 241 -18
3
2 -114 -43
3
2 140 -47
3
2 764 35
3
2 116 -42
3
2 -954 19
3
1 759 689
3
2 -361 -24
3
2 102 -11
3
2 926 42
3
2 -374 51
3
1 -538 321
3
2 -831 -3
3
2 837 -25
3
2 -561 41
3
2 485 -13
3
2 -129 28
3
2 -702 7
3
2 268 -15
3
1 -866 577
3
2 -736 55
3
1 -52 346
3
2 689 24
3
2 156 50
3
2 881 9
3
2 -822 -11
3
2 33 8
3
2 429 13
3
2 -971 -47
3
1 809 856
3
2 648 -26
3
1 -190 1001
3
1 231 567
3
2 -511 -38
3
2 399 -61
3
2 514 52
3
2 418 5
3
2 357 -23
3
1 995 336
3
2 385 29
3
2 476 -5
3
2 383 29
3
2 -433 12
3
1 -242 720
3
2 -255 17
3
2 503 38
3
2 -557 -17
3
2 22 -64
3
2 1 -38
3
2 159 -20
3
2 -881 -62
3
2 243 -44
3
2 916 -61
3
2 291 -16
3
1 -452 318
3
2 82 -4
3
2 44 -47
3
1 -19 531
3
2 -703 -41
3
2 93 -28
3
2 619 23
3
2 1010 4
3
2 -974 30
3
2 532 7
3
2 -104 -47
3
2 76 9
3
2 51 17
3
1 -788 740
3
2 -546 23
3
2 -789 -1
3
2 916 -64
3
1 948 499
3
2 -824 -31
3
2 802 -31
3
2 -562 -44
3
2 -563 -5
3
1 -745 815
3
1 -642 204
3
1 -744 89
3
2 999 25
3
1 135 350
3
2 907 44
3
2 -542 59
3
2 803 -46
3
2 621 26
3
2 -2 11
3
2 40 -30
3
2 790 49
3
2 -843 42
3
2 -440 -28
3
1 -983 462
3
2 198 -15
3
2 -1010 -52
3
2 -460 -3
3
2 -693 -63
3
2 236 50
3
1 -159 424
3
2 735 21
3
1 593 92
3
1 -106 178
3
2 -103 62
3
2 1007 63
3
2 -951 57
3
2 882 -44
3
2 -376 51
3
1 348 283
3
1 -71 839
3
1 -328 82
3
2 -41 -43
3
2 -980 48
3
1 -97 995
3
2 183 -23
3
2 -772 6
3
1 -429 709
3
1 478 1013
3
2 -1017 -14
3
2 720 60
3
1 -418 307
3
2 -569 -59
3
2 -574 -41
3
2 663 -26
3
2 621 48
3
2 12 -28
3
2 387 7
3
2 772 -50
3
2 -38 60
3
2 -782 47
3
2 -83 -7
3
2 -791 -33
3
2 759 -21
3
1 877 658
3
2 -29 -38
3
1 73 1023
3
2 -793 -60
3
2 304 21
3
2 426 28
3
1 433 649
3
2 766 -26
3
2 -438 -24
3
2 -149 10
3
2 142 52
3
1 -175 501
3
2 619 -51
3
2 217 28
3
1 238 173
3
2 135 64
3
1 -83 608
3
2 303 -50
3
2 -150 30
3
2 552 14
3
1 -728 30
3
2 -766 38
3
2 36 -37
3
2 152 -22
3
2 -544 34
3
1 -767 97
3
2 -555 17
3
2 335 43
3
1 -743 847
3
2 -480 -61
3
1 857 36
3
1 559 1033
3
2 -378 10
3
2 -857 -23
3
2 377 -43
3
2 -983 26
3
2 612 20
3
1 -552 690
3
1 -125 410
3
2 -592 15
3
2 970 34
3
2 -420 20
3
2 -326 -24
3
2 846 30
3
2 751 16
3
1 -373 832
3
2 -854 -30
3
2 -776 13
3
2 -349 -35
3
2 279 32
3
2 633 43
3
2 499 -28
3
2 -378 36
3
2 -938 10
3
2 -4 59
3
1 343 1000
3
2 -151 -22
3
2 -1018 -5
3
2 640 51
3
1 -532 753
3
2 621 9
3
2 346 -33
3
2 -798 -29
3
2 -115 -41
3
1 512 1009
3
2 -589 14
3
2 -814 48
3
2 960 28
3
2 595 12
3
1 -496 689
3
2 -346 36
3
2 480 -21
3
2 536 -46
3
2 521 -24
3
2 -256 27
3
2 494 34
3
2 -164 29
3
2 501 54
3
2 177 34
3
2 -461 13
3
1 -110 689
3
2 -185 58
3
2 324 10
3
1 -1011 1015
3
1 509 313
3
2 780 15
3
2 -366 -48
3
2 1017 13
3
2 -187 -23
3
1 761 424
3
1 -770 406
3
1 -62 953
3
1 -353 858
3
1 -905 217
3
2 216 -4
3
2 448 61
3
2 227 47
3
2 -750 -63
3
2 -1011 -55
3
2 -984 17
3
2 -655 -16
3
1 144 153
3
2 868 -55
3
2 -1022 -15
3
2 117 -17
3
2 445 16
3
2 -571 44
3
2 1005 48
3
2 -987 1
3
2 -222 -6
3
2 -747 -17
3
2 915 -51
3
2 -33 32
3
1 320 98
3
2 -63 49
3
2 864 24
3
2 -217 28
3
1 426 758
3
2 735 1
3
1 -1013 699
3
1 -984 258
3
2 -972 -59
3
2 -527 -57
3
1 511 1062
3
2 211 -61
3
2 -697 -47
3
2 -229 -50
3
2 -207 27
3
2 155 56
3
2 359 38
3
2 444 47
3
2 268 9
3
2 999 49
3
2 -80 46
3
1 -406 946
3
2 -888 -22
3
2 458 32
3
2 498 47
3
2 749 12
3
2 737 -14
3
2 752 35
3
2 -979 53
3
1 -978 718
3
2 -304 28
3
2 -174 49
3
2 886 -20
3
2 -358 37
3
2 -537 39
3
2 774 15
3
2 724 8
3
2 -675 24
3
2 -309 61
3
1 -174 302
3
2 226 -51
3
2 -133 35
3
2 -529 -10
3
2 903 -30
3
1 -677 337
3
2 673 -33
3
1 -528 77
3
2 -336 -43
3
2 -867 28
3
2 -317 -40
3
2 -762 -13
3
2 -231 -40
3
2 357 -15
3
2 625 -25
3
2 8 34
3
1 -486 215
3
2 -106 62
3
2 -677 29
3
2 -935 -9
3
2 191 59
3
1 -840 365
3
2 -234 -42
3
2 -725 -5
3
2 -916 -10
3
2 -652 59
3
2 -983 31
3
2 -623 -13
3
2 -385 -19
3
2 82 -18
3
2 980 -15
3
2 -939 35
3
1 -837 135
3
1 638 225
3
1 398 58
3
1 -657 1062
3
2 896 -54
3
2 607 -21
3
1 508 333
3
1 -761 879
3
2 -994 -5
3
2 5 -42
3
2 449 17
3
2 -917 -62
3
2 361 19
3
2 810 41
3
2 -74 -41
3
1 -729 425
3
2 790 57
3
2 219 62
3
1 209 437
3
2 439 -44
3
2 68 4
3
2 399 58
3
2 -830 48
3
1 588 447
3
2 -99 -32
3
1 224 591
3
2 -90 -15
3
2 -402 13
3
2 -118 -19
3
2 205 -62
3
1 141 168
3
2 -124 51
3
2 561 10
3
1 -992 606
3
2 194 -50
3
2 -618 -32
3
1 -262 817
3
1 235 292
3
2 -915 -48
3
1 -94 265
3
1 141 587
3
2 -785 -50
3
2 308 -6
3
2 707 53
3
2 198 -33
3
1 -781 345
3
1 113 418
3
2 86 51
3
1 891 1018
3
1 690 265
3
2 -593 32
3
2 -839 13
3
2 -163 23
3
2 606 53
3
2 -506 44
3
2 500 27
3
1 774 811
3
2 -797 22
3
2 -6 16
3
2 980 -57
3
2 -195 -58
3
2 196 29
3
2 1004 -52
3
2 740 7
3
2 460 -45
3
2 -152 40
3
2 332 37
3
2 -397 19
3
2 -55 11
3
2 -71 21
3
2 -537 19
3
2 736 14
3
2 914 35
3
2 -720 -4
3
2 -897 14
3
2 -957 -8
3
2 -655 -6
3
2 633 46
3
1 -81 695
3
2 145 -40
3
2 974 -51
3
2 -234 -57
3
2 -221 1
3
2 849 -30
3
1 -4 377
3
2 -212 33
3
1 -300 27
3
1 -7 495
3
2 -641 -2
3
2 351 49
3
2 365 62
3
2 741 37
3
2 -373 58
3
1 -949 848
3
1 -760 782
3
2 654 48
3
1 580 163
3
1 -650 559
3
2 -871 4
3
2 -652 -23
3
2 449 -8
3
2 358 -12
3
2 837 51
3
2 -275 -2
3
2 913 34
3
1 -82 670
3
2 -632 -36
3
2 -879 -36
3
2 834 -54
3
2 839 -27
3
2 -205 61
3
2 -813 -26
3
2 318 -48
3
2 918 -60
3
2 -726 -36
3
1 1017 468
3
2 -211 -31
3
1 -614 587
3
2 -710 54
3
1 909 510
3
2 494 -23
3
2 461 -22
3
2 12 49
3
2 312 62
3
2 922 -47
3
1 59 864
3
2 937 58
3
1 551 450
3
2 -213 -47
3
2 -176 23
3
2 -503 15
3
1 -746 228
3
2 990 -12
3
1 -605 880
3
2 -684 -51
3
2 129 61
3
2 215 -18
3
2 478 -26
3
2 41 -39
3
2 -265 57
3
2 -111 51
3
1 -215 297
3
2 658 1
3
2 264 3
3
2 546 -59
3
2 778 -36
3
1 951 340
3
2 -169 -64
3
1 -636 211
3
2 -135 -15
3
2 706 14
3
2 -693 -7
3
2 228 -35
3
2 919 35
3
2 155 -64
3
2 395 -58
3
2 -352 -6
3
2 -637 -59
3
2 91 6
3
1 -430 961
3
1 698 583
3
1 922 436
3
1 -1017 329
3
2 -30 -43
3
2 716 32
3
2 -1001 39
3
2 -442 -18
3
2 -465 13
3
2 -80 40
3
2 -783 -31
3
2 235 41
3
2 -724 -31
3
1 -800 1053
3
1 -874 805
3
1 344 157
3
2 -186 -51
3
2 -662 49
3
2 380 12
3
2 -816 -43
3
2 236 -47
3
1 -184 278
3
1 -858 352
3
2 593 21
3
1 -724 766
3
2 -817 15
3
2 -555 5
3
2 968 -64
3
2 -186 5
3
2 -42 -57
3
2 -560 -50
3
2 -120 29
3
1 951 263
3
1 501 736
3
2 74 47
3
2 666 -63
3
2 942 38
3
2 927 -46
3
1 -847 732
3
2 278 20
3
2 636 -43
3
2 470 -54
3
1 -1012 460
3
2 590 -7
3
2 890 42
3
2 -475 29
3
2 426 -2
3
1 846 296
3
2 123 21
3
2 685 6
3
2 -846 45
3
1 378 116
3
2 586 58
3
2 456 -10
3
2 -954 18
3
1 753 915
3
2 663 61
3
2 269 -34
3
2 539 22
3
2 -250 48
3
2 -603 36
3
2 969 -1
3
2 -778 31
3
2 741 38
3
2 393 -29
3
2 -212 -43
3
1 -920 846
3
2 -789 -8
3
2 595 40
3
1 335 384
3
1 759 685
3
2 966 45
3
1 401 410
3
2 -411 41
3
2 656 -11
3
2 -629 -10
3
2 892 -2
3
2 -1013 -52
3
2 136 -20
3
2 877 51
3
2 358 -28
3
2 293 -25
3
2 -475 26
3
1 174 24
3
2 -888 29
3
2 507 -29
3
2 -524 58
3
1 -245 601
3
2 589 56
3
1 980 925
3
1 -348 847
3
1 -923 777
3
1 224 704
3
2 -248 -64
3
2 964 6
3
2 -870 29
3
2 699 26
3
2 -885 27
3
2 -777 -42
3
2 -430 54
3
2 -22 -30
3
2 -330 -4
3
1 123 894
3
2 203 -17
3
2 -1014 -2
3
2 -824 -45
3
2 -879 20
3
2 -802 -2
3
2 445 38
3
1 435 986
3
2 558 -41
3
1 147 46
3
2 519 47
3
2 -849 -58
3
2 314 -9
3
2 560 13
3
1 -118 719
3
2 317 -42
3
2 -427 -25
3
2 799 -53
3
2 364 23
3
2 483 58
3
2 744 -5
3
1 858 944
3
2 -959 31
3
2 -670 64
3
2 -683 1
3
2 727 53
3
2 624 54
3
2 -231 26
3
2 293 -57
3
1 638 819
3
2 -40 54
3
2 432 -61
3
1 207 566
3
2 -191 -12
3
1 462 637
3
2 775 -52
3
2 -54 4
3
1 468 352
3
2 -298 55
3
2 768 26
3
2 227 -54
3
1 133 349
3
2 151 -28
3
2 595 -4
3
2 -537 -56
3
1 -290 135
3
2 117 -27
3
2 768 -22
3
2 925 -42
3
2 -71 2
3
2 822 -51
3
2 -773 11
3
2 611 54
3
2 430 50
3
2 -962 -16
3
2 362 64
3
2 519 6
3
2 133 -56
3
1 -2 884
3
1 918 647
3
2 459 -33
3
2 -909 9
3
2 321 39
3
2 769 42
3
2 -780 -43
3
2 -791 57
3
2 -24 -34
3
2 440 12
3
2 -978 -31
3
2 -992 61
3
2 655 8
3
2 91 -59
3
2 -502 -22
3
2 -459 11
3
2 301 -21
3
2 -295 11
3
2 24 -41
3
2 351 5
3
2 -83 37
3
2 670 -27
3
2 492 -24
3
1 -309 676
3
1 -457 682
3
1 147 832
3
2 -116 7
3
2 864 -44
3
2 888 -62
3
2 -37 38
3
2 272 -8
3
2 -750 59
3
2 -647 -54
3
2 15 56
3
2 838 -46
3
2 -417 -5
3
1 -934 522
3
1 45 443
3
2 191 28
3
2 -8 37
3
1 -623 714
3
1 -585 116
3
2 652 -29
3
2 -357 56
3
1 66 344
3
1 906 713
3
2 -346 -35
3
2 710 -9
3
1 -832 590
3
2 -851 -56
3
2 493 -53
3
2 43 8
3
1 517 447
3
2 -153 31
3
2 -229 42
3
2 -679 -53
3
1 -844 72
3
2 184 1
3
2 -317 -16
3
2 -435 -11
3
1 818 734
3
2 -385 13
3
1 841 989
3
2 -249 61
3
2 -566 57
3
1 -297 311
3
2 -372 -17
3
1 -187 276
3
2 -211 64
3
2 -253 62
3
2 -832 -10
3
2 -524 29
3
2 -937 44
3
2 117 -58
3
2 231 -29
3
2 497 -32
3
2 794 6
3
2 778 -21
3
2 -378 55
3
1 79 655
3
2 -750 9
3
2 700 18
3
1 -649 3
3
1 841 425
3
2 -618 64
3
2 -131 2
3
2 597 -9
3
2 -814 -21
3
2 -595 41
3
2 939 -43
3
2 790 40
3
2 288 -50
3
2 585 5
3
1 -39 959
3
1 214 1009
3
2 268 2
3
2 -687 -42
3
2 -461 12
3
1 -267 677
3
2 -316 36
3
2 165 -6
3
2 854 58
3
2 204 49
3
2 -673 -55
3
2 -124 2
3
2 546 -9
3
1 808 1056
3
2 -592 -57
3
2 -828 5
3
1 -276 865
3
2 -395 53
3
2 -911 -39
3
1 -98 6
3
2 -656 -36
3
1 -206 86
3
2 -904 -45
3
1 704 737
3
2 606 -27
3
1 36 672
3
2 447 -63
3
2 -294 29
3
2 -375 -51
3
2 -531 -16
3
2 -177 50
3
2 647 -50
3
2 -917 -26
3
2 -505 60
3
2 -851 -37
3
2 657 27
3
2 677 27
3
2 943 -59
3
2 595 -52
3
2 -538 35
3
2 311 63
3
2 -606 35
3
2 -851 16
3
2 634 61
3
2 -466 41
3
2 379 -30
3
2 292 39
3
1 534 781
3
2 -827 -43
3
1 419 993
3
1 590 972
3
2 53 47
3
2 -886 -37
3
2 -57 34
3
1 170 363
3
2 402 10
3
1 161 944
3
1 -105 787
3
2 846 -25
3
1 -435 616
3
2 -379 -23
3
2 835 -37
3
2 -755 -57
3
1 -944 729
3
2 -750 -18
3
1 -510 392
3
2 943 -7
3
2 -323 24
3
2 731 16
3
2 -421 -18
3
2 292 12
3
2 619 -24
3
2 -557 -27
3
1 10 192
3
2 392 36
3
2 -390 59
3
2 -932 -64
3
2 -430 11
3
2 626 -3
3
1 383 2
3
1 -227 989
3
2 410 -38
3
2 810 15
3
2 599 57
3
1 234 389
3
1 -629 203
3
2 -51 5
3
2 80 -57
3
2 -341 28
3
2 -982 50
3
2 796 52
3
2 -1021 -62
3
2 -988 -15
3
2 652 -42
3
2 -119 -8
3
2 -466 4
3
2 -898 -23
3
1 552 31
3
2 999 -41
3
2 151 1
3
2 -366 10
3
2 252 62
3
2 577 60
3
2 -462 41
3
2 -294 7
3
1 449 551
3
2 -160 45
3
2 21 -25
3
1 -976 407
3
2 38 54
3
1 882 712
3
2 -718 13
3
2 768 49
3
2 -1020 47
3
1 -874 903
3
1 927 792
3
2 -343 -30
3
1 -125 815
3
1 637 44
3
1 64 276
3
2 759 -6
3
2 -579 0
3
2 -361 -34
3
1 -601 231
3
2 377 58
3
2 918 5
3
2 -981 -44
3
2 954 -50
3
1 614 125
3
2 537 -37
3
2 873 47
3
2 -794 -26
3
2 -626 1
3
1 -95 720
3
2 -176 27
3
2 -651 -64
3
2 -557 -41
3
1 969 1047
3
2 362 9
3
2 -791 47
3
2 107 16
3
2 866 -39
3
1 -769 415
3
1 -958 376
3
1 305 899
3
2 -930 32
3
2 -661 62
3
2 257 -21
3
2 -862 -47
3
1 -309 636
3
2 443 -5
3
2 618 12
3
2 148 61
3
2 208 43
3
2 710 -53
3
2 1006 16
3
2 -34 -53
3
2 -319 -12
3
2 594 39
3
1 757 738
3
2 707 -55
3
2 -732 52
3
2 -769 36
3
1 994 413
3
1 364 370
3
2 750 64
3
2 476 -41
3
2 -1014 58
3
2 834 -39
3
1 746 924
3
2 -531 1
3
1 695 255
3
2 680 -40
3
1 -833 422
3
2 -192 16
3
2 -165 -25
3
2 -658 28
3
2 230 42
3
2 -319 62
3
2 -92 -24
3
2 -937 44
3
2 152 -61
3
2 719 -13
3
2 -114 47
3
2 423 -24
3
2 -34 21
3
2 547 18
3
2 593 -44
3
2 -726 32
3
2 770 -55
3
2 -311 -40
3
2 324 -57
3
2 -618 9
3
2 704 -7
3
2 -864 43
3
2 -349 -56
3
2 439 -62
3
1 951 676
3
2 -851 8
3
2 476 -34
3
2 44 -23
3
2 395 -30
3
1 -850 966
3
2 -450 48
3
2 -263 19
3
2 543 57
3
2 -244 -58
3
2 -210 10
3
2 362 -21
3
2 -894 -32
3
2 538 25
3
2 -888 -8
3
2 -410 1
3
1 -383 556
3
2 103 -10
3
2 -578 -8
3
1 614 824
3
2 639 -4
3
1 -934 965
3
2 -221 33
3
2 475 -22
3
1 -182 27
3
2 180 31
3
1 432 1
3
1 -259 372
3
1 -197 574
3
2 782 27
3
2 555 7
3
2 587 -59
3
2 -1000 30
3
2 -655 40
3
2 127 27
3
2 -819 -7
3
2 265 -38
3
2 -655 29
3
1 253 554
3
2 461 56
3
2 -276 6
3
2 904 -63
3
2 -246 5
3
2 -523 -9
3
2 99 -16
3
2 221 25
3
2 -56 50
3
2 422 -49
3
2 -803 40
3
2 -722 -36
3
2 -260 -11
3
2 -313 39
3
1 -793 534
3
1 -895 936
3
1 880 503
3
2 764 55
3
1 -550 939
3
2 954 40
3
2 -616 -41
3
2 688 18
3
1 527 212
3
1 991 570
3
2 -919 -60
3
2 970 25
3
2 366 -52
3
1 -41 303
3
2 -558 5
3
2 615 -50
3
2 776 -25
3
1 -336 256
3
2 -210 -7
3
2 877 40
3
2 -781 41
3
2 204 64
3
2 235 27
3
2 948 -20
3
2 515 11
3
2 -608 -32
3
2 561 4
3
2 146 -43
3
2 1010 -32
3
2 844 -15
3
2 -152 -50
3
2 302 53
3
2 -225 20
3
1 -342 660
3
2 -820 -20
3
2 864 63
3
2 540 38
3
2 667 -64
3
2 -117 -40
3
2 763 -57
3
2 201 51
3
2 351 40
3
2 -891 -10
3
2 -85 34
3
2 -859 44
3
2 841 64
3
2 -6 -13
3
1 961 234
3
2 -179 -13
3
2 -563 -45
3
2 -852 -19
3
1 -803 469
3
2 813 -15
3
1 645 827
3
1 152 903
3
2 -150 40
3
2 668 -63
3
2 604 18
3
1 828 271
3
2 302 42
3
2 -131 58
3
1 915 626
3
2 667 27
3
1 438 408
3
1 397 398
3
2 237 -1
3
2 -715 -46
3
2 -383 26
3
2 876 -35
3
1 -641 952
3
1 438 666
3
2 730 -26
3
2 73 40
3
2 -374 -4
3
1 839 802
3
2 -220 -41
3
1 876 837
3
2 -490 60
3
2 -796 -48
3
2 805 57
3
2 -350 -1
3
2 11 -46
3
2 59 11
3
2 -417 -29
3
1 -772 490
3
2 682 -40
3
1 211 925
3
1 -495 810
3
2 -830 55
3
2 -992 -44
3
2 346 49
3
2 1004 62
3
2 -664 24
3
2 107 26
3
1 -856 540
3
2 -595 -13
3
1 -922 176
3
2 -1016 6
3
1 -235 400
3
2 247 -39
3
1 815 482
3
2 369 52
3
2 152 -34
3
1 -788 496
3
2 249 -56
3
1 -1021 222
3
1 -721 422
3
2 -537 -42
3
2 -446 -8
3
2 292 15
3
1 -79 61
3
2 -372 30
3
2 -65 -18
3
1 901 794
3
1 -964 1007
3
2 739 26
3
2 544 -63
3
1 200 933
3
2 235 -53
3
2 -181 59
3
2 -1015 -46
3
2 640 -3
3
1 152 510
3
2 -68 -54
3
2 599 22
3
2 273 19
3
2 407 -20
3
1 -432 214
3
2 -699 28
3
2 395 58
3
2 -488 63
3
2 539 45
3
2 -253 -9
3
2 362 46
3
1 -966 251
3
2 111 48
3
1 -503 388
3
2 -456 -45
3
2 229 -22
3
2 80 -33
3
2 926 11
3
2 127 33
3
2 -640 7
3
2 -928 -38
3
2 675 13
3
2 -379 -12
3
2 234 -22
3
2 496 -32
3
1 608 171
3
2 -734 -14
3
1 389 990
3
1 400 670
3
2 963 59
3
1 -330 387
3
2 549 20
3
2 103 -16
3
2 -371 -41
3
2 -467 -11
3
1 -616 947
3
2 20 -38
3
1 -213 826
3
2 -267 16
3
2 396 40
3
2 -524 -19
3
2 919 -59
3
1 -338 935
3
1 -599 699
3
1 -879 334
3
2 -98 59
3
2 -75 5
3
2 294 -50
3
2 909 -31
3
2 873 23
3
1 570 643
3
2 -927 -35
3
2 130 -51
3
2 801 57
3
2 -218 -56
3
2 131 13
3
1 -106 151
3
2 386 -58
3
2 -564 48
3
2 4 44
3
2 -532 61
3
2 -966 18
3
2 -749 -27
3
2 736 -8
3
1 42 792
3
1 -223 60
3
2 349 31
3
2 -270 56
3
1 -758 918
3
2 -870 45
3
2 304 57
3
1 -324 540
3
1 728 723
3
2 -466 49
3
1 -918 689
3
2 28 19
3
2 -286 11
3
2 626 -60
3
2 1009 63
3
2 -278 26
3
2 -313 46
3
2 450 -26
3
2 58 -17
3
1 692 73
3
2 591 -30
3
2 48 -51
3
2 730 -54
3
2 483 -28
3
2 717 31
3
2 355 -29
3
2 -599 11
3
2 908 36
3
2 -188 -17
3
2 487 17
3
2 82 -54
3
2 -336 29
3
2 34 6
3
2 6 -37
3
2 -180 22
3
2 -768 18
3
2 956 54
3
2 686 -17
3
2 148 -17
3
2 -444 42
3
1 494 577
3
2 -5 -38
3
2 -890 3
3
2 -909 62
3
1 564 605
3
2 -72 -15
3
2 -535 58
3
2 -112 -44
3
2 110 -32
3
2 -837 12
3
2 302 -53
3
1 532 537
3
2 412 -2
3
2 160 -9
3
2 -253 -37
3
1 -621 847
3
2 -78 0
3
2 777 32
3
2 -221 -55
3
1 -698 747
3
1 -169 222
3
1 425 843
3
2 -279 21
3
2 316 -18
3
2 679 9
3
2 -396 44
3
2 -602 48
3
2 503 2
3
2 20 -46
3
2 -366 -50
3
2 -588 -49
3
1 -151 512
3
2 428 -37
3
2 -255 58
3
2 991 48
3
2 119 11
3
2 130 -13
3
2 490 -31
3
2 573 -29
3
2 -534 24
3
2 941 -62
3
2 178 -24
3
1 -755 560
3
2 603 -19
3
2 -711 59
3
2 -340 11
3
1 71 883
3
2 956 32
3
2 17 -14
3
2 107 33
3
2 -1009 7
3
2 -427 -27
3
2 742 -51
3
1 -855 422
3
2 221 -18
3
2 -987 14
3
1 248 580
3
1 -262 848
3
2 -478 -57
3
1 -890 699
3
2 -330 -26
3
2 -409 -64
3
2 771 -7
3
2 -973 61
3
2 252 -13
3
2 825 13
3
2 -158 -44
3
1 -518 443
3
2 -790 -27
3
1 624 251
3
2 -397 -35
3
2 -863 29
3
2 941 -29
3
1 674 141
3
2 -550 -6
3
1 -881 454
3
1 367 94
3
2 -322 -48
3
2 -968 -21
3
2 1008 25
3
1 -947 232
3
2 353 -3
3
2 -129 31
3
2 398 46
3
1 568 303
3
1 600 280
3
1 533 620
3
1 -924 5
3
2 -958 20
3
2 464 29
3
2 915 -7
3
2 -446 -49
3
2 581 16
3
1 -867 184
3
2 896 -2
3
2 -537 -53
3
2 -243 47
3
2 596 60
3
2 436 7
3
2 -487 62
3
2 -525 19
3
2 -76 19
3
2 510 35
3
1 -388 368
3
2 -46 -14
3
1 -551 849
3
2 288 -34
3
2 -746 45
3
2 -392 24
3
2 -128 -63
3
2 541 4
3
1 -869 763
3
2 605 52
3
2 -801 -52
3
2 434 -33
3
1 -758 158
3
2 -703 -54
3
2 -917 11
3
2 749 14
3
2 264 41
3
1 141 198
3
2 269 -49
3
2 -821 35
3
1 11 822
3
2 -149 -52
3
2 -919 19
3
1 -786 483
3
2 -506 49
3
1 518 711
3
2 160 34
3
1 1007 887
3
2 996 -39
3
2 563 -10
3
1 -806 184
3
1 -938 519
3
1 634 822
3
1 284 688
3
2 350 12
3
2 -939 46
3
2 -390 40
3
1 -178 283
3
2 -788 9
3
1 497 587
3
2 184 59
3
2 35 -24
3
2 481 -61
3
1 766 644
3
2 -840 -17
3
1 -642 781
3
2 -454 -53
3
2 -11 7
3
1 -709 618
3
2 -231 49
3
2 91 17
3
1 -245 8
3
2 -876 55
3
2 -160 -53
3
2 92 42
3
2 -113 49
3
1 254 556
3
1 330 41
3
1 -415 539
3
2 38 -50
3
2 204 -23
3
1 301 837
3
1 -95 948
3
2 160 -28
3
2 -185 28
3
1 242 682
3
1 1016 19
3
1 721 820
3
1 203 1050
3
2 -813 -41
3
2 731 -27
3
2 -105 38
3
2 -211 50
3
1 -644 833
3
1 386 683
3
1 504 643
3
2 90 40
3
2 -284 45
3
2 -631 20
3
2 -122 64
3
1 1011 382
3
1 -214 298
3
2 -457 6
3
2 432 26
3
1 243 473
3
2 -932 -17
3
2 892 3
3
2 334 54
3
2 -738 -51
3
1 -692 115
3
2 -513 5
3
2 -1024 -37
3
2 639 63
3
1 795 124
3
2 627 6
3
1 464 705
3
1 -990 1018
3
2 -158 -19
3
1 -929 323
3
2 998 -53
3
2 -312 -27
3
1 481 1001
3
2 711 -39
3
1 679 1040
3
2 765 35
3
2 842 20
3
1 -634 101
3
2 -500 58
3
2 -65 -63
3
2 -984 41
3
1 206 281
3
1 417 876
3
2 973 23
3
2 904 -28
3
2 -383 -54
3
2 -84 -62
3
2 356 -3
3
2 -732 59
3
1 572 327
3
1 -57 367
3
2 -749 37
3
2 -993 -27
3
2 -789 -26
3
1 504 485
3
2 -932 24
3
2 654 -2
3
2 91 -6
3
1 -539 505
3
2 -881 -18
3
2 -840 -52
3
2 -441 -32
3
2 514 63
3
2 971 42
3
2 614 58
3
2 636 25
3
1 263 188
3
1 851 134
3
2 -796 15
3
2 458 -52
3
2 448 6
3
2 241 29
3
1 -472 827
3
1 -760 49
3
2 350 41
3
1 689 225
3
1 -640 182
3
1 -646 177
3
2 515 32
3
2 -450 -16
3
2 -409 -23
3
1 581 699
3
2 -790 19
3
1 632 384
3
2 983 13
3
2 -768 -47
3
1 -432 699
3
2 -428 -15
3
2 -665 60
3
2 -658 44
3
1 -264 452
3
1 189 806
3
2 773 -43
3
2 -560 -9
3
2 -278 -7
3
2 -328 -45
3
2 -587 -49
3
1 -792 973
3
1 -92 180
3
2 -306 58
3
2 46 45
3
2 389 -16
3
2 -573 -30
3
2 -752 6
3
2 -907 12
3
2 337 -53
3
2 82 60
3
2 -262 47
3
1 -830 51
3
1 -81 338
3
1 1022 848
3
2 -1004 3
3
2 569 -34
3
2 853 -31
3
2 993 14
3
1 -590 37
3
2 971 47
3
1 121 336
3
2 17 58
3
2 -518 -37
3
2 -94 30
3
2 -1024 56
3
2 -45 11
3
2 29 30
3
2 -336 46
3
2 631 -19
3
2 40 -27
3
2 377 39
3
2 850 -41
3
2 855 10
3
1 -940 781
3
2 122 33
3
2 -181 26
3
2 -884 59
3
1 846 831
3
2 517 -29
3
2 -511 50
3
2 407 47
3
2 -65 59
3
2 -197 -50
3
1 444 1028
3
2 318 34
3
1 469 246
3
1 441 2
3
1 576 151
3
2 -183 23
3
2 648 13
3
2 -58 -17
3
2 -130 -54
3
2 -64 16
3
1 -890 664
3
1 -141 295
3
2 -376 45
3
2 919 -39
3
2 -836 16
3
2 170 39
3
1 -554 595
3
2 104 56
3
1 -551 553
3
2 380 -21
3
2 -859 26
3
1 -598 729
3
2 772 -28
3
1 510 347
3
1 -733 989
3
2 -60 62
3
2 -28 19
3
2 -637 -22
3
2 -966 41
3
2 456 -62
3
1 -667 437
3
1 -304 692
3
2 -186 53
3
1 -870 181
3
2 -890 -16
3
2 -695 -39
3
2 -980 18
3
2 439 -34
3
2 -82 -12
3
2 401 -49
3
2 287 -57
3
2 -291 -20
3
2 63 21
3
2 461 46
3
2 -740 -57
3
2 748 42
3
1 -29 507
3
2 985 -4
3
2 822 -18
3
2 -558 -11
3
2 299 -59
3
2 997 41
3
2 -85 -2
3
1 897 151
3
2 355 60
3
2 -394 -52
3
1 638 143
3
1 349 36
3
2 665 -3
3
2 -406 -59
3
2 665 2
3
2 139 -58
3
2 -240 -64
3
2 -146 -35
3
2 -961 -30
3
2 -1014 -8
3
2 23 56
3
2 -879 -21
3
2 305 40
3
2 -93 34
3
2 -647 -32
3
2 -47 -21
3
2 -633 -34
3
2 732 23
3
2 -614 -15
3
1 -802 899
3
1 -619 333
3
2 416 55
3
2 728 16
3
2 -910 -54
3
1 65 471
3
1 878 630
3
2 -546 -47
3
1 316 346
3
2 777 44
3
2 678 60
3
2 -375 30
3
2 -719 4
3
2 -5 -37
3
2 -642 -30
3
1 37 49
3
1 -888 703
3
2 306 -41
3
2 -719 -38
3
2 1015 -25
3
2 960 16
3
2 150 21
3
2 146 -36
3
2 -444 19
3
2 -290 30
3
2 514 -32
3
2 -727 -7
3
2 -476 4
3
2 635 39
3
2 -760 33
3
2 -153 43
3
2 -907 -5
3
1 -56 941
3
2 767 -9
3
1 753 1048
3
2 530 32
3
1 162 661
3
2 526 -12
3
2 53 -59
3
2 -942 44
3
2 -146 -8
3
2 -978 64
3
1 -740 430
3
2 362 -45
3
2 785 -9
3
1 -624 569
3
2 -242 56
3
2 18 44
3
1 -51 1050
3
2 882 -8
3
2 245 10
3
2 22 61
3
1 -660 507
3
1 -632 633
3
2 175 -21
3
2 446 5
3
2 -842 -16
3
2 707 -53
3
2 -506 -20
3
1 765 982
3
2 -339 -9
3
1 128 221
3
2 747 -44
3
2 -589 -44
3
2 -552 -45
3
2 76 -38
3
1 799 200
3
2 754 4
3
1 981 528
3
2 506 49
3
2 -587 26
3
1 -396 299
3
1 -923 325
3
2 -859 11
3
2 -354 33
3
2 -672 -7
3
2 637 31
3
2 -256 2
3
2 -258 21
3
1 -957 611
3
2 -959 -63
3
2 493 -35
3
2 -164 4
3
2 -6 -40
3
1 335 985
3
1 522 934
3
2 1001 -42
3
1 416 192
3
2 -12 -28
3
2 235 16
3
2 385 -40
3
2 -925 -22
3
1 530 872
3
2 888 -15
3
2 582 -1
3
1 -938 65
3
2 1013 22
3
2 574 60
3
2 548 19
3
2 -133 -19
3
2 61 -56
3
1 -481 338
3
2 918 49
3
2 -764 -40
3
2 -751 34
3
1 603 511
3
2 -446 -16
3
2 -702 4
3
2 605 -28
3
2 655 -27
3
2 541 3
3
1 327 702
3
2 1020 -55
3
1 919 324
3
2 529 -61
3
2 -839 22
3
2 -102 64
3
2 668 -42
3
2 350 -27
3
1 982 78
3
2 236 27
3
2 -989 32
3
1 992 994
3
1 -464 474
3
2 655 62
3
1 832 888
3
2 666 32
3
2 -879 30
3
2 -156 -35
3
2 309 51
3
2 895 59
3
1 -386 114
3
2 -428 41
3
2 148 41
3
2 -957 19
3
2 -911 58
3
2 891 -45
3
1 929 976
3
2 -476 35
3
2 -668 40
3
2 495 -53
3
2 480 -48
3
2 -385 48
3
1 -569 321
3
2 -176 17
3
2 -216 7
3
1 -1014 914
3
1 -625 777
3
1 -941 555
3
2 -76 31
3
2 -633 5
3
1 697 678
3
2 877 -9
3
2 385 -19
3
2 -218 -34
3
2 235 -41
3
1 -498 640
3
2 810 36
3
1 -306 1017
3
1 -929 569
3
2 274 36
3
2 100 -18
3
1 211 886
3
2 -844 58
3
1 668 720
3
2 716 -12
3
1 951 167
3
2 726 -21
3
2 971 -53
3
2 697 1
3
1 773 387
3
1 157 767
3
2 355 -26
3
1 -557 438
3
2 -585 33
3
2 -930 60
3
2 752 -49
3
2 375 64
3
2 -127 40
3
1 -669 655
3
2 -816 -52
3
2 -688 52
3
1 -613 852
3
1 799 494
3
2 859 -22
3
2 884 43
3
1 -940 965
3
2 524 39
3
2 -61 -27
3
2 583 -46
3
2 -522 -18
3
2 -540 4
3
2 116 -54
3
2 -393 -43
3
2 676 8
3
2 -107 53
3
2 -489 -8
3
2 480 47
3
2 -572 5
3
2 -625 -10
3
1 -519 167
3
2 6 39
3
2 595 22
3
2 -958 63
3
2 -600 30
3
2 572 22
3
2 -422 41
3
2 756 -50
3
2 -642 30
3
2 379 -18
3
2 -947 1
3
2 198 -30
3
2 -973 -3
3
2 50 -37
3
2 480 12
3
1 152 509
3
1 -50 115
3
2 981 -22
3
2 698 -30
3
2 -961 40
3
1 684 402
3
1 -11 67
3
2 1024 8
3
1 832 864
3
1 -468 747
3
2 874 -35
3
2 -885 -54
3
1 427 163
3
2 165 -30
3
2 320 57
3
2 -760 46
3
2 -7 -60
3
2 22 -36
3
2 -589 -63
3
2 -237 -4
3
1 -546 591
3
2 -433 60
3
2 192 -1
3
2 549 41
3
1 -5 607
3
2 445 -15
3
2 -71 -17
3
2 -331 49
3
2 -285 -23
3
1 117 312
3
1 -180 196
3
2 -1 -52
3
2 -421 -29
3
1 -457 666
3
1 75 349
3
2 -811 -33
3
2 131 -3
3
1 -184 832
3
2 291 -19
3
2 -684 22
3
2 -504 2
3
2 168 63
3
2 960 -26
3
2 -264 29
3
2 760 21
3
1 -771 843
3
1 -495 777
3
2 -467 64
3
2 359 62
3
2 882 -26
3
1 -673 941
3
2 272 -18
3
2 -304 -23
3
2 354 12
3
2 -279 -58
3
2 865 -27
3
1 134 382
3
2 -1008 -6
3
2 -841 15
3
2 -165 -22
3
2 -910 1
3
2 329 -22
3
2 -36 42
3
2 -376 -28
3
2 900 16
3
2 -743 43
3
1 -482 619
3
2 -233 12
3
1 330 226
3
2 475 -42
3
2 -995 -48
3
2 -485 43
3
2 635 -21
3
1 253 103
3
2 -873 -52
3
1 -957 945
3
2 -260 -13
3
2 -812 20
3
1 -7 698
3
2 466 4
3
2 975 -18
3
1 -689 233
3
2 -156 -58
3
2 -804 10
3
1 284 886
3
2 -246 49
3
2 -504 64
3
2 156 -60
3
2 -299 -13
3
2 -148 17
3
2 956 -48
3
1 -970 957
3
2 -476 -8
3
2 353 -13
3
2 629 -24
3
1 -797 545
3
1 965 230
3
1 -201 295
3
2 -430 50
3
2 95 45
3
2 314 -7
3
2 -257 38
3
2 458 14
3
2 22 -28
3
2 -290 10
3
2 -837 18
3
2 -15 -54
3
2 -135 -34
3
2 -470 41
3
2 -3 -40
3
1 -830 738
3
1 -439 462
3
2 480 -59
3
1 -278 601
3
2 -443 3
3
1 -757 631
3
2 -954 -32
3
2 -513 57
3
2 -815 48
3
1 401 892
3
2 -85 47
3
2 732 23
3
2 -680 59
3
2 -187 -41
3
2 -1021 10
3
2 -1018 2
3
2 564 47
3
2 589 7
3
1 907 779
3
2 61 -64
3
1 -316 204
3
2 90 8
3
2 -516 -31
3
1 373 278
3
2 730 3
3
2 777 40
3
1 703 468
3
2 -534 -45
3
2 -1018 -7
3
1 317 346
3
2 -117 36
3
2 -78 35
3
2 509 -21
3
2 -950 -6
3
2 -122 39
3
2 -525 52
3
2 -867 -14
3
2 973 18
3
2 -642 -14
3
2 -892 20
3
2 113 12
3
1 238 136
3
1 -809 817
3
2 -635 -24
3
1 -962 990
3
2 260 56
3
2 990 61
3
2 -257 -48
3
2 -845 59
3
2 -377 -9
3
2 -843 7
3
1 -509 903
3
1 -310 830
3
2 -762 -11
3
2 44 3
3
2 -748 46
3
2 200 -18
3
2 518 -3
3
2 184 5
3
2 -795 40
3
2 970 0
3
2 -783 -7
3
2 -499 -27
3
1 795 334
3
1 100 304
3
1 -657 847
3
2 -976 0
3
1 835 157
3
1 -908 883
3
2 322 19
3
2 561 28
3
2 434 3
3
2 690 -48
3
2 -1017 62
3
2 -710 -13
3
2 134 4
3
2 -272 -23
3
1 598 380
3
2 438 20
3
1 -60 485
3
2 775 27
3
2 50 19
3
2 -694 27
3
2 -743 -61
3
2 -348 -62
3
2 22 -54
3
2 132 -49
3
2 -843 -15
3
2 177 -22
3
2 813 1
3
2 784 21
3
2 -478 -26
3
2 -683 29
3
2 183 -25
3
2 -159 -12
3
2 -586 -60
3
2 808 -34
3
2 -27 11
3
1 -208 470
3
1 383 321
3
2 -1007 -40
3
