1000
24 716
20 -104
17 38
1 -101
-8 931
18 -479
-6 1011
-17 -824
-23 -935
-29 149
15 -564
31 410
26 -159
14 -858
6 325
-2 -803
29 535
-17 -3
23 63
2 -920
-8 595
-14 -63
-32 -156
3 249
30 671
23 968
-6 243
6 -859
-26 571
29 799
-9 -922
-19 399
13 -399
-29 185
-16 803
19 -878
28 -85
-5 -582
7 -292
-23 716
9 577
-14 997
25 502
-9 904
-18 -43
13 432
15 162
29 696
-6 -310
32 -60
9 145
-11 354
25 -343
5 331
19 -50
-27 -257
18 683
-1 -190
-16 877
12 720
-20 879
-25 -132
-12 958
-7 -732
-24 -93
-5 -909
-19 318
-7 -913
3 -272
7 -149
16 466
16 -820
-28 845
-19 796
-27 -297
20 506
-13 -918
-19 -425
-29 -600
-8 687
-31 611
30 382
6 -265
-10 -634
-8 937
-1 165
10 -678
9 502
0 896
-31 -673
17 -773
26 -867
20 718
12 397
16 111
-29 -64
26 -675
31 113
-4 299
11 -454
-14 -281
30 589
-5 -943
11 -793
-1 851
3 552
5 415
-14 436
4 953
-13 -799
-28 380
-29 760
-5 -34
0 -724
-6 863
15 -548
-11 583
10 -378
-13 -917
12 104
-30 -589
-29 -499
12 341
-30 958
-9 -767
2 -716
16 -193
-5 -170
11 917
-27 551
-27 490
18 313
1 -468
-18 712
18 813
9 599
-22 -577
-2 -462
-29 548
-25 -478
26 -882
23 -93
-14 899
23 -789
-18 -133
-28 11
17 -748
19 917
-11 259
-24 -39
29 908
30 785
-3 -366
32 607
29 -206
30 475
20 -553
2 399
-23 -906
-27 625
-10 -629
16 -682
-32 960
-4 480
3 327
-3 242
-10 -537
9 28
25 325
-9 -721
17 -773
15 -969
-18 -889
11 -468
10 -961
19 -786
25 281
-22 -406
-25 816
-14 922
-21 -1022
-19 840
-19 -883
-9 -413
0 -34
30 -439
-26 -357
23 428
31 71
14 -481
-15 -395
12 81
-25 -686
-23 -411
-4 -252
28 -265
-20 650
-21 -784
-32 418
0 -791
-14 229
19 89
-22 -589
17 675
-21 -35
21 -897
-28 976
10 -33
-10 -630
-5 932
-18 579
-3 405
3 217
22 996
-20 472
-27 1019
22 1024
29 -964
1 -936
-19 940
-15 416
-20 648
2 -261
3 146
11 171
13 277
-8 208
-10 442
22 -209
0 548
5 -918
4 -61
-1 626
-1 -996
-15 -803
16 -769
13 -12
24 -532
19 1007
-23 373
-7 -845
-7 391
-27 -717
17 -212
32 -291
31 -152
26 366
-32 -590
-26 -727
-5 -343
-20 919
28 132
-27 -721
-21 -903
-18 -274
-9 -585
-15 632
-3 292
6 -899
-13 -1012
1 417
-20 162
25 -865
20 238
16 547
-7 976
-3 831
24 836
-23 -830
-3 -116
-5 -598
-30 -175
10 128
-28 -52
14 198
24 88
14 -179
11 -652
-11 -178
7 -76
18 1017
-30 297
-8 -42
19 -602
-32 553
28 -952
-25 -395
-21 -11
-1 -1009
-28 499
10 922
0 -197
-31 836
-32 210
11 786
-1 -511
11 -1015
13 -447
-3 919
5 -904
19 -743
26 -109
1 -934
14 643
-9 329
-16 -194
16 -321
-5 -55
29 809
-21 -876
-29 802
-25 -189
-22 961
19 -758
-10 364
-25 -234
26 580
-27 531
-25 49
-2 -248
9 267
1 -420
0 -833
-21 462
-8 193
-28 33
-31 760
-20 -756
-30 745
25 15
-6 922
7 -807
-30 -562
18 636
4 -638
13 376
31 -55
7 -425
-21 -518
28 -913
-21 -377
-29 -868
-17 1013
-3 567
-14 960
17 -719
-11 362
-31 -202
-27 -777
5 -202
-29 821
24 262
-1 131
2 -122
-13 -126
-15 -201
-1 134
14 392
8 -133
-28 856
0 3
6 -876
-19 -365
-17 165
-5 -644
32 -1021
-27 649
2 -594
-8 -921
-12 904
4 299
-20 499
29 145
22 43
-26 312
-1 -697
18 10
-2 679
14 -603
-11 40
3 -730
11 -558
-17 822
-14 699
-13 181
-10 -635
-18 769
30 -624
0 -783
16 -611
16 829
-15 -157
-10 -833
2 484
0 -683
-16 -122
-19 56
17 555
-24 217
-26 -759
11 -730
-11 878
-28 519
-26 -584
-25 184
-18 -735
-27 -454
-6 -198
-16 -370
1 -162
21 -726
23 -417
13 -452
0 207
12 -658
-13 -349
-26 102
-12 -837
29 782
17 357
-17 -567
32 441
1 778
19 -260
-11 -1008
5 -644
-25 319
-20 -868
-29 -923
12 -880
-10 -702
-22 104
11 -189
9 533
24 -617
17 21
-4 511
0 -157
-23 704
16 161
12 -326
11 -501
17 1016
11 -141
7 531
7 -464
-7 310
-5 -258
-14 444
14 713
1 -372
-11 -845
-16 -854
28 -109
-21 631
25 -453
-30 80
13 809
-2 238
10 -348
16 159
-27 -938
-25 365
-17 78
8 -410
7 -901
-3 -12
-23 -643
19 -698
-24 521
19 -188
24 749
10 -886
9 -549
30 688
-16 633
9 340
23 804
24 -478
-18 -23
-26 135
12 891
21 -109
-12 -743
27 8
9 -875
2 -154
1 -289
-25 -106
-11 360
2 315
18 917
28 -849
-32 -689
18 -984
-9 -165
-27 924
-4 -726
28 974
5 8
-17 358
3 801
15 -481
30 -837
-13 -326
28 -516
25 -1021
-28 644
-5 73
12 902
-13 -758
-27 801
-24 950
-8 -556
-11 655
28 856
-22 635
-10 -321
7 120
18 -945
8 -611
18 -217
-2 -548
-11 596
30 381
-26 -875
-26 185
13 812
17 2
-12 1010
-30 -291
10 133
17 -575
-25 497
-9 -834
-13 -661
11 -885
0 1020
29 60
-31 140
25 -472
-20 -962
-11 729
-18 849
-32 106
-20 -662
19 139
-15 158
26 -205
27 -891
-10 -817
-17 -436
-13 130
-24 451
7 663
-21 -907
-11 -144
-1 -607
-13 542
19 -734
-15 51
-8 463
23 124
7 -245
-29 251
-31 928
16 -127
-5 -731
-29 -461
-9 705
17 822
-21 393
30 490
19 -274
-6 27
8 142
6 158
15 781
12 -311
-19 713
27 -601
-20 -626
1 -941
18 -725
-17 923
-15 848
12 -223
-23 -651
-22 -510
28 -239
5 629
-15 108
8 1020
8 -469
-5 -625
-26 649
-28 348
-30 95
29 714
-20 53
28 -651
-20 -205
29 605
-14 417
-11 781
13 125
22 593
-25 147
-29 -416
18 273
7 -78
22 293
-19 944
-12 -836
13 269
-8 -292
-32 629
-15 -232
30 -840
-26 -719
22 362
-17 -699
21 150
-25 520
-22 -875
-9 741
19 -334
-1 -684
-26 -115
-20 731
-7 257
-3 -228
-22 -58
-5 72
-10 -276
-3 -958
-11 -730
24 -496
-27 -161
-28 -847
28 -720
-29 572
13 -610
18 67
-7 929
10 966
4 725
-16 24
27 789
25 -231
-21 -552
-2 -939
-30 -797
16 -326
-10 638
-8 567
-11 769
-29 912
31 -509
25 -566
22 -272
-18 69
13 112
-22 -417
-22 188
27 -636
-5 211
25 402
16 -961
6 1017
0 -586
-7 -405
-4 -863
27 854
-12 462
25 72
-8 687
7 643
8 234
15 -350
24 -423
-24 570
-30 -1
18 -798
13 -1001
27 -772
-5 265
-28 645
22 -158
-10 591
21 -263
-11 494
-8 804
-12 -315
18 -175
17 -78
15 909
30 -299
29 952
7 458
-19 -367
27 412
27 558
1 -699
-31 1018
27 -833
-24 555
-29 -359
-18 -228
3 347
-3 -828
10 -490
-17 249
32 -548
-3 163
25 -898
-21 -404
-15 -306
21 -966
23 -984
13 -601
14 -730
-29 916
-5 800
-23 286
-14 284
-15 -634
19 -461
9 542
17 815
-3 949
15 1012
-2 -57
18 698
23 213
-20 -460
-3 970
-4 -947
13 282
21 525
22 -538
-2 537
-26 91
11 1004
-26 -422
21 -200
-26 199
-17 -977
7 -18
25 142
14 -52
-30 -193
32 -996
13 755
-7 -263
6 365
10 -471
-7 588
-9 978
1 765
1 -174
-26 -965
30 -672
-20 679
-7 340
-29 17
-18 503
-12 -843
10 732
30 842
6 -345
-13 180
8 61
-29 -684
17 311
1 58
31 645
28 162
-32 -288
3 -205
-14 -388
4 -172
16 -365
19 -377
27 -80
-5 -701
-13 135
18 -729
-5 -265
30 -302
-3 -821
1 695
-23 898
-6 822
11 -352
4 149
4 429
1 -625
-31 -15
12 943
-29 -25
0 -7
25 -791
-12 306
-22 412
2 -498
20 -241
-25 439
3 -996
-25 -783
-3 -171
-20 472
24 367
-12 833
-30 -643
27 258
-22 -542
-1 -558
15 26
-7 172
-24 263
5 541
31 382
29 679
-20 192
15 598
20 -226
11 790
12 -620
7 494
-30 -699
21 630
29 -535
-13 -13
-21 331
9 441
8 344
-14 616
29 424
-22 623
-12 -347
21 636
26 753
20 -431
2 488
-12 -617
30 814
20 -940
1 85
12 -231
23 -283
32 -527
5 -346
-23 786
4 358
11 182
-17 580
-31 -562
32 195
15 -583
-13 606
-26 984
-18 862
-15 -351
-29 -910
-3 -175
-14 140
-4 916
20 410
-7 -127
26 -988
-14 267
4 873
-11 924
-20 249
-26 214
-22 -859
20 738
-24 -808
-21 949
-30 317
-23 -351
-24 584
-20 764
-18 217
-12 -287
10 691
-12 869
28 -315
19 -953
16 86
10 -749
-26 971
-10 -770
6 888
-4 1006
-19 -584
-32 637
-18 -829
-14 -542
20 -12
5 666
-20 -849
13 707
5 767
-14 818
-5 -474
-15 80
-1 570
19 660
-19 0
18 -924
24 271
20 -71
-32 -935
1 879
14 -931
-10 -267
-32 518
-28 -896
6 705
29 601
-9 503
4 728
26 -10
30 481
7 -533
4 944
4 -218
5 -308
-1 771
-1 -50
-18 66
-25 109
25 634
22 332
5 -865
3 32
-30 -947
20 710
1 98
-29 -966
3 -790
9 -185
-32 -687
18 -111
-12 -435
13 435
-26 33
19 726
-30 -755
3 980
-1 -57
4 66
-19 -277
-2 600
-20 429
23 -614
-23 -389
29 -857
14 756
14 -481
-31 -618
6 -49
-17 -14
-23 593
-28 198
26 -341
19 536
-27 -351
26 1012
16 79
-27 -117
23 -969
-25 -823
-4 467
2 -233
23 -259
6 -60
14 613
27 -656
-22 -843
5 -807
6 -829
6 -435
-6 -13
-16 -420
6 -31
18 43
6 1006
-13 -265
17 690
-16 -591
-4 187
-25 -902
15 -724
-29 469
-29 -480
-31 322
-29 -98
3
2 583 -23
3
1 676 814
3
2 -886 -12
3
2 632 -61
3
2 -457 -57
3
2 -23 23
3
2 863 -56
3
2 -886 58
3
2 -917 -63
3
2 430 7
3
2 -195 -58
3
2 782 -4
3
2 703 44
3
2 -888 -62
3
2 329 -58
3
2 23 37
3
1 929 986
3
2 73 60
3
1 -827 381
3
2 1008 -54
3
2 -329 44
3
2 -241 -49
3
2 -712 -23
3
1 863 368
3
2 -907 -23
3
2 -722 8
3
2 -712 -46
3
2 -244 28
3
1 148 325
3
2 498 -3
3
2 519 -55
3
2 -229 -36
3
2 978 27
3
1 693 416
3
1 -451 810
3
2 674 59
3
2 971 17
3
2 -233 17
3
1 -751 514
3
2 -477 -21
3
2 1021 14
3
1 472 608
3
2 -316 -62
3
2 -641 -12
3
2 658 48
3
1 -188 508
3
2 431 14
3
2 -144 -25
3
2 -814 -22
3
2 153 -11
3
1 181 234
3
2 475 55
3
2 -741 -34
3
2 430 52
3
1 241 817
3
2 858 -9
3
2 24 -50
3
2 -414 25
3
2 326 41
3
2 854 36
3
2 -382 56
3
2 724 -27
3
2 869 -49
3
2 517 -47
3
1 362 990
3
2 -560 16
3
1 -38 804
3
2 337 18
3
1 846 484
3
2 223 -2
3
2 -470 -13
3
2 -213 32
3
1 -584 40
3
2 664 -4
3
2 326 -22
3
2 -938 -10
3
2 -244 -61
3
2 -747 40
3
1 484 80
3
1 -953 297
3
2 219 5
3
2 595 61
3
1 -888 232
3
1 153 863
3
2 -977 -53
3
2 -962 -5
3
2 -994 -31
3
1 487 811
3
2 1020 -51
3
2 -96 11
3
1 556 821
3
2 -993 11
3
2 -433 -24
3
2 -481 -62
3
2 -108 43
3
2 23 37
3
2 -136 -7
3
2 401 -5
3
2 434 -19
3
1 -215 295
3
2 -299 -56
3
1 -287 582
3
2 -906 60
3
2 334 58
3
2 511 -57
3
1 463 384
3
2 789 46
3
2 -804 47
3
2 -454 -7
3
2 -749 -7
3
2 942 2
3
2 741 -46
3
2 267 -18
3
1 -344 679
3
1 -426 974
3
2 68 -24
3
2 688 -11
3
2 -585 3
3
2 -190 -34
3
2 -694 19
3
2 881 -36
3
2 -32 37
3
2 -328 47
3
1 584 523
3
2 -851 -14
3
2 -131 16
3
2 718 -55
3
2 -1002 -27
3
2 -280 16
3
1 -268 891
3
2 -155 -41
3
2 783 28
3
2 210 29
3
2 806 -43
3
2 856 55
3
2 -155 64
3
2 -739 55
3
2 405 17
3
2 937 45
3
2 -622 -53
3
1 101 449
3
2 -50 -61
3
1 -847 499
3
2 -999 54
3
2 -337 39
3
1 -825 78
3
2 -857 45
3
2 767 14
3
2 -123 47
3
2 -645 27
3
2 -981 55
3
2 -762 4
3
2 492 -7
3
2 403 -14
3
2 -958 -38
3
2 169 -45
3
2 67 36
3
2 477 -34
3
1 909 411
3
2 571 62
3
2 -805 -32
3
1 -813 16
3
2 305 -2
3
2 -314 25
3
2 696 37
3
2 607 2
3
2 -226 55
3
2 21 42
3
2 727 52
3
1 -756 808
3
2 72 -57
3
2 -272 41
3
2 -815 -49
3
2 158 -26
3
2 -914 -30
3
2 -781 33
3
2 -269 40
3
1 -234 788
3
2 -935 20
3
2 68 45
3
2 591 2
3
2 -858 -7
3
2 594 -26
3
2 -709 -14
3
2 246 -50
3
2 -572 15
3
2 -946 -52
3
2 217 -44
3
2 318 -52
3
2 780 26
3
1 -388 176
3
2 -404 30
3
1 -595 136
3
1 -142 47
3
1 -384 386
3
1 910 119
3
2 251 61
3
2 -27 27
3
1 -928 893
3
2 837 61
3
2 -99 -19
3
2 945 -23
3
2 113 9
3
1 173 63
3
2 -252 5
3
2 996 27
3
2 -961 -5
3
2 779 14
3
2 860 -33
3
2 908 -52
3
2 -546 49
3
1 675 806
3
2 -386 -36
3
2 -60 -5
3
2 431 -46
3
2 -203 -23
3
2 26 22
3
2 -340 -44
3
2 -572 51
3
1 160 608
3
2 76 -33
3
2 -701 -23
3
1 -14 968
3
2 7 -39
3
1 243 862
3
2 310 37
3
2 -930 -17
3
2 358 31
3
2 -974 6
3
2 -733 36
3
2 382 -13
3
1 735 415
3
2 246 -56
3
2 53 57
3
2 841 -4
3
1 -204 360
3
2 -37 31
3
2 -132 10
3
2 803 -24
3
2 41 -56
3
2 28 55
3
2 730 35
3
2 -764 11
3
2 -229 26
3
2 -288 -12
3
1 -508 684
3
1 -68 335
3
2 -480 26
3
2 -36 38
3
2 181 3
3
2 330 51
3
1 999 124
3
2 -50 50
3
1 755 912
3
2 -166 -34
3
1 503 569
3
2 -512 -42
3
1 979 797
3
2 -811 -63
3
1 827 871
3
2 -988 -25
3
2 -752 -35
3
2 734 -7
3
1 642 343
3
1 -974 761
3
2 823 -9
3
2 -828 33
3
2 182 27
3
2 -888 22
3
2 -163 -53
3
2 -675 52
3
2 -860 62
3
2 14 -46
3
2 157 47
3
1 364 397
3
2 861 -6
3
1 114 359
3
2 616 15
3
1 863 200
3
1 819 236
3
1 665 575
3
2 730 -32
3
2 478 -61
3
2 -654 20
3
2 -374 16
3
1 -898 11
3
2 327 -56
3
1 -286 541
3
2 804 -51
3
2 -288 14
3
2 -173 -24
3
2 -864 11
3
2 -41 -3
3
2 -42 13
3
1 -225 412
3
2 484 -52
3
2 348 42
3
2 586 30
3
2 -155 -13
3
2 -714 8
3
1 -231 698
3
2 -406 -21
3
2 976 28
3
2 341 9
3
2 -103 35
3
2 -506 -55
3
2 -7 57
3
1 484 271
3
2 558 -20
3
2 -970 42
3
2 303 31
3
1 -591 267
3
1 -362 514
3
1 -68 468
3
2 -876 3
3
1 -597 652
3
2 894 -20
3
2 850 7
3
2 -502 52
3
1 203 780
3
1 114 821
3
2 -940 -35
3
2 787 -35
3
2 130 -24
3
1 -902 75
3
2 -998 -53
3
1 839 658
3
2 858 17
3
2 -355 7
3
2 631 49
3
2 29 -51
3
2 681 13
3
1 131 100
3
2 -644 13
3
1 233 869
3
2 97 28
3
2 1004 10
3
1 -639 189
3
2 775 -42
3
2 -344 -56
3
2 158 -20
3
2 21 18
3
1 191 991
3
1 -206 332
3
1 -726 529
3
2 827 49
3
2 272 -10
3
2 37 18
3
2 974 -60
3
2 -1005 9
3
2 -63 12
3
2 329 50
3
2 -770 23
3
1 -523 808
3
1 687 744
3
2 934 12
3
2 244 33
3
1 -31 192
3
2 -58 -13
3
2 831 -64
3
1 -830 924
3
1 622 122
3
1 234 77
3
2 -839 29
3
2 -680 16
3
2 -593 -44
3
1 32 730
3
2 -364 47
3
2 655 -28
3
2 -234 -11
3
1 209 421
3
2 607 -12
3
2 -558 -31
3
1 492 528
3
1 -547 910
3
2 721 38
3
2 -511 62
3
2 638 -51
3
2 -917 30
3
2 -104 61
3
2 -488 -22
3
2 -596 -23
3
1 -612 145
3
2 -792 -25
3
1 -637 985
3
2 -995 -35
3
2 -934 22
3
1 816 645
3
2 -899 -2
3
2 10 30
3
2 -237 18
3
2 91 -18
3
2 80 -64
3
2 -550 0
3
2 -75 1
3
2 -712 36
3
1 20 659
3
2 -922 -42
3
2 709 -38
3
2 957 18
3
1 -411 206
3
2 -113 -58
3
2 -616 24
3
2 -941 -64
3
2 940 -38
3
2 383 -1
3
1 -354 922
3
2 -758 -4
3
1 833 149
3
2 -84 -6
3
2 -27 -30
3
1 3 416
3
1 -591 135
3
2 -882 -45
3
1 384 684
3
2 -1014 -32
3
2 588 -63
3
2 -868 13
3
2 -466 50
3
1 382 284
3
2 150 18
3
2 -888 -28
3
2 434 36
3
2 -927 58
3
2 -912 -35
3
2 406 -34
3
1 -247 556
3
1 222 850
3
2 -646 -7
3
1 -606 400
3
1 788 787
3
2 562 24
3
2 -883 -23
3
2 447 44
3
1 -1000 944
3
2 -185 16
3
1 712 82
3
1 -710 349
3
2 -599 -47
3
2 342 -15
3
2 1003 10
3
2 334 -51
3
2 385 29
3
2 -458 -54
3
1 508 922
3
2 -432 48
3
1 -705 596
3
2 -748 46
3
2 619 37
3
2 370 32
3
2 -89 54
3
2 929 63
3
2 -25 -34
3
2 43 -30
3
2 -305 -54
3
1 67 194
3
2 -996 46
3
2 869 17
3
2 763 49
3
2 600 64
3
1 -738 71
3
2 98 -18
3
2 596 15
3
2 -125 -61
3
1 -83 759
3
2 235 52
3
2 -381 -51
3
2 -195 16
3
2 597 52
3
2 -654 -46
3
2 -533 21
3
2 -597 61
3
2 1023 -34
3
2 -409 -41
3
2 -741 34
3
2 22 -24
3
2 -600 10
3
2 -752 15
3
2 -156 -37
3
2 269 -44
3
1 381 685
3
2 91 -32
3
2 -695 -41
3
2 557 -37
3
2 818 8
3
2 807 -11
3
2 -435 0
3
2 194 22
3
1 1003 761
3
2 704 -63
3
1 411 910
3
2 -617 -8
3
1 281 760
3
2 114 3
3
2 -731 22
3
2 737 20
3
1 -882 414
3
1 -336 725
3
1 -893 922
3
2 -419 -51
3
2 431 -41
3
2 -413 -50
3
2 551 46
3
2 -265 12
3
1 829 387
3
2 17 -11
3
1 -116 524
3
2 854 -15
3
1 125 22
3
2 616 -28
3
2 -480 15
3
2 -219 42
3
2 -48 -50
3
2 362 10
3
2 33 -23
3
2 -218 -61
3
1 -97 858
3
1 -38 800
3
2 -360 13
3
2 -60 -2
3
2 30 -22
3
2 -193 58
3
2 -833 44
3
2 -585 27
3
2 -872 -64
3
2 -889 -5
3
1 103 832
3
2 195 35
3
2 77 -8
3
2 -122 52
3
2 205 -31
3
2 -562 9
3
2 239 57
3
2 -427 -43
3
2 761 43
3
2 -1004 -16
3
2 955 -37
3
2 -138 38
3
2 158 -1
3
2 -594 40
3
2 783 61
3
1 224 944
3
1 70 481
3
2 -240 43
3
1 170 488
3
2 -206 -9
3
1 -48 336
3
1 546 576
3
2 -1023 -57
3
1 -505 509
3
2 -7 64
3
1 -14 252
3
1 -205 735
3
2 634 -7
3
2 895 24
3
2 216 -27
3
2 783 11
3
2 -887 -33
3
2 -502 53
3
2 -545 -54
3
2 -115 21
3
2 993 45
3
2 -343 -47
3
2 725 -5
3
2 -327 -57
3
2 -178 17
3
1 -344 223
3
2 129 60
3
2 -946 23
3
2 -336 -35
3
2 -173 -25
3
2 -698 57
3
1 874 255
3
2 -510 -52
3
2 -992 63
3
2 -914 -26
3
1 30 767
3
2 767 -19
3
2 306 36
3
1 185 350
3
2 924 31
3
2 -559 60
3
1 333 195
3
1 -191 11
3
2 -473 54
3
1 -642 171
3
2 30 -1
3
2 790 -48
3
2 237 14
3
1 -81 696
3
2 315 -64
3
1 285 643
3
2 -715 4
3
1 46 218
3
2 -293 48
3
2 1013 47
3
2 200 -35
3
1 -514 589
3
2 24 11
3
1 -158 133
3
1 655 150
3
1 751 908
3
2 -567 -38
3
2 134 3
3
2 809 -13
3
2 -560 33
3
2 236 -62
3
1 153 344
3
2 472 3
3
2 473 60
3
1 854 224
3
2 -535 -34
3
2 357 27
3
2 277 -40
3
1 570 675
3
2 763 -5
3
2 -809 19
3
2 1005 50
3
2 848 -32
3
1 494 412
3
2 374 59
3
2 -735 -45
3
1 -1012 48
3
2 -658 18
3
2 -141 -52
3
2 246 42
3
1 -533 252
3
2 -741 34
3
1 -892 653
3
2 -451 29
3
2 425 -45
3
2 -171 -38
3
1 -976 546
3
2 517 -52
3
1 -681 586
3
2 -688 -63
3
1 448 860
3
1 401 448
3
2 -163 -25
3
2 251 0
3
2 -958 -50
3
2 -374 -1
3
2 443 24
3
2 312 -3
3
1 -1003 212
3
2 655 52
3
2 -611 51
3
2 -488 -10
3
2 -20 -10
3
2 -920 60
3
1 378 909
3
2 152 30
3
2 -799 57
3
2 -924 13
3
2 143 -28
3
2 211 -52
3
2 -986 29
3
2 -908 62
3
2 -806 -10
3
2 474 37
3
1 434 391
3
2 521 -29
3
2 -971 23
3
2 615 -58
3
2 -862 5
3
2 -449 8
3
2 -369 -32
3
2 849 7
3
1 -491 829
3
1 -967 719
3
2 -328 -60
3
1 -45 249
3
2 534 -7
3
2 313 -62
3
2 630 -46
3
1 -544 819
3
2 8 39
3
2 650 -56
3
1 -129 475
3
2 -301 29
3
2 238 8
3
2 -694 28
3
2 639 63
3
2 878 -32
3
2 -389 -52
3
2 -458 24
3
2 -143 -42
3
2 594 -36
3
2 846 32
3
1 -195 197
3
2 -517 -27
3
2 -199 25
3
2 255 20
3
1 -125 506
3
2 -725 -51
3
2 -871 -50
3
2 525 -9
3
2 -492 -39
3
2 512 -62
3
2 997 57
3
2 1020 -59
3
2 765 -11
3
2 -838 57
3
1 844 794
3
2 1001 36
3
2 -762 -33
3
2 -891 -46
3
2 109 -29
3
2 -185 26
3
2 658 -34
3
1 288 234
3
2 993 -19
3
2 -484 -54
3
2 -429 37
3
2 1011 34
3
2 -138 64
3
1 787 82
3
1 59 238
3
1 -704 95
3
2 -144 43
3
2 7 29
3
2 768 -53
3
2 -109 15
3
2 193 58
3
2 -1014 28
3
2 157 -55
3
2 -753 -64
3
2 -656 -63
3
2 466 -37
3
2 53 2
3
1 -388 881
3
1 677 819
3
2 937 -17
3
2 -444 22
3
2 -61 -3
3
2 526 -9
3
2 -983 35
3
1 -355 987
3
2 982 -46
3
2 -231 -55
3
2 -263 14
3
2 150 -19
3
1 -49 85
3
2 -319 -13
3
2 -65 9
3
1 -835 198
3
1 -209 569
3
2 41 6
3
2 998 33
3
2 -91 50
3
2 215 17
3
2 -637 37
3
2 682 -8
3
2 478 -47
3
2 -33 35
3
1 185 891
3
2 -761 62
3
1 -550 132
3
2 162 43
3
2 -208 53
3
2 -71 -23
3
2 186 -62
3
2 -811 -31
3
2 437 -13
3
2 -612 -50
3
2 -432 40
3
2 -36 46
3
2 619 -62
3
2 -359 51
3
2 -963 -2
3
2 624 64
3
2 42 44
3
2 -1022 -24
3
2 967 -48
3
2 55 7
3
2 277 -51
3
2 795 9
3
2 -647 57
3
2 -935 28
3
2 930 18
3
2 757 4
3
2 299 -60
3
2 -57 47
3
2 -652 -13
3
2 -1010 35
3
1 -138 120
3
2 610 -45
3
2 -38 63
3
2 -584 46
3
2 159 2
3
2 958 49
3
2 207 -46
3
2 -886 -15
3
1 -57 880
3
2 55 14
3
2 -648 -45
3
2 -37 -58
3
2 826 -43
3
2 -1024 2
3
2 713 55
3
2 -561 58
3
2 389 -15
3
2 -1007 -48
3
2 890 -8
3
2 -127 -16
3
2 97 -2
3
2 -723 49
3
2 768 -56
3
2 339 53
3
2 640 -38
3
2 552 9
3
2 319 6
3
2 240 -51
3
1 -766 564
3
1 -279 761
3
2 -845 46
3
2 -41 -37
3
2 -331 34
3
1 809 805
3
2 233 -12
3
1 -364 796
3
2 1001 23
3
2 -588 -64
3
2 642 -37
3
2 24 63
3
2 174 48
3
2 445 -55
3
2 286 -6
3
1 -1013 514
3
2 646 53
3
2 343 -18
3
2 -435 -2
3
1 237 68
3
1 -183 103
3
2 217 57
3
1 287 97
3
2 -901 47
3
2 540 -26
3
2 256 60
3
1 -903 654
3
2 778 48
3
2 728 41
3
1 -733 392
3
1 -293 151
3
2 259 -39
3
2 -383 -5
3
1 -1013 191
3
2 -650 64
3
2 -136 -50
3
2 826 10
3
1 -93 814
3
2 841 23
3
1 18 716
3
2 436 -55
3
1 176 490
3
2 -227 -64
3
1 -85 739
3
2 22 -59
3
1 -646 90
3
2 -541 26
3
2 472 29
3
1 173 122
3
2 177 13
3
2 208 12
3
2 595 34
3
2 -1005 -58
3
2 304 -43
3
1 -476 466
3
2 268 8
3
1 -793 857
3
2 560 -39
3
2 -17 27
3
2 252 -13
3
2 -389 -10
3
2 327 29
3
2 97 -9
3
1 589 446
3
2 -749 54
3
1 -468 934
3
1 784 460
3
2 760 -45
3
2 390 48
3
2 -508 -54
3
2 133 0
3
2 -324 -38
3
2 -680 55
3
1 888 524
3
2 -316 40
3
1 -171 993
3
2 164 21
3
2 659 -10
3
2 251 -24
3
2 648 -43
3
2 -534 16
3
2 1011 -43
3
2 -781 -1
3
2 -769 27
3
2 -186 55
3
1 1004 225
3
2 -516 -33
3
2 -418 -62
3
2 -702 -23
3
2 152 39
3
2 345 46
3
1 -1022 609
3
2 -551 1
3
1 832 176
3
1 130 949
3
2 -334 -36
3
2 -514 52
3
2 -651 47
3
2 527 -22
3
2 849 -52
3
1 -194 48
3
2 -931 -53
3
2 875 -62
3
2 957 34
3
2 -310 -56
3
1 -167 713
3
2 -835 -48
3
2 -102 47
3
2 132 -28
3
2 115 19
3
2 1009 -41
3
2 742 -16
3
2 -187 -12
3
2 -1022 34
3
2 30 -52
3
2 221 -31
3
2 -469 -40
3
1 5 499
3
2 200 53
3
2 -584 62
3
2 -661 -64
3
2 828 52
3
2 812 -4
3
2 -237 -38
3
1 -461 322
3
2 782 -12
3
2 -429 45
3
2 4 -12
3
2 917 50
3
2 -748 22
3
2 979 37
3
1 782 438
3
2 -221 -1
3
2 -642 -42
3
2 475 -56
3
1 258 521
3
2 78 7
3
1 122 14
3
2 290 -5
3
2 201 -58
3
2 993 7
3
2 -421 -61
3
2 284 53
3
2 -663 -3
3
2 837 0
3
1 -821 753
3
2 -805 -23
3
2 -97 -1
3
1 -230 904
3
1 -491 782
3
1 584 919
3
1 -227 277
3
2 -558 -48
3
2 913 -2
3
2 365 -51
3
2 -102 -19
3
2 -731 3
3
2 99 -14
3
2 -171 -9
3
2 -622 -13
3
1 46 80
3
2 762 45
3
2 -766 -2
3
2 365 -26
3
2 -586 -22
3
2 441 28
3
2 -392 13
3
2 64 14
3
2 908 17
3
1 381 529
3
2 220 -55
3
2 -630 -59
3
1 994 348
3
1 767 600
3
2 74 -12
3
2 264 4
3
2 516 -20
3
1 26 620
3
2 -793 5
3
1 392 459
3
2 14 63
3
2 -829 61
3
2 708 37
3
2 481 7
3
2 941 17
3
2 403 -41
3
2 -210 0
3
2 932 -60
3
2 -170 -50
3
2 -613 -43
3
1 -1019 161
3
2 -831 -44
3
2 713 36
3
2 287 56
3
1 815 296
3
2 688 27
3
2 346 -25
3
2 -604 -39
3
1 -47 796
3
1 -150 354
3
1 -19 777
3
2 53 -55
3
2 -51 59
3
2 -362 -3
3
1 -114 970
3
2 766 -26
3
2 -18 -12
3
2 -414 -8
3
2 116 16
3
2 -757 0
3
2 431 -63
3
1 109 677
3
2 -503 17
3
2 -698 -16
3
2 -507 48
3
2 -13 25
3
2 162 -55
3
1 -193 564
3
2 -658 32
3
2 646 -49
3
2 -478 15
3
2 -954 42
3
2 950 44
3
2 -201 -16
3
2 -535 -17
3
2 -772 -2
3
1 798 210
3
1 937 775
3
1 -448 933
3
1 -331 481
3
2 -398 23
3
2 -156 -39
3
2 -66 22
3
2 335 -58
3
1 -340 595
3
1 -157 673
3
1 -399 70
3
2 965 7
3
2 -63 -1
3
2 217 -44
3
1 23 831
3
1 -725 428
3
1 130 220
3
2 547 26
3
1 340 923
3
2 -484 -9
3
1 -915 931
3
2 -279 -41
3
2 719 -61
3
1 -628 684
3
1 935 530
3
1 321 288
3
1 -864 17
3
1 -646 877
3
2 -762 16
3
2 -211 -25
3
1 235 779
3
2 -675 36
3
2 -468 -32
3
2 -105 -19
3
2 85 -42
3
2 -810 -23
3
2 -897 48
3
2 784 15
3
2 981 -1
3
1 378 624
3
2 -669 -36
3
2 2 -37
3
2 793 27
3
2 -406 -55
3
2 205 4
3
2 602 -57
3
2 -453 50
3
2 -269 -16
3
2 676 -27
3
2 -863 8
3
2 -761 25
3
2 579 64
3
2 -706 19
3
2 -825 23
3
2 618 33
3
1 -50 16
3
2 -462 6
3
2 -968 32
3
2 858 -19
3
1 157 187
3
2 815 54
3
1 1020 553
3
2 -930 -49
3
2 -891 -12
3
2 -506 9
3
2 -715 27
3
2 746 -38
3
2 -94 48
3
2 -402 -31
3
2 290 46
3
1 824 29
3
2 -1007 -34
3
2 -77 -8
3
2 -717 -60
3
2 765 -52
3
2 -547 61
3
1 558 400
3
1 554 539
3
2 708 -24
3
1 -351 338
3
1 -415 916
3
2 781 -16
3
2 741 25
3
2 -217 -48
3
2 -868 -18
3
2 942 -47
3
2 -984 -1
3
1 576 786
3
2 -470 -55
3
2 834 -5
3
2 35 62
3
2 -3 -11
3
2 203 -49
3
1 -789 815
3
2 -285 47
3
2 696 40
3
2 -608 27
3
1 133 755
3
2 -248 10
3
2 408 23
3
2 856 31
3
2 -644 11
3
2 -487 -29
3
2 -799 -10
3
2 -762 49
3
2 390 39
3
2 -964 -43
3
1 344 494
3
2 -255 61
3
2 -4 -33
3
1 234 668
3
2 44 -1
3
2 -306 1
3
2 -75 7
3
2 8 18
3
2 -926 -41
3
2 -397 -32
3
2 99 -37
3
1 -912 915
3
1 198 766
3
2 -347 9
3
2 560 36
3
2 357 12
3
1 783 434
3
2 -488 -16
3
1 -668 134
3
2 -597 18
3
1 -372 851
3
2 -885 -35
3
2 -847 24
3
2 -362 -63
3
2 -624 -56
3
1 -227 254
3
2 -172 -52
3
2 793 26
3
2 367 64
3
2 990 30
3
2 -865 -47
3
2 -755 42
3
2 551 34
3
1 1001 836
3
1 829 772
3
2 -945 -13
3
2 -18 -44
3
2 463 28
3
2 -519 27
3
2 719 -31
3
2 196 15
3
2 -453 62
3
1 -90 8
3
2 969 -56
3
2 330 58
3
2 -424 18
3
2 -423 21
3
2 91 -49
3
2 -393 -29
3
1 -495 439
3
2 -813 -37
3
2 -181 22
3
2 3 59
3
2 -83 25
3
1 222 794
3
1 -216 192
3
1 424 751
3
2 432 52
3
1 -934 100
3
1 -747 118
3
2 958 33
3
2 244 -50
3
2 964 5
3
2 597 40
3
2 656 -56
3
2 434 -48
3
2 9 -4
3
2 -124 -41
3
2 1010 53
3
2 -181 -17
3
2 -417 40
3
2 -526 46
3
1 -450 559
3
2 -790 25
3
1 -66 458
3
2 3 -21
3
2 530 -35
3
2 67 59
3
2 753 26
3
2 147 16
3
2 -711 -31
3
1 -584 456
3
1 -165 645
3
2 549 -57
3
2 -63 13
3
2 271 -52
3
2 -715 -33
3
2 -547 -27
3
1 182 932
3
2 -999 36
3
2 285 -64
3
2 -642 -1
3
1 561 51
3
2 -264 -52
3
2 553 -17
3
2 -940 -33
3
2 -726 37
3
2 -331 5
3
1 -906 374
3
2 -415 11
3
1 449 122
3
2 -780 56
3
2 -531 45
3
1 234 605
3
2 725 44
3
1 -149 368
3
2 688 64
3
2 -843 -56
3
2 958 -6
3
1 698 154
3
2 -964 26
3
2 -642 -15
3
1 -968 32
3
2 -58 10
3
1 75 914
3
1 -632 462
3
1 -372 176
3
2 141 59
3
1 -154 629
3
1 976 138
3
2 482 -30
3
1 699 453
3
2 -41 -52
3
2 -665 63
3
2 100 17
3
2 758 -4
3
2 -656 13
3
2 255 42
3
2 -427 23
3
2 -22 16
3
2 -994 -31
3
2 693 13
3
2 671 27
3
2 -565 -33
3
2 -734 4
3
1 378 908
3
2 571 -64
3
2 22 -11
3
2 -575 17
3
2 -264 -51
3
1 118 305
3
2 631 32
3
2 632 49
3
2 691 -2
3
2 -275 58
3
1 -141 673
3
2 -565 -34
3
1 644 876
3
2 553 55
3
2 -481 -39
3
2 -968 -22
3
2 -939 5
3
2 817 42
3
1 673 848
3
2 526 18
3
2 -38 29
3
2 -771 48
3
2 -793 25
3
2 151 49
3
2 609 -43
3
2 559 -40
3
2 544 -48
3
2 -793 4
3
2 293 -53
3
2 163 -57
3
2 132 60
3
1 -446 163
3
2 536 -24
3
2 -997 -43
3
2 -499 -38
3
1 -795 355
3
2 794 -3
3
2 -735 -54
3
2 884 -54
3
1 196 563
3
2 -2 -3
3
2 -874 -49
3
2 -425 58
3
1 -59 510
3
2 776 -10
3
1 -962 263
3
2 -605 -14
3
2 -630 34
3
2 293 -58
3
2 275 -11
3
2 -157 -17
3
2 495 16
3
2 -76 64
3
1 409 518
3
2 566 61
3
1 491 990
3
2 -281 -42
3
1 842 411
3
2 -7 56
3
2 -486 33
3
2 -944 -44
3
2 -226 -33
3
2 199 49
3
1 867 755
3
2 -244 -52
3
1 -560 936
3
2 -876 -1
3
2 -910 -51
3
2 -886 52
3
2 594 51
3
2 140 63
3
2 822 28
3
1 -794 343
3
2 1012 -57
3
1 -989 806
3
1 -389 843
3
2 -709 -63
3
2 -1018 -36
3
2 614 19
3
2 -643 -30
3
1 98 65
3
2 -907 22
3
2 423 -17
3
2 426 12
3
1 -1001 519
3
2 -730 33
3
2 -832 -30
3
1 -52 516
3
2 -108 43
3
2 -1008 12
3
2 861 -62
3
2 -569 -29
3
1 -913 768
3
2 540 16
3
2 48 60
3
2 -585 13
3
2 -894 1
3
1 -731 210
3
2 19 -20
3
2 470 -44
3
1 704 775
3
1 860 410
3
2 736 41
3
2 -462 15
3
2 -186 -4
3
1 -961 837
3
2 -103 2
3
2 143 62
3
1 -218 75
3
2 -60 45
3
2 1000 -51
3
2 1009 33
3
1 598 278
3
1 700 667
3
2 718 -6
3
2 -350 37
3
1 351 187
3
2 453 29
3
2 928 5
3
2 -380 -16
3
2 -895 41
3
2 -779 41
3
2 -91 28
3
1 770 215
3
2 806 64
3
2 64 43
3
2 -503 -52
3
2 259 -41
3
2 -431 -56
3
1 521 158
3
2 511 -22
3
1 755 38
3
2 -449 59
3
1 -316 125
3
2 -333 -18
3
2 339 -56
3
2 -287 -27
3
1 -263 644
3
2 -471 22
3
1 -618 126
3
2 -251 -21
3
2 605 36
3
2 -627 -26
3
2 -787 -20
3
2 -200 -27
3
2 315 10
3
2 -105 55
3
1 941 219
3
2 831 37
3
2 -530 -1
3
1 576 958
3
2 691 -1
3
2 -450 -11
3
2 134 -33
3
2 -885 42
3
2 885 -43
3
2 -127 -54
3
1 699 403
3
2 -477 42
3
2 -1012 42
3
2 127 14
3
1 -645 112
3
2 1011 37
3
2 -988 -25
3
2 213 -33
3
1 -840 957
3
1 800 956
3
2 -787 40
3
2 -742 36
3
2 976 63
3
2 675 19
3
2 153 -46
3
2 -1010 -47
3
2 -367 -59
3
2 -755 -46
3
2 701 22
3
2 730 -39
3
1 764 794
3
1 -306 348
3
2 -112 -44
3
2 816 9
3
2 493 -43
3
2 -902 -6
3
2 -746 51
3
1 70 128
3
2 -363 -25
3
2 376 -31
3
2 624 8
3
2 -969 10
3
2 241 -32
3
1 -344 560
3
2 -34 -27
3
2 11 34
3
2 804 -3
3
2 -695 24
3
2 -173 8
3
2 -7 58
3
2 -423 -45
3
1 355 768
3
2 48 47
3
2 -368 -38
3
2 -219 -22
3
1 -887 642
3
2 -309 28
3
1 -389 364
3
2 680 8
3
2 524 -64
3
2 387 -11
3
2 -504 -7
3
2 617 -12
3
1 52 163
3
1 155 600
3
2 906 -8
3
2 -646 52
3
1 388 76
3
1 -19 454
3
2 329 -55
3
2 -239 45
3
2 -588 -52
3
2 -662 2
3
2 -221 -34
3
2 392 -3
3
2 117 4
3
1 -522 192
3
2 303 11
3
2 872 32
3
1 -523 261
3
1 -818 603
3
2 -434 39
3
1 -41 403
3
1 -615 456
3
2 36 27
3
2 -868 -37
3
1 -628 96
3
1 448 837
3
2 -79 -20
3
1 7 690
3
2 -817 -7
3
1 -629 698
3
2 579 48
3
2 -161 -46
3
2 276 64
3
1 508 420
3
2 928 -37
3
2 890 46
3
1 -754 301
3
2 -439 -4
3
2 628 42
3
2 671 33
3
2 128 -19
3
2 897 -46
3
2 196 -44
3
2 -46 50
3
2 287 44
3
2 161 -56
3
2 390 -47
3
2 -715 31
3
1 421 266
3
2 419 48
3
2 382 -3
3
2 268 49
3
2 488 4
3
2 -973 -55
3
2 141 36
3
2 127 -51
3
2 -55 -37
3
2 -996 -6
3
2 897 -48
3
2 196 25
3
1 882 129
3
2 -51 -21
3
1 -204 178
3
2 -836 64
3
2 -415 3
3
2 -61 -19
3
2 602 -37
3
1 822 735
3
2 -355 42
3
2 262 31
3
2 781 -1
3
1 -719 444
3
1 757 711
3
2 795 36
3
2 -653 -22
3
1 286 552
3
2 -837 3
3
2 978 -25
3
1 -108 342
3
1 426 667
3
2 -75 0
3
2 -205 5
3
2 -208 -18
3
2 -109 -2
3
1 -881 446
3
1 -334 433
3
1 -391 527
3
2 430 -2
3
2 -915 8
3
2 56 2
3
2 -559 -62
3
2 -341 56
3
2 147 3
3
2 -836 -36
3
2 485 51
3
2 108 -48
3
2 -1002 -38
3
2 -195 -21
3
2 -748 -19
3
2 572 -55
3
2 951 -42
3
2 147 -53
3
2 513 -40
3
2 246 38
3
2 140 6
3
2 -458 43
3
2 -238 -15
3
2 -548 28
3
2 -412 -54
3
1 -961 517
3
1 -745 87
3
2 162 -48
3
2 -1008 -22
3
2 -363 -27
3
2 961 -17
3
1 -989 126
3
2 110 -43
3
2 795 14
3
2 -554 -19
3
1 782 249
3
2 -775 -4
3
2 -662 -9
3
2 779 -3
3
2 -914 -49
3
1 82 614
3
2 -871 16
3
2 946 -7
3
2 -593 -50
3
2 464 60
3
2 809 -27
3
1 -525 320
3
2 -24 4
3
2 -615 17
3
2 -762 15
3
1 293 347
3
2 -895 64
3
2 338 27
3
1 679 248
3
1 94 231
3
2 731 -6
3
2 605 27
3
2 1020 20
3
2 -423 -17
3
2 -634 -42
3
2 536 -17
3
2 975 -49
3
1 205 452
3
1 -127 181
3
1 262 297
3
1 817 508
3
2 783 32
3
1 411 521
3
1 61 997
3
2 2 -50
3
1 -681 742
3
2 -368 -13
3
1 -444 50
3
2 -986 59
3
2 -28 -11
3
2 -690 12
3
2 910 20
3
2 -877 36
3
2 586 -17
3
1 586 409
3
1 -616 80
3
2 347 12
3
2 531 11
3
2 -750 -41
3
1 256 259
3
1 -968 596
3
1 919 837
3
2 375 -19
3
2 469 -46
3
2 -760 34
3
1 154 150
3
1 161 129
3
1 -789 569
3
2 582 37
3
2 -463 52
3
2 947 51
3
2 1019 -32
3
2 24 26
3
2 -604 -7
3
2 -291 -36
3
1 -572 643
3
2 947 -1
3
1 310 657
3
2 148 15
3
2 -13 -21
3
2 310 44
3
1 -84 791
3
2 -285 -5
3
2 877 -62
3
2 -620 15
3
2 932 -18
3
2 305 -2
3
2 407 10
3
2 -278 -26
3
2 572 17
3
1 -372 761
3
2 -1005 -17
3
2 618 -55
3
2 773 59
3
2 -72 -42
3
2 911 -3
3
2 -736 -48
3
1 -753 185
3
1 -442 677
3
1 269 652
3
2 915 30
3
1 395 49
3
2 752 4
3
2 474 8
3
2 493 -56
3
1 -1020 79
3
2 -538 46
3
1 836 377
3
2 851 -35
3
2 681 32
3
1 -714 239
3
2 -973 46
3
2 -693 38
3
2 865 25
3
2 -31 0
3
2 95 35
3
2 128 47
3
1 -142 744
3
2 718 -12
3
2 -131 14
3
1 -582 589
3
2 -1007 13
3
2 -873 -56
3
1 436 416
3
2 621 1
3
1 121 325
3
1 871 831
3
1 599 633
3
1 -936 214
3
1 -592 658
3
2 -147 -10
3
2 799 46
3
2 -943 50
3
2 -524 62
3
2 -31 24
3
2 4 -55
3
1 610 331
3
2 736 -41
3
2 -319 -46
3
2 345 -30
3
2 -689 -17
3
2 -37 37
3
2 304 -25
3
2 664 37
3
1 373 615
3
2 -88 50
3
1 911 677
3
2 -86 -9
3
2 -149 40
3
2 -96 -16
3
1 454 848
3
2 406 -29
3
2 802 33
3
2 257 -56
3
1 231 988
3
2 -192 -59
3
2 133 21
3
1 541 2
3
2 -932 -25
3
2 415 -17
3
2 -110 -36
3
2 -605 -36
3
1 755 158
3
2 -49 -41
3
2 -978 57
3
2 496 -39
3
2 -232 57
3
2 -505 -4
3
2 -98 51
3
2 668 -19
3
2 603 -58
3
2 554 -19
3
2 997 -58
3
2 698 -23
3
1 834 66
3
1 753 745
3
2 880 -1
3
2 589 -54
3
2 818 42
3
2 393 4
3
2 -270 3
3
2 -205 -12
3
2 -31 -12
3
2 -994 -21
3
2 747 -47
3
2 -722 -56
3
2 -471 -44
3
2 97 -53
3
2 -15 10
3
2 -714 57
3
2 -561 -4
3
2 846 -6
3
1 -684 16
3
2 -297 -23
3
2 -604 15
3
1 -22 819
3
1 921 695
3
1 455 342
3
1 -900 752
3
2 -169 53
3
2 -782 -36
3
2 939 -41
3
2 936 -54
3
2 206 62
3
2 984 -49
3
2 518 -6
3
2 584 14
3
1 15 679
3
2 424 -63
3
2 68 61
3
2 -661 15
3
2 -495 -20
3
1 -664 132
3
1 -686 19
3
2 1005 27
3
2 546 -42
3
2 -224 50
3
2 787 64
3
2 600 13
3
2 -286 -46
3
2 486 0
3
2 -717 -37
3
2 -490 12
3
2 -540 32
3
2 -652 40
3
2 -405 2
3
2 -335 -12
3
1 481 802
3
2 -578 61
3
1 -825 405
3
2 81 -38
3
2 -177 53
3
2 876 36
3
2 77 -61
3
1 -831 729
3
1 -352 124
3
2 -16 22
3
2 248 -17
3
2 456 -3
3
2 6 50
3
2 -520 25
3
2 -760 -24
3
1 -696 773
3
1 32 532
3
1 -286 417
3
2 -645 -37
3
2 -1013 53
3
2 436 -11
3
2 -122 27
3
1 -38 397
3
1 -622 288
3
1 -364 824
3
2 531 -11
3
2 549 -49
3
1 -339 917
3
2 290 -22
3
2 -531 -35
3
2 960 -56
3
2 123 -35
3
1 989 296
3
2 171 56
3
2 -711 -35
3
2 -299 -4
3
2 746 -23
3
2 -572 40
3
2 -474 -11
3
2 -338 -30
3
2 846 -52
3
2 -772 -39
3
1 386 388
3
1 229 497
3
2 -228 55
3
1 816 803
3
2 -920 47
3
2 230 -55
3
2 -117 -38
3
2 466 4
3
2 966 42
3
1 -230 518
3
2 342 -27
3
2 -431 -1
3
1 -96 969
3
1 -554 783
3
2 -761 -35
3
2 343 -12
3
2 -654 -20
3
1 -901 803
3
2 96 -27
3
2 223 21
3
2 -397 -13
3
1 -776 437
3
2 -742 -51
3
1 -495 698
3
2 -847 46
3
2 999 -9
3
2 884 25
3
2 -642 57
3
1 695 433
3
2 617 2
3
2 914 -64
3
2 435 51
3
2 -78 4
3
2 683 44
3
2 -565 44
3
2 -643 -29
3
2 -858 -37
3
2 -815 55
3
1 464 277
3
2 872 17
3
2 690 -61
3
2 -763 -44
3
2 691 4
3
2 858 14
3
2 -816 56
3
2 543 24
3
1 -357 368
3
2 951 47
3
1 493 427
3
2 926 -27
3
2 -599 57
3
2 130 -44
3
1 801 879
3
2 -353 -52
3
1 -754 664
3
2 -737 43
3
2 -839 59
3
1 848 536
3
1 607 31
3
2 -353 40
3
1 -393 458
3
1 378 115
3
2 -167 21
3
2 -57 -49
3
2 -658 -3
3
2 26 10
3
2 841 24
3
2 -97 60
3
2 496 -21
3
2 522 -3
3
2 342 -47
3
1 133 792
3
1 -868 557
3
2 591 21
3
2 757 -53
3
2 -673 -43
3
1 -596 44
3
1 633 280
3
2 -648 -2
3
2 666 30
3
2 -135 -19
3
2 960 -46
3
2 496 -21
3
2 298 47
3
2 524 59
3
2 -605 0
3
2 274 -15
3
2 271 1
3
2 -278 27
3
2 -765 19
3
2 1016 -63
3
2 -961 10
3
1 853 53
3
2 -882 31
3
2 -76 -58
3
2 564 -61
3
2 552 -32
3
1 728 799
3
2 -542 -29
3
2 -201 -25
3
1 -800 376
3
2 563 -50
3
1 -588 661
3
2 514 -55
3
2 362 -39
3
2 -800 36
3
1 454 108
3
1 966 23
3
2 856 -16
3
1 502 965
3
1 -969 584
3
2 -617 -31
3
2 980 -7
3
1 733 782
3
2 -36 -34
3
2 733 6
3
1 -126 807
3
2 -802 55
3
1 -512 82
3
1 -560 21
3
2 852 -38
3
2 -384 -38
3
2 -618 -25
3
2 490 -56
3
2 -503 -52
3
1 -88 553
3
2 -773 -47
3
1 -470 912
3
2 -500 29
3
2 644 -43
3
2 -823 -48
3
2 -581 -22
3
2 398 57
3
2 -11 -46
3
2 -269 41
3
2 1009 -27
3
2 975 -30
3
2 -942 20
3
2 -703 -19
3
2 -526 38
3
2 -933 -25
3
2 -844 36
3
2 -877 3
3
2 973 40
3
2 -709 3
3
2 -837 36
3
2 810 -49
3
2 -504 54
3
2 -972 -60
3
2 -80 -27
3
1 -438 336
3
1 -170 420
3
2 -172 20
3
1 987 17
3
1 722 439
3
1 -446 710
3
1 -42 385
3
2 134 -61
3
2 126 60
3
2 456 63
3
1 745 467
3
1 170 786
3
2 -315 -31
3
2 714 -47
3
1 685 667
3
2 -672 35
3
2 213 1
3
2 729 -29
3
1 446 388
3
2 -315 38
3
2 -543 23
3
1 877 394
3
2 29 -62
3
1 -891 693
3
2 115 -39
3
2 800 -47
3
2 -696 -33
3
2 -1002 8
3
1 402 48
3
2 -529 9
3
2 -290 2
3
2 680 -45
3
2 676 51
3
1 549 657
3
2 -763 35
3
2 536 12
3
2 414 56
3
2 -147 -44
3
2 12 -9
3
2 1016 10
3
2 760 12
3
2 501 30
3
1 922 89
3
2 -854 -23
3
2 498 -51
3
1 27 276
3
1 136 315
3
2 525 -5
3
2 -125 42
3
1 -857 987
3
2 -960 -6
3
1 -977 453
3
2 -545 38
3
1 879 558
3
1 355 936
3
2 -978 2
3
1 -783 352
3
2 -269 -60
3
2 -949 -27
3
1 140 358
3
2 -605 45
3
2 -913 -34
3
2 921 -27
3
1 961 925
3
2 -244 5
3
2 -382 21
3
2 -455 56
3
2 464 -36
3
2 -334 30
3
2 750 29
3
1 121 6
3
2 587 15
3
2 600 28
3
2 -967 -60
3
2 156 42
3
2 -658 -39
3
1 205 246
3
2 320 51
3
2 212 -40
3
2 -245 27
3
2 654 6
3
1 412 581
3
2 -923 11
3
2 -823 19
3
2 567 32
3
2 -497 -13
3
1 131 465
3
2 -894 -42
3
2 -256 -5
3
2 73 -21
3
2 -792 20
3
2 -894 -30
3
2 -123 -13
3
2 907 -27
3
1 81 947
3
2 742 29
3
2 459 -3
3
2 824 -56
3
2 764 11
3
2 -53 36
3
2 658 -11
3
2 969 -39
3
2 955 39
3
2 -833 56
3
2 -241 -8
3
2 -697 -37
3
1 213 19
3
2 -379 60
3
2 408 37
3
2 -799 -51
3
2 -660 0
3
2 -571 11
3
1 905 371
3
2 -741 -4
3
2 841 1
3
2 -956 -43
3
2 32 45
3
1 350 736
3
2 640 -6
3
2 647 -62
3
2 -582 2
3
1 -764 771
3
2 -793 -35
3
2 231 -51
3
2 -369 -13
3
2 48 48
3
2 -337 -26
3
1 984 343
3
1 224 813
3
1 196 373
3
2 335 19
3
1 -750 51
3
2 982 -55
3
2 -684 2
3
2 -434 52
3
2 -47 23
3
2 -731 63
3
1 -738 762
3
2 -958 -8
3
2 40 -39
3
2 -591 14
3
2 -438 -36
3
2 952 -9
3
2 386 32
3
1 708 779
3
2 199 -53
3
2 -561 37
3
2 510 -15
3
2 -850 -18
3
1 611 121
3
1 -95 822
3
2 34 48
3
2 236 15
3
2 230 -18
3
2 -779 -46
3
1 940 169
3
2 822 29
3
2 581 24
3
2 686 -26
3
1 338 904
3
2 -268 -41
3
2 740 34
3
2 -974 -37
3
2 694 23
3
2 -573 6
3
1 -89 137
3
2 564 52
3
2 -882 64
3
2 468 -31
3
1 72 517
3
1 -1008 500
3
2 737 -20
3
2 -768 4
3
2 -472 10
3
2 -552 -34
3
2 726 42
3
2 487 -10
3
1 732 595
3
1 945 901
3
2 789 -27
3
2 -150 32
3
2 -942 9
3
2 -529 8
3
2 -723 -30
3
2 241 -59
3
1 -464 625
3
2 -362 -48
3
2 -168 4
3
2 -325 24
3
2 -147 58
3
2 703 -53
3
2 -604 -13
3
2 -255 12
3
1 263 191
3
2 -916 22
3
2 756 36
3
2 68 36
3
2 145 25
3
2 618 -12
3
2 -607 -44
3
2 -385 59
3
1 277 771
3
2 578 19
3
2 -762 -28
3
2 395 48
3
2 -89 11
3
2 -462 -25
3
2 786 -21
3
2 -736 7
3
2 528 -39
3
2 -780 21
3
2 -714 3
3
2 298 -20
3
1 190 836
3
1 800 86
3
1 319 166
3
2 -180 -14
3
2 477 26
3
1 -951 398
3
1 -692 490
3
2 596 -51
3
2 30 -17
3
1 -432 141
3
1 490 815
3
2 500 -24
3
2 218 3
3
2 911 29
3
2 -939 7
3
2 -63 36
3
1 58 528
3
2 866 19
3
2 -73 -12
3
2 80 -23
3
2 878 61
3
2 533 20
3
2 -48 -43
3
2 -440 -52
3
2 941 16
3
1 785 78
3
2 -109 -43
3
2 837 39
3
2 281 37
3
2 70 -7
3
2 -521 -31
3
2 746 45
3
2 573 -45
3
1 -721 199
3
2 784 29
3
2 953 60
3
2 -653 -51
3
2 -114 29
3
2 91 63
3
1 505 963
3
1 183 230
3
2 -385 9
3
2 -698 -37
3
2 -540 53
3
2 -23 -46
3
2 425 11
3
2 -284 59
3
2 982 55
3
2 991 -38
3
1 -844 291
3
2 169 -52
3
2 -727 48
3
1 -439 987
3
2 473 -24
3
2 -480 -51
3
2 204 -33
3
2 -788 41
3
1 533 686
3
1 -120 722
3
2 -417 -49
3
2 738 -19
3
2 260 -27
3
1 434 850
3
1 -731 493
3
2 -881 -57
3
2 -769 -20
3
2 -980 58
3
1 907 220
3
2 167 48
3
1 477 80
3
2 -732 -54
3
2 -716 47
3
1 -373 918
3
2 -912 49
3
2 200 -49
3
2 891 21
3
2 -464 -52
3
2 -50 -40
3
2 40 63
3
2 -226 25
3
2 -669 -24
3
1 -95 975
3
2 769 9
3
1 971 16
3
1 -553 129
3
2 327 -57
3
2 229 -1
3
1 415 743
3
1 -633 752
3
2 -472 -37
3
2 -545 18
3
2 910 -12
3
1 57 861
3
2 913 22
3
2 -837 -49
3
2 -952 -38
3
2 311 -30
3
2 435 -31
3
2 839 59
3
2 -872 -28
3
2 -635 59
3
1 305 397
3
2 207 26
3
1 748 180
3
2 -522 13
3
2 184 62
3
2 -853 54
3
1 1 13
3
2 646 60
3
1 610 29
3
2 179 45
3
1 -292 459
3
2 -386 -25
3
1 -359 829
3
1 -777 678
3
2 -144 34
3
2 -695 -46
3
2 -152 32
3
1 -661 330
3
2 -806 31
3
2 477 -58
3
2 -943 6
3
1 455 414
3
1 -396 169
3
2 1003 -15
3
1 -283 694
3
2 430 4
3
2 -646 39
3
1 510 764
3
2 -898 1
3
2 919 -42
3
1 202 518
3
2 330 -32
3
2 485 -1
3
2 -633 11
3
2 -473 -47
3
2 125 -50
3
2 819 -8
3
1 587 301
3
1 585 251
3
2 -112 17
3
2 -303 4
3
1 234 319
3
2 86 51
3
2 945 -55
3
2 -530 -24
3
2 129 -9
3
1 -849 105
3
2 484 60
3
2 -632 -42
3
2 -904 30
3
2 -881 16
3
1 32 527
3
2 241 8
3
2 373 -30
3
2 -106 35
3
2 -453 45
3
1 272 435
3
2 -624 45
3
2 -585 -17
3
1 5 525
3
2 -1009 45
3
2 -865 5
3
2 766 -14
3
2 -239 28
3
1 608 696
3
2 -239 38
3
2 418 22
3
2 837 -37
3
