31
21 -200
-26 199
-17 -977
7 -18
25 142
14 -52
-30 -193
32 -996
13 755
-7 -263
6 365
10 -471
-7 588
-9 978
1 765
1 -174
-26 -965
30 -672
-20 679
-7 340
-29 17
-18 503
-12 -843
10 732
30 842
6 -345
-13 180
8 61
-29 -684
17 311
1 58
3
2 645 54
3
2 998 3
3
2 -205 -36
3
2 324 41
3
2 -365 15
3
2 -657 -59
3
2 -701 39
3
2 -9 39
3
2 -265 61
3
2 -979 -29
3
1 695 1
3
1 -680 8
3
1 -352 2
3
2 -228 57
3
1 -625 15
3
1 22 4
3
2 -25 47
3
2 622 -29
3
2 306 64
3
1 516 5
3
2 -241 46
3
1 -880 17
3
1 -783 12
3
2 391 34
3
1 367 0
3
2 865 -4
3
2 258 11
3
2 -774 -30
3
2 26 10
3
2 -587 -37
3
2 541 21
3
1 -557 25
3
2 192 -34
3
1 533 27
3
2 790 33
3
1 86 28
3
1 -699 16
3
2 -217 17
3
2 -13 39
3
2 -866 -24
3
2 344 -25
3
1 -811 28
3
2 623 33
3
2 -316 36
3
1 753 10
3
1 646 15
3
2 -617 48
3
2 525 8
3
2 85 6
3
2 -609 50
3
2 -527 -33
3
1 -936 8
3
2 358 -38
3
2 523 34
3
2 -562 60
3
2 -481 8
3
2 606 59
3
2 395 31
3
2 -351 -51
3
2 443 8
3
2 140 -14
3
2 307 -40
3
2 -127 32
3
