20
32 -619
-16 -442
-18 482
18 662
-5 -511
17 -41
16 -212
-10 0
-1 100
25 87
3 980
-13 -656
23 476
12 -276
-16 -427
-21 -713
-28 34
29 -994
5 -512
-9 703
3
2 671 27
3
2 -565 -33
3
2 -734 4
3
1 378 8
3
2 571 -64
3
2 22 -11
3
2 -575 17
3
2 -264 -51
3
1 118 5
3
2 631 32
3
2 632 49
3
2 691 -2
3
2 -275 58
3
1 -141 13
3
2 -565 -34
3
1 644 16
3
2 553 55
3
2 -481 -39
3
2 -968 -22
3
2 -939 5
3
2 817 42
3
1 673 8
3
2 526 18
3
2 -38 29
3
2 -771 48
3
2 -793 25
3
2 151 49
3
2 609 -43
3
2 559 -40
3
2 544 -48
3
2 -793 4
3
2 293 -53
3
2 163 -57
3
2 132 60
3
1 -446 3
3
2 536 -24
3
2 -997 -43
3
2 -499 -38
3
1 -795 15
3
2 794 -3
3
2 -735 -54
3
2 884 -54
3
1 196 3
3
2 -2 -3
3
2 -874 -49
3
2 -425 58
3
1 -59 10
3
2 776 -10
3
1 -962 3
3
2 -605 -14
3
2 -630 34
3
