52
-9 -261
30 401
31 -44
-1 155
-22 251
25 274
-24 -896
-21 -374
11 74
-13 -507
3 312
30 42
-14 866
-31 655
-29 340
19 114
28 -488
25 -411
15 -160
-4 -920
-26 -553
6 669
-13 152
1 44
-14 738
29 -924
-10 60
26 -466
30 211
-23 -433
16 -934
-3 -908
14 197
9 95
14 474
-7 127
-5 -959
-31 521
21 -446
14 -70
-9 615
32 -196
7 686
-7 -449
23 40
9 -602
1 849
-14 245
-4 -780
15 -967
32 27
31 -384
3
1 -45 9
3
2 534 -7
3
2 313 -62
3
2 630 -46
3
1 -544 23
3
2 8 39
3
2 650 -56
3
1 -129 47
3
2 -301 29
3
2 238 8
3
2 -694 28
3
2 639 63
3
2 878 -32
3
2 -389 -52
3
2 -458 24
3
2 -143 -42
3
2 594 -36
3
2 846 32
3
1 -195 37
3
2 -517 -27
3
2 -199 25
3
2 255 20
3
1 -125 42
3
2 -725 -51
3
2 -871 -50
3
2 525 -9
3
2 -492 -39
3
2 512 -62
3
2 997 57
3
2 1020 -59
3
2 765 -11
3
2 -838 57
3
1 844 14
3
2 1001 36
3
2 -762 -33
3
2 -891 -46
3
2 109 -29
3
2 -185 26
3
2 658 -34
3
1 288 46
3
2 993 -19
3
2 -484 -54
3
2 -429 37
3
2 1011 34
3
2 -138 64
3
1 787 14
3
1 59 2
3
1 -704 39
3
2 -144 43
3
2 7 29
3
2 768 -53
3
2 -109 15
3
2 193 58
3
2 -1014 28
3
2 157 -55
3
2 -753 -64
3
2 -656 -63
3
2 466 -37
3
2 53 2
3
1 -388 17
3
1 677 51
3
2 937 -17
3
2 -444 22
3
2 -61 -3
3
2 526 -9
3
2 -983 35
3
1 -355 11
3
2 982 -46
3
2 -231 -55
3
2 -263 14
3
2 150 -19
3
1 -49 9
3
2 -319 -13
3
2 -65 9
3
1 -835 2
3
1 -209 45
3
2 41 6
3
2 998 33
3
2 -91 50
3
2 215 17
3
2 -637 37
3
2 682 -8
3
2 478 -47
3
2 -33 35
3
1 185 39
3
2 -761 62
3
1 -550 48
3
2 162 43
3
2 -208 53
3
2 -71 -23
3
2 186 -62
3
2 -811 -31
3
2 437 -13
3
2 -612 -50
3
2 -432 40
3
2 -36 46
3
2 619 -62
3
2 -359 51
3
2 -963 -2
3
2 624 64
3
2 42 44
3
2 -1022 -24
3
2 967 -48
3
2 55 7
3
2 277 -51
3
2 795 9
3
2 -647 57
3
2 -935 28
3
2 930 18
3
2 757 4
3
2 299 -60
3
2 -57 47
3
2 -652 -13
3
2 -1010 35
3
1 -138 48
3
2 610 -45
3
2 -38 63
3
2 -584 46
3
2 159 2
3
2 958 49
3
2 207 -46
3
2 -886 -15
3
1 -57 32
3
2 55 14
3
2 -648 -45
3
2 -37 -58
3
2 826 -43
3
2 -1024 2
3
2 713 55
3
2 -561 58
3
2 389 -15
3
2 -1007 -48
3
2 890 -8
3
2 -127 -16
3
2 97 -2
3
2 -723 49
3
2 768 -56
3
2 339 53
3
2 640 -38
3
2 552 9
3
2 319 6
3
2 240 -51
3
1 -766 32
3
1 -279 25
3
2 -845 46
3
2 -41 -37
3
2 -331 34
3
1 809 29
3
