3194 -1 -1 -1 -1 -1 -1 -1 -1 -1 -1 -1 -1 -1 -1 -1 -1 -1 -1 -1 -1 -1 -1 -1 -1 -1 -1 -1 -1 -1 -1 -1 -1 -1 -1 -1 -1 -1 -1 -1 -1 -1 -1 -1 -1 -1 -1
5290 -1 -1 -1 -1 -1 -1 -1 -1 -1 -1 -1 -1 -1 -1 -1 -1 -1 -1 -1 -1 -1 -1 -1 -1 -1 -1 -1 -1 0 -1 -1 -1 -1 -1 -1 -1 -1 -1 -1 -1 -1 -1 -1 -1 -1 -1
5592 -1 -1 -1 -1 -1 -1 -1 -1 -1 -1 -1 -1 -1 -1 -1 -1 -1 -1 -1 -1 -1 1 -1 -1 -1 -1 -1 -1 0 -1 -1 -1 -1 -1 -1 -1 -1 -1 -1 -1 -1 -1 -1 -1 -1 -1
8073 -1 -1 -1 -1 -1 -1 -1 -1 -1 -1 2 -1 -1 -1 -1 -1 -1 -1 -1 -1 -1 1 -1 -1 -1 -1 -1 -1 0 -1 -1 -1 -1 -1 -1 -1 -1 -1 -1 -1 -1 -1 -1 -1 -1 -1
9851 -1 -1 -1 -1 -1 -1 -1 -1 -1 -1 3 -1 -1 2 -1 -1 -1 -1 -1 -1 -1 1 -1 -1 -1 -1 -1 -1 0 -1 -1 -1 -1 -1 -1 -1 -1 -1 -1 -1 -1 -1 -1 -1 -1 -1
10919 -1 -1 -1 -1 -1 -1 -1 -1 -1 -1 3 -1 -1 4 -1 -1 -1 -1 -1 -1 -1 1 -1 -1 -1 -1 -1 -1 0 -1 -1 -1 -1 -1 -1 -1 2 -1 -1 -1 -1 -1 -1 -1 -1 -1
12145 -1 -1 -1 5 -1 -1 -1 -1 -1 -1 3 -1 -1 4 -1 -1 -1 -1 -1 -1 -1 1 -1 -1 -1 -1 -1 -1 0 -1 -1 -1 -1 -1 -1 -1 2 -1 -1 -1 -1 -1 -1 -1 -1 -1
12972 -1 -1 -1 5 -1 -1 -1 -1 -1 -1 3 -1 -1 4 -1 -1 -1 -1 -1 -1 -1 1 -1 -1 -1 -1 -1 6 0 -1 -1 -1 -1 -1 -1 -1 2 -1 -1 -1 -1 -1 -1 -1 -1 -1
12972 -1 -1 -1 5 -1 -1 -1 -1 -1 -1 3 -1 -1 4 -1 -1 -1 -1 -1 -1 -1 1 -1 -1 -1 -1 -1 6 0 -1 -1 -1 -1 -1 -1 -1 2 -1 -1 -1 -1 -1 -1 -1 -1 -1
12972 -1 -1 -1 5 -1 -1 -1 -1 -1 -1 3 -1 -1 4 -1 -1 -1 -1 -1 -1 -1 1 -1 -1 -1 -1 -1 6 0 -1 -1 -1 -1 -1 -1 -1 2 -1 -1 -1 -1 -1 -1 -1 -1 -1
15686 -1 -1 -1 5 -1 -1 9 -1 -1 -1 3 -1 -1 4 -1 -1 -1 -1 -1 -1 -1 1 -1 -1 -1 -1 -1 6 0 -1 -1 -1 -1 -1 -1 -1 2 -1 -1 -1 -1 -1 -1 -1 -1 -1
16647 -1 -1 -1 5 -1 -1 9 -1 -1 -1 3 -1 -1 4 -1 -1 -1 -1 -1 -1 -1 10 -1 -1 -1 -1 -1 6 0 -1 -1 -1 -1 -1 -1 -1 2 -1 -1 -1 -1 -1 -1 -1 -1 -1
17724 -1 -1 -1 5 -1 -1 9 -1 -1 -1 3 -1 -1 4 -1 -1 -1 -1 -1 -1 -1 10 -1 -1 -1 -1 -1 6 0 -1 11 -1 -1 -1 -1 -1 2 -1 -1 -1 -1 -1 -1 -1 -1 -1
20264 -1 -1 -1 5 -1 -1 9 -1 -1 -1 12 -1 -1 2 10 -1 -1 -1 -1 -1 -1 4 -1 -1 -1 -1 -1 6 0 -1 11 -1 -1 -1 -1 -1 3 -1 -1 -1 -1 -1 -1 -1 -1 -1
20264 -1 -1 -1 5 -1 -1 9 -1 -1 -1 12 -1 -1 2 10 -1 -1 -1 -1 -1 -1 4 -1 -1 -1 -1 -1 6 0 -1 11 -1 -1 -1 -1 -1 3 -1 -1 -1 -1 -1 -1 -1 -1 -1
21067 -1 -1 -1 5 -1 -1 9 -1 -1 -1 12 -1 -1 2 10 -1 -1 -1 -1 -1 -1 4 -1 -1 -1 -1 -1 6 14 0 11 -1 -1 -1 -1 -1 3 -1 -1 -1 -1 -1 -1 -1 -1 -1
23072 -1 -1 -1 9 -1 -1 15 -1 -1 -1 12 -1 -1 2 10 -1 -1 -1 -1 0 -1 4 -1 -1 -1 -1 -1 6 11 14 5 -1 -1 -1 -1 -1 3 -1 -1 -1 -1 -1 -1 -1 -1 -1
23237 -1 -1 -1 9 -1 -1 15 -1 -1 -1 12 -1 -1 2 10 -1 -1 -1 -1 0 -1 4 -1 5 -1 -1 -1 6 11 14 16 -1 -1 -1 -1 -1 3 -1 -1 -1 -1 -1 -1 -1 -1 -1
23237 -1 -1 -1 9 -1 -1 15 -1 -1 -1 12 -1 -1 2 10 -1 -1 -1 -1 0 -1 4 -1 5 -1 -1 -1 6 11 14 16 -1 -1 -1 -1 -1 3 -1 -1 -1 -1 -1 -1 -1 -1 -1
23675 -1 -1 -1 9 -1 -1 15 -1 -1 -1 12 -1 -1 2 10 -1 -1 -1 -1 0 -1 4 -1 5 -1 -1 18 6 11 14 16 -1 -1 -1 -1 -1 3 -1 -1 -1 -1 -1 -1 -1 -1 -1
25274 -1 -1 -1 9 -1 -1 15 -1 -1 -1 12 -1 -1 2 10 -1 -1 0 -1 19 -1 4 -1 5 -1 -1 18 6 11 14 16 -1 -1 -1 -1 -1 3 -1 -1 -1 -1 -1 -1 -1 -1 -1
26621 -1 -1 -1 9 -1 -1 15 -1 2 -1 12 -1 -1 4 0 -1 -1 19 -1 14 -1 10 -1 16 -1 -1 18 6 5 11 20 -1 -1 -1 -1 -1 3 -1 -1 -1 -1 -1 -1 -1 -1 -1
26621 -1 -1 -1 9 -1 -1 15 -1 2 -1 12 -1 -1 4 0 -1 -1 19 -1 14 -1 10 -1 16 -1 -1 18 6 5 11 20 -1 -1 -1 -1 -1 3 -1 -1 -1 -1 -1 -1 -1 -1 -1
27045 -1 -1 -1 9 -1 -1 15 -1 2 -1 12 -1 0 4 10 -1 -1 19 -1 14 -1 22 -1 16 -1 -1 18 6 5 11 20 -1 -1 -1 -1 -1 3 -1 -1 -1 -1 -1 -1 -1 -1 -1
29390 -1 -1 -1 9 -1 -1 15 -1 2 -1 23 -1 0 4 10 -1 -1 19 -1 14 12 22 -1 16 -1 -1 18 6 5 11 20 -1 -1 -1 -1 -1 3 -1 -1 -1 -1 -1 -1 -1 -1 -1
29390 -1 -1 -1 9 -1 -1 15 -1 2 -1 23 -1 0 4 10 -1 -1 19 -1 14 12 22 -1 16 -1 -1 18 6 5 11 20 -1 -1 -1 -1 -1 3 -1 -1 -1 -1 -1 -1 -1 -1 -1
29483 -1 -1 -1 9 -1 -1 15 -1 2 -1 23 -1 0 4 10 -1 -1 19 -1 14 12 22 -1 16 -1 -1 18 6 5 11 20 -1 -1 -1 -1 -1 3 -1 -1 -1 -1 -1 -1 -1 25 -1
29484 -1 -1 -1 9 -1 -1 15 -1 2 -1 23 -1 0 4 10 -1 -1 19 -1 14 12 22 -1 16 -1 -1 18 6 5 11 20 -1 -1 -1 -1 -1 3 -1 -1 -1 -1 -1 -1 26 25 -1
29559 -1 -1 -1 9 -1 -1 15 -1 2 -1 23 -1 0 4 10 -1 -1 19 -1 14 12 22 -1 27 -1 -1 18 6 5 11 20 -1 -1 -1 -1 -1 3 -1 -1 -1 -1 -1 -1 26 25 -1
29559 -1 -1 -1 9 -1 -1 15 -1 2 -1 23 -1 0 4 10 -1 -1 19 -1 14 12 22 -1 27 -1 -1 18 6 5 11 20 -1 -1 -1 -1 -1 3 -1 -1 -1 -1 -1 -1 26 25 -1
29905 -1 -1 -1 9 -1 -1 15 -1 29 -1 23 -1 0 2 10 -1 -1 19 -1 14 12 22 -1 27 -1 -1 18 6 5 11 20 -1 -1 -1 4 -1 3 -1 -1 -1 -1 -1 -1 26 25 -1
29905 -1 -1 -1 9 -1 -1 15 -1 29 -1 23 -1 0 2 10 -1 -1 19 -1 14 12 22 -1 27 -1 -1 18 6 5 11 20 -1 -1 -1 4 -1 3 -1 -1 -1 -1 -1 -1 26 25 -1
30840 -1 -1 -1 9 -1 -1 15 -1 29 -1 23 -1 0 2 10 -1 -1 19 -1 14 12 22 -1 20 -1 -1 18 6 5 11 31 -1 -1 -1 4 -1 3 -1 -1 -1 -1 -1 -1 26 25 -1
32109 -1 -1 -1 9 -1 -1 15 -1 2 -1 23 -1 0 32 10 -1 -1 19 -1 14 12 22 -1 20 -1 -1 18 6 5 11 31 -1 -1 -1 4 3 29 -1 -1 -1 -1 -1 -1 26 25 -1
32213 -1 -1 -1 9 -1 -1 15 -1 2 -1 23 -1 0 4 10 32 -1 19 -1 14 12 33 -1 20 -1 -1 18 6 5 11 31 -1 -1 -1 22 3 29 -1 -1 -1 -1 -1 -1 26 25 -1
32213 -1 -1 -1 9 -1 -1 15 -1 2 -1 23 -1 0 4 10 32 -1 19 -1 14 12 33 -1 20 -1 -1 18 6 5 11 31 -1 -1 -1 22 3 29 -1 -1 -1 -1 -1 -1 26 25 -1
33059 -1 -1 -1 9 -1 -1 15 -1 2 -1 23 -1 0 4 10 32 -1 19 -1 14 12 35 -1 20 -1 -1 18 6 5 11 31 -1 -1 -1 22 3 29 -1 -1 -1 -1 -1 -1 26 25 -1
33059 -1 -1 -1 9 -1 -1 15 -1 2 -1 23 -1 0 4 10 32 -1 19 -1 14 12 35 -1 20 -1 -1 18 6 5 11 31 -1 -1 -1 22 3 29 -1 -1 -1 -1 -1 -1 26 25 -1
33059 -1 -1 -1 9 -1 -1 15 -1 2 -1 23 -1 0 4 10 32 -1 19 -1 14 12 35 -1 20 -1 -1 18 6 5 11 31 -1 -1 -1 22 3 29 -1 -1 -1 -1 -1 -1 26 25 -1
33059 -1 -1 -1 9 -1 -1 15 -1 2 -1 23 -1 0 4 10 32 -1 19 -1 14 12 35 -1 20 -1 -1 18 6 5 11 31 -1 -1 -1 22 3 29 -1 -1 -1 -1 -1 -1 26 25 -1
34550 -1 -1 -1 9 -1 -1 15 -1 2 -1 23 -1 19 4 0 32 -1 14 22 11 12 10 -1 39 -1 -1 18 6 20 5 31 -1 -1 -1 35 3 29 -1 -1 -1 -1 -1 -1 26 25 -1
35302 -1 -1 -1 15 -1 39 40 -1 2 -1 23 -1 19 4 0 32 -1 14 22 11 12 10 -1 31 -1 -1 18 6 20 5 9 -1 -1 -1 35 3 29 -1 -1 -1 -1 -1 -1 26 25 -1
36914 -1 -1 -1 15 -1 39 40 -1 29 -1 23 -1 19 4 0 32 -1 14 22 11 12 10 -1 31 -1 -1 18 6 20 5 9 -1 -1 -1 35 3 41 -1 -1 -1 -1 -1 -1 2 25 -1
36914 -1 -1 -1 15 -1 39 40 -1 29 -1 23 -1 19 4 0 32 -1 14 22 11 12 10 -1 31 -1 -1 18 6 20 5 9 -1 -1 -1 35 3 41 -1 -1 -1 -1 -1 -1 2 25 -1
37960 -1 -1 -1 15 -1 39 43 -1 29 -1 23 -1 19 4 0 32 -1 14 22 11 12 10 -1 31 -1 -1 18 6 20 5 9 -1 -1 -1 35 3 41 -1 -1 40 -1 -1 -1 2 25 -1
37960 -1 -1 -1 15 -1 39 43 -1 29 -1 23 -1 19 4 0 32 -1 14 22 11 12 10 -1 31 -1 -1 18 6 20 5 9 -1 -1 -1 35 3 41 -1 -1 40 -1 -1 -1 2 25 -1
37960 -1 -1 -1 15 -1 39 43 -1 29 -1 23 -1 19 4 0 32 -1 14 22 11 12 10 -1 31 -1 -1 18 6 20 5 9 -1 -1 -1 35 3 41 -1 -1 40 -1 -1 -1 2 25 -1
37960 -1 -1 -1 15 -1 39 43 -1 29 -1 23 -1 19 4 0 32 -1 14 22 11 12 10 -1 31 -1 -1 18 6 20 5 9 -1 -1 -1 35 3 41 -1 -1 40 -1 -1 -1 2 25 -1
37960 -1 -1 -1 15 -1 39 43 -1 29 -1 23 -1 19 4 0 32 -1 14 22 11 12 10 -1 31 -1 -1 18 6 20 5 9 -1 -1 -1 35 3 41 -1 -1 40 -1 -1 -1 2 25 -1
37960 -1 -1 -1 15 -1 39 43 -1 29 -1 23 -1 19 4 0 32 -1 14 22 11 12 10 -1 31 -1 -1 18 6 20 5 9 -1 -1 -1 35 3 41 -1 -1 40 -1 -1 -1 2 25 -1
37960 -1 -1 -1 15 -1 39 43 -1 29 -1 23 -1 19 4 0 32 -1 14 22 11 12 10 -1 31 -1 -1 18 6 20 5 9 -1 -1 -1 35 3 41 -1 -1 40 -1 -1 -1 2 25 -1
37960 -1 -1 -1 15 -1 39 43 -1 29 -1 23 -1 19 4 0 32 -1 14 22 11 12 10 -1 31 -1 -1 18 6 20 5 9 -1 -1 -1 35 3 41 -1 -1 40 -1 -1 -1 2 25 -1
38473 -1 -1 -1 15 -1 39 43 51 29 -1 23 -1 19 4 0 32 -1 14 22 11 12 10 -1 31 -1 -1 18 6 20 5 9 -1 -1 -1 35 3 41 -1 -1 40 -1 -1 -1 2 25 -1
38473 -1 -1 -1 15 -1 39 43 51 29 -1 23 -1 19 4 0 32 -1 14 22 11 12 10 -1 31 -1 -1 18 6 20 5 9 -1 -1 -1 35 3 41 -1 -1 40 -1 -1 -1 2 25 -1
38905 -1 -1 -1 15 -1 39 43 51 29 -1 23 -1 14 4 19 32 -1 11 22 5 12 10 -1 31 -1 -1 18 6 20 53 9 -1 0 -1 35 3 41 -1 -1 40 -1 -1 -1 2 25 -1
38905 -1 -1 -1 15 -1 39 43 51 29 -1 23 -1 14 4 19 32 -1 11 22 5 12 10 -1 31 -1 -1 18 6 20 53 9 -1 0 -1 35 3 41 -1 -1 40 -1 -1 -1 2 25 -1
39177 -1 22 -1 15 -1 39 43 51 29 -1 23 -1 14 4 19 32 -1 11 55 5 12 10 -1 31 -1 -1 18 6 20 53 9 -1 0 -1 35 3 41 -1 -1 40 -1 -1 -1 2 25 -1
40465 -1 22 -1 15 -1 39 43 51 41 -1 56 -1 14 4 19 32 -1 11 55 5 23 10 -1 31 2 -1 18 6 20 53 9 -1 0 -1 35 12 3 -1 -1 40 -1 -1 -1 29 25 -1
40465 -1 22 -1 15 -1 39 43 51 41 -1 56 -1 14 4 19 32 -1 11 55 5 23 10 -1 31 2 -1 18 6 20 53 9 -1 0 -1 35 12 3 -1 -1 40 -1 -1 -1 29 25 -1
40465 -1 22 -1 15 -1 39 43 51 41 -1 56 -1 14 4 19 32 -1 11 55 5 23 10 -1 31 2 -1 18 6 20 53 9 -1 0 -1 35 12 3 -1 -1 40 -1 -1 -1 29 25 -1
40465 -1 22 -1 15 -1 39 43 51 41 -1 56 -1 14 4 19 32 -1 11 55 5 23 10 -1 31 2 -1 18 6 20 53 9 -1 0 -1 35 12 3 -1 -1 40 -1 -1 -1 29 25 -1
40465 -1 22 -1 15 -1 39 43 51 41 -1 56 -1 14 4 19 32 -1 11 55 5 23 10 -1 31 2 -1 18 6 20 53 9 -1 0 -1 35 12 3 -1 -1 40 -1 -1 -1 29 25 -1
40465 -1 22 -1 15 -1 39 43 51 41 -1 56 -1 14 4 19 32 -1 11 55 5 23 10 -1 31 2 -1 18 6 20 53 9 -1 0 -1 35 12 3 -1 -1 40 -1 -1 -1 29 25 -1
41669 -1 55 -1 15 -1 39 43 51 41 -1 56 -1 14 32 19 62 -1 11 4 5 23 10 -1 31 2 -1 18 6 20 53 9 -1 0 -1 35 12 3 22 -1 40 -1 -1 -1 29 25 -1
42768 -1 55 -1 9 -1 20 15 51 41 -1 56 -1 14 32 19 62 -1 63 4 11 23 10 -1 39 2 -1 18 6 53 5 31 40 0 -1 35 12 3 22 -1 43 -1 -1 -1 29 25 -1
42768 -1 55 -1 9 -1 20 15 51 41 -1 56 -1 14 32 19 62 -1 63 4 11 23 10 -1 39 2 -1 18 6 53 5 31 40 0 -1 35 12 3 22 -1 43 -1 -1 -1 29 25 -1
43580 -1 55 -1 9 -1 20 15 51 3 -1 56 -1 14 32 19 62 -1 63 4 11 23 10 -1 39 2 -1 18 6 53 5 31 40 0 -1 35 12 65 22 -1 43 -1 -1 -1 41 25 -1
43580 -1 55 -1 9 -1 20 15 51 3 -1 56 -1 14 32 19 62 -1 63 4 11 23 10 -1 39 2 -1 18 6 53 5 31 40 0 -1 35 12 65 22 -1 43 -1 -1 -1 41 25 -1
43670 -1 4 -1 9 -1 20 15 51 65 -1 67 -1 14 62 19 2 -1 63 32 11 56 10 -1 39 41 -1 18 6 53 5 31 40 0 -1 35 23 12 55 -1 43 -1 -1 -1 3 25 -1
44944 -1 4 -1 9 -1 20 15 51 65 -1 67 -1 14 68 19 2 -1 63 62 11 56 10 32 39 41 -1 18 6 53 5 31 40 0 -1 35 23 12 55 -1 43 -1 -1 -1 3 25 -1
45373 -1 4 -1 9 -1 20 15 51 65 -1 67 -1 19 68 0 2 -1 63 62 11 56 10 32 39 41 -1 18 6 53 5 31 40 69 -1 35 23 12 55 -1 43 -1 -1 -1 3 25 -1
45373 -1 4 -1 9 -1 20 15 51 65 -1 67 -1 19 68 0 2 -1 63 62 11 56 10 32 39 41 -1 18 6 53 5 31 40 69 -1 35 23 12 55 -1 43 -1 -1 -1 3 25 -1
45373 -1 4 -1 9 -1 20 15 51 65 -1 67 -1 19 68 0 2 -1 63 62 11 56 10 32 39 41 -1 18 6 53 5 31 40 69 -1 35 23 12 55 -1 43 -1 -1 -1 3 25 -1
46178 -1 55 -1 9 -1 20 15 51 3 -1 56 -1 19 62 0 68 -1 63 32 11 23 72 4 39 2 -1 18 6 53 5 31 40 69 -1 10 12 65 35 -1 43 -1 -1 -1 41 25 -1
46178 -1 55 -1 9 -1 20 15 51 3 -1 56 -1 19 62 0 68 -1 63 32 11 23 72 4 39 2 -1 18 6 53 5 31 40 69 -1 10 12 65 35 -1 43 -1 -1 -1 41 25 -1
46327 -1 4 -1 9 -1 20 15 51 3 -1 56 -1 19 62 0 68 -1 63 74 11 23 72 32 39 2 -1 18 6 53 5 31 40 69 -1 10 12 65 55 -1 43 -1 -1 -1 41 25 35
46327 -1 4 -1 9 -1 20 15 51 3 -1 56 -1 19 62 0 68 -1 63 74 11 23 72 32 39 2 -1 18 6 53 5 31 40 69 -1 10 12 65 55 -1 43 -1 -1 -1 41 25 35
46327 -1 4 -1 9 -1 20 15 51 3 -1 56 -1 19 62 0 68 -1 63 74 11 23 72 32 39 2 -1 18 6 53 5 31 40 69 -1 10 12 65 55 -1 43 -1 -1 -1 41 25 35
46327 -1 4 -1 9 -1 20 15 51 3 -1 56 -1 19 62 0 68 -1 63 74 11 23 72 32 39 2 -1 18 6 53 5 31 40 69 -1 10 12 65 55 -1 43 -1 -1 -1 41 25 35
46516 -1 4 -1 31 -1 53 9 51 3 -1 56 -1 78 62 0 68 -1 19 74 63 23 72 32 20 2 -1 43 6 5 11 39 40 69 -1 10 12 65 55 -1 15 -1 -1 -1 41 25 35
46516 -1 4 -1 31 -1 53 9 51 3 -1 56 -1 78 62 0 68 -1 19 74 63 23 72 32 20 2 -1 43 6 5 11 39 40 69 -1 10 12 65 55 -1 15 -1 -1 -1 41 25 35
47922 -1 4 -1 31 -1 53 9 51 65 -1 56 -1 78 68 0 2 -1 19 74 63 23 72 32 20 41 -1 43 6 5 11 39 40 69 -1 10 80 12 55 -1 15 -1 -1 62 3 25 35
47922 -1 4 -1 31 -1 53 9 51 65 -1 56 -1 78 68 0 2 -1 19 74 63 23 72 32 20 41 -1 43 6 5 11 39 40 69 -1 10 80 12 55 -1 15 -1 -1 62 3 25 35
48201 -1 4 -1 9 39 53 82 51 65 -1 56 -1 78 68 0 2 -1 19 74 63 23 72 32 20 41 -1 43 6 5 11 31 40 69 -1 10 80 12 55 -1 15 -1 -1 62 3 25 35
48201 -1 4 -1 9 39 53 82 51 65 -1 56 -1 78 68 0 2 -1 19 74 63 23 72 32 20 41 -1 43 6 5 11 31 40 69 -1 10 80 12 55 -1 15 -1 -1 62 3 25 35
48330 -1 4 -1 9 39 53 82 51 65 -1 56 -1 78 68 0 2 -1 19 74 84 23 72 32 20 41 -1 43 6 11 63 31 40 69 -1 10 80 12 55 -1 15 -1 -1 62 3 25 35
48330 -1 4 -1 9 39 53 82 51 65 -1 56 -1 78 68 0 2 -1 19 74 84 23 72 32 20 41 -1 43 6 11 63 31 40 69 -1 10 80 12 55 -1 15 -1 -1 62 3 25 35
49100 -1 4 -1 9 39 20 82 51 65 -1 56 -1 78 68 19 2 -1 84 74 63 23 72 32 86 41 -1 43 6 53 11 31 40 0 -1 10 80 12 55 -1 15 69 -1 62 3 25 35
49100 -1 4 -1 9 39 20 82 51 65 -1 56 -1 78 68 19 2 -1 84 74 63 23 72 32 86 41 -1 43 6 53 11 31 40 0 -1 10 80 12 55 -1 15 69 -1 62 3 25 35
49100 -1 4 -1 9 39 20 82 51 65 -1 56 -1 78 68 19 2 -1 84 74 63 23 72 32 86 41 -1 43 6 53 11 31 40 0 -1 10 80 12 55 -1 15 69 -1 62 3 25 35
49653 65 4 -1 9 39 20 82 51 3 -1 56 -1 78 62 19 68 -1 84 74 63 23 72 32 86 2 -1 43 6 53 11 31 40 0 -1 10 80 12 55 -1 15 69 -1 89 41 25 35
49653 65 4 -1 9 39 20 82 51 3 -1 56 -1 78 62 19 68 -1 84 74 63 23 72 32 86 2 -1 43 6 53 11 31 40 0 -1 10 80 12 55 -1 15 69 -1 89 41 25 35
49653 65 4 -1 9 39 20 82 51 3 -1 56 -1 78 62 19 68 -1 84 74 63 23 72 32 86 2 -1 43 6 53 11 31 40 0 -1 10 80 12 55 -1 15 69 -1 89 41 25 35
49653 65 4 -1 9 39 20 82 51 3 -1 56 -1 78 62 19 68 -1 84 74 63 23 72 32 86 2 -1 43 6 53 11 31 40 0 -1 10 80 12 55 -1 15 69 -1 89 41 25 35
49653 65 4 -1 9 39 20 82 51 3 -1 56 -1 78 62 19 68 -1 84 74 63 23 72 32 86 2 -1 43 6 53 11 31 40 0 -1 10 80 12 55 -1 15 69 -1 89 41 25 35
50233 65 4 -1 9 39 20 82 51 3 -1 56 -1 78 62 0 68 -1 84 74 63 23 72 32 86 2 -1 43 19 53 11 31 40 69 -1 35 80 12 55 -1 15 10 -1 89 41 25 94
50866 65 4 -1 9 39 20 82 51 3 -1 56 -1 78 62 0 68 -1 84 74 63 23 72 32 86 2 -1 43 19 53 95 31 40 69 -1 35 80 12 55 -1 15 10 -1 89 41 25 94
50866 65 4 -1 9 39 20 82 51 3 -1 56 -1 78 62 0 68 -1 84 74 63 23 72 32 86 2 -1 43 19 53 95 31 40 69 -1 35 80 12 55 -1 15 10 -1 89 41 25 94
51746 65 4 -1 9 97 86 82 51 3 -1 56 -1 78 62 19 68 -1 63 74 95 23 72 32 39 2 -1 43 84 20 53 31 40 0 -1 10 80 12 35 -1 15 69 -1 89 41 25 94
51746 65 4 -1 9 97 86 82 51 3 -1 56 -1 78 62 19 68 -1 63 74 95 23 72 32 39 2 -1 43 84 20 53 31 40 0 -1 10 80 12 35 -1 15 69 -1 89 41 25 94
51746 65 4 -1 9 97 86 82 51 3 -1 56 -1 78 62 19 68 -1 63 74 95 23 72 32 39 2 -1 43 84 20 53 31 40 0 -1 10 80 12 35 -1 15 69 -1 89 41 25 94
51746 65 4 -1 9 97 86 82 51 3 -1 56 -1 78 62 19 68 -1 63 74 95 23 72 32 39 2 -1 43 84 20 53 31 40 0 -1 10 80 12 35 -1 15 69 -1 89 41 25 94
51746 65 4 -1 9 97 86 82 51 3 -1 56 -1 78 62 19 68 -1 63 74 95 23 72 32 39 2 -1 43 84 20 53 31 40 0 -1 10 80 12 35 -1 15 69 -1 89 41 25 94
51746 65 4 -1 9 97 86 82 51 3 -1 56 -1 78 62 19 68 -1 63 74 95 23 72 32 39 2 -1 43 84 20 53 31 40 0 -1 10 80 12 35 -1 15 69 -1 89 41 25 94
51959 65 103 -1 9 97 86 82 51 3 -1 56 -1 78 62 19 68 -1 63 32 95 23 72 4 39 2 -1 43 84 20 53 31 40 0 -1 10 80 12 35 -1 15 69 -1 89 41 25 94
52770 65 103 -1 9 97 86 82 51 3 -1 56 -1 78 62 0 68 -1 63 32 95 23 72 4 39 2 -1 43 19 20 53 31 40 104 -1 10 80 12 35 -1 15 69 -1 89 41 25 94
53534 65 103 -1 9 97 86 82 51 3 -1 56 32 78 68 0 2 -1 63 89 95 23 72 4 39 41 -1 43 19 20 53 31 40 104 -1 10 80 12 35 -1 15 69 -1 62 105 25 94
53933 65 103 -1 9 97 86 82 51 3 -1 56 32 63 68 0 2 -1 95 89 106 23 72 4 39 41 -1 43 19 20 53 31 40 104 -1 10 80 12 35 -1 15 69 -1 62 105 25 94
53933 65 103 -1 9 97 86 82 51 3 -1 56 32 63 68 0 2 -1 95 89 106 23 72 4 39 41 -1 43 19 20 53 31 40 104 -1 10 80 12 35 -1 15 69 -1 62 105 25 94
53933 65 103 -1 9 97 86 82 51 3 -1 56 32 63 68 0 2 -1 95 89 106 23 72 4 39 41 -1 43 19 20 53 31 40 104 -1 10 80 12 35 -1 15 69 -1 62 105 25 94
53933 65 103 -1 9 97 86 82 51 3 -1 56 32 63 68 0 2 -1 95 89 106 23 72 4 39 41 -1 43 19 20 53 31 40 104 -1 10 80 12 35 -1 15 69 -1 62 105 25 94
53933 65 103 -1 9 97 86 82 51 3 -1 56 32 63 68 0 2 -1 95 89 106 23 72 4 39 41 -1 43 19 20 53 31 40 104 -1 10 80 12 35 -1 15 69 -1 62 105 25 94
53933 65 103 -1 9 97 86 82 51 3 -1 56 32 63 68 0 2 -1 95 89 106 23 72 4 39 41 -1 43 19 20 53 31 40 104 -1 10 80 12 35 -1 15 69 -1 62 105 25 94
54679 65 103 -1 31 39 86 9 51 3 -1 56 32 63 68 0 2 -1 95 89 106 23 72 4 112 41 -1 43 19 20 53 97 40 104 -1 10 80 12 35 -1 15 69 -1 62 105 25 94
55075 65 103 -1 31 39 86 9 51 3 -1 56 32 63 68 0 2 -1 95 89 106 23 72 4 112 41 -1 43 19 20 113 97 40 104 -1 10 80 12 35 -1 15 69 -1 62 105 25 94
55543 65 103 -1 9 39 86 15 51 3 -1 56 32 63 68 0 2 -1 95 89 106 23 72 4 112 41 -1 43 19 20 113 97 40 104 -1 10 80 12 35 -1 114 69 -1 62 105 25 94
57219 65 103 -1 15 97 112 114 51 3 -1 56 32 63 68 0 2 -1 95 89 106 23 72 4 39 41 -1 40 19 86 113 9 115 104 -1 10 80 12 35 -1 43 69 20 62 105 25 94
57219 65 103 -1 15 97 112 114 51 3 -1 56 32 63 68 0 2 -1 95 89 106 23 72 4 39 41 -1 40 19 86 113 9 115 104 -1 10 80 12 35 -1 43 69 20 62 105 25 94
57219 65 103 -1 15 97 112 114 51 3 -1 56 32 63 68 0 2 -1 95 89 106 23 72 4 39 41 -1 40 19 86 113 9 115 104 -1 10 80 12 35 -1 43 69 20 62 105 25 94
