31048 -1 -1 -1 -1 -1 -1 -1 -1 -1 -1 -1 -1 -1 -1 -1 -1 -1 -1 -1 -1 -1 -1 -1 -1 -1 -1 -1 -1 -1 -1 -1 -1 -1 -1 -1 -1 -1 -1 -1 -1 -1 -1 -1 -1 -1 -1 -1 -1 -1 -1 -1 -1 -1 -1 -1 -1 -1
32625 -1 -1 -1 -1 -1 -1 -1 -1 -1 -1 -1 -1 -1 -1 -1 -1 -1 -1 -1 -1 -1 -1 -1 -1 -1 -1 -1 -1 -1 -1 -1 -1 -1 -1 -1 -1 0 -1 -1 -1 -1 -1 -1 -1 -1 -1 -1 -1 -1 -1 -1 -1 -1 -1 -1 -1 -1
34249 -1 -1 -1 -1 -1 -1 -1 -1 -1 -1 -1 -1 -1 -1 -1 -1 -1 -1 -1 -1 -1 -1 -1 -1 -1 -1 -1 -1 -1 -1 -1 -1 -1 -1 1 -1 0 -1 -1 -1 -1 -1 -1 -1 -1 -1 -1 -1 -1 -1 -1 -1 -1 -1 -1 -1 -1
35848 -1 -1 -1 -1 -1 -1 -1 -1 -1 -1 -1 -1 -1 -1 -1 -1 -1 -1 -1 -1 -1 -1 -1 -1 -1 2 -1 -1 -1 -1 -1 -1 -1 -1 1 -1 0 -1 -1 -1 -1 -1 -1 -1 -1 -1 -1 -1 -1 -1 -1 -1 -1 -1 -1 -1 -1
37121 -1 -1 -1 -1 -1 -1 -1 -1 -1 -1 -1 -1 -1 -1 -1 1 -1 -1 -1 -1 -1 -1 -1 -1 -1 2 -1 -1 -1 -1 -1 -1 -1 -1 3 -1 0 -1 -1 -1 -1 -1 -1 -1 -1 -1 -1 -1 -1 -1 -1 -1 -1 -1 -1 -1 -1
38036 -1 -1 -1 -1 -1 -1 -1 -1 -1 -1 -1 -1 -1 -1 -1 1 -1 4 -1 -1 -1 -1 -1 -1 -1 2 -1 -1 -1 -1 -1 -1 -1 -1 3 -1 0 -1 -1 -1 -1 -1 -1 -1 -1 -1 -1 -1 -1 -1 -1 -1 -1 -1 -1 -1 -1
39302 -1 -1 -1 -1 -1 -1 -1 -1 -1 -1 -1 -1 -1 -1 -1 1 -1 4 -1 -1 -1 -1 -1 -1 -1 2 -1 -1 -1 -1 -1 -1 5 -1 3 -1 0 -1 -1 -1 -1 -1 -1 -1 -1 -1 -1 -1 -1 -1 -1 -1 -1 -1 -1 -1 -1
39885 -1 -1 -1 -1 -1 -1 -1 -1 -1 -1 -1 -1 -1 -1 -1 6 -1 5 -1 -1 -1 -1 -1 -1 -1 3 -1 0 -1 -1 -1 -1 1 -1 4 -1 2 -1 -1 -1 -1 -1 -1 -1 -1 -1 -1 -1 -1 -1 -1 -1 -1 -1 -1 -1 -1
40388 -1 -1 -1 -1 -1 -1 -1 -1 -1 6 -1 -1 -1 -1 -1 7 -1 5 -1 -1 -1 -1 -1 -1 -1 3 -1 0 -1 -1 -1 -1 1 -1 4 -1 2 -1 -1 -1 -1 -1 -1 -1 -1 -1 -1 -1 -1 -1 -1 -1 -1 -1 -1 -1 -1
42388 -1 -1 -1 -1 -1 -1 -1 -1 -1 6 -1 -1 -1 -1 -1 7 -1 5 -1 -1 -1 -1 -1 -1 -1 3 -1 0 -1 -1 -1 -1 1 -1 4 -1 2 -1 -1 -1 -1 -1 -1 -1 -1 -1 -1 -1 -1 -1 -1 8 -1 -1 -1 -1 -1
43101 -1 -1 -1 -1 -1 -1 -1 -1 -1 6 -1 -1 -1 -1 -1 7 -1 5 -1 -1 -1 -1 -1 -1 -1 3 -1 0 -1 -1 -1 -1 9 -1 4 -1 2 1 -1 -1 -1 -1 -1 -1 -1 -1 -1 -1 -1 -1 -1 8 -1 -1 -1 -1 -1
43802 -1 -1 -1 -1 -1 -1 -1 -1 -1 6 -1 -1 -1 -1 10 7 -1 5 -1 -1 -1 -1 -1 -1 -1 3 -1 0 -1 -1 -1 -1 9 -1 4 -1 2 1 -1 -1 -1 -1 -1 -1 -1 -1 -1 -1 -1 -1 -1 8 -1 -1 -1 -1 -1
44450 -1 -1 -1 -1 -1 -1 -1 -1 -1 6 -1 -1 -1 -1 10 11 -1 1 -1 -1 2 -1 -1 -1 -1 4 -1 0 -1 -1 -1 -1 7 -1 5 -1 3 9 -1 -1 -1 -1 -1 -1 -1 -1 -1 -1 -1 -1 -1 8 -1 -1 -1 -1 -1
45180 -1 -1 -1 -1 -1 -1 -1 -1 -1 6 -1 -1 -1 -1 12 11 -1 1 -1 -1 2 -1 -1 -1 -1 4 -1 0 -1 -1 -1 -1 7 -1 5 -1 3 9 -1 -1 -1 -1 -1 -1 -1 -1 -1 -1 -1 -1 -1 8 -1 -1 10 -1 -1
45797 -1 -1 -1 -1 -1 -1 -1 -1 -1 6 -1 -1 -1 -1 12 11 -1 1 -1 -1 2 -1 -1 -1 -1 13 -1 0 -1 -1 -1 -1 7 -1 5 -1 4 9 -1 -1 -1 -1 -1 -1 -1 -1 -1 3 -1 -1 -1 8 -1 -1 10 -1 -1
45835 -1 -1 -1 -1 -1 -1 -1 -1 -1 6 -1 -1 -1 -1 12 11 -1 1 -1 -1 2 -1 -1 -1 -1 13 -1 0 -1 -1 -1 -1 7 -1 5 -1 4 9 -1 -1 -1 -1 14 -1 -1 -1 -1 3 -1 -1 -1 8 -1 -1 10 -1 -1
46044 -1 -1 -1 -1 -1 -1 -1 -1 -1 6 -1 -1 -1 -1 12 11 -1 1 -1 -1 2 -1 -1 -1 -1 13 -1 0 10 -1 -1 -1 7 -1 5 -1 4 9 -1 -1 -1 -1 14 -1 -1 -1 -1 3 -1 -1 -1 8 -1 -1 15 -1 -1
46423 -1 -1 -1 -1 -1 -1 -1 -1 -1 12 -1 -1 -1 -1 16 6 -1 9 -1 -1 2 5 -1 -1 -1 13 -1 0 10 -1 -1 -1 11 -1 1 -1 4 7 -1 -1 -1 -1 14 -1 -1 -1 -1 3 -1 -1 -1 8 -1 -1 15 -1 -1
46423 -1 -1 -1 -1 -1 -1 -1 -1 -1 12 -1 -1 -1 -1 16 6 -1 9 -1 -1 2 5 -1 -1 -1 13 -1 0 10 -1 -1 -1 11 -1 1 -1 4 7 -1 -1 -1 -1 14 -1 -1 -1 -1 3 -1 -1 -1 8 -1 -1 15 -1 -1
47630 6 -1 -1 -1 -1 -1 -1 -1 -1 12 -1 -1 -1 -1 16 11 -1 1 -1 -1 2 13 -1 -1 -1 4 -1 0 10 -1 -1 -1 7 -1 5 -1 18 9 -1 -1 -1 -1 14 -1 -1 -1 -1 3 -1 -1 -1 8 -1 -1 15 -1 -1
48026 6 -1 -1 -1 -1 -1 -1 -1 -1 19 -1 -1 -1 -1 12 11 -1 1 -1 -1 2 13 -1 -1 -1 4 -1 0 15 -1 -1 -1 7 -1 5 -1 18 9 -1 -1 -1 -1 10 -1 -1 -1 -1 3 -1 -1 -1 8 -1 -1 16 -1 -1
49390 6 -1 -1 -1 -1 -1 -1 -1 -1 19 -1 -1 -1 -1 12 11 13 1 -1 -1 2 4 -1 -1 -1 18 -1 0 15 -1 -1 -1 7 -1 5 -1 3 9 -1 -1 -1 -1 10 -1 -1 -1 -1 20 -1 -1 -1 8 -1 -1 16 -1 -1
49680 6 -1 -1 -1 -1 -1 10 -1 -1 19 -1 -1 -1 -1 12 11 13 1 -1 -1 2 4 -1 -1 -1 18 -1 0 16 -1 -1 -1 7 -1 5 -1 3 9 -1 -1 -1 -1 15 -1 -1 -1 -1 20 -1 -1 -1 8 -1 -1 21 -1 -1
49899 6 -1 -1 -1 -1 -1 10 -1 -1 19 -1 -1 -1 -1 12 11 4 5 -1 -1 2 18 -1 -1 -1 3 -1 0 16 -1 -1 -1 7 9 13 -1 22 1 -1 -1 -1 -1 15 -1 -1 -1 -1 20 -1 -1 -1 8 -1 -1 21 -1 -1
50740 6 -1 -1 -1 -1 -1 10 -1 16 19 -1 -1 -1 -1 23 11 4 5 -1 -1 2 18 -1 -1 -1 3 -1 0 21 -1 -1 -1 7 9 13 -1 22 1 -1 -1 -1 -1 15 -1 -1 -1 -1 20 -1 -1 -1 8 -1 -1 12 -1 -1
51553 19 -1 -1 -1 -1 -1 24 -1 15 23 -1 -1 -1 -1 12 6 4 5 7 -1 2 18 -1 -1 -1 3 -1 0 16 -1 -1 -1 11 9 13 -1 22 1 -1 -1 -1 -1 10 -1 -1 -1 -1 20 -1 -1 -1 8 -1 -1 21 -1 -1
51808 19 -1 -1 -1 -1 -1 24 -1 15 23 -1 -1 -1 -1 12 6 4 5 7 25 2 18 -1 -1 -1 3 -1 0 16 -1 -1 -1 11 9 13 -1 22 1 -1 -1 -1 -1 10 -1 -1 -1 -1 20 -1 -1 -1 8 -1 -1 21 -1 -1
53241 19 -1 6 -1 -1 -1 24 -1 15 23 -1 -1 -1 -1 12 11 26 13 9 25 2 18 -1 -1 -1 3 -1 0 16 -1 -1 -1 7 1 4 -1 22 5 -1 -1 -1 -1 10 -1 -1 -1 -1 20 -1 -1 -1 8 -1 -1 21 -1 -1
53241 19 -1 6 -1 -1 -1 24 -1 15 23 -1 -1 -1 -1 12 11 26 13 9 25 2 18 -1 -1 -1 3 -1 0 16 -1 -1 -1 7 1 4 -1 22 5 -1 -1 -1 -1 10 -1 -1 -1 -1 20 -1 -1 -1 8 -1 -1 21 -1 -1
53241 19 -1 6 -1 -1 -1 24 -1 15 23 -1 -1 -1 -1 12 11 26 13 9 25 2 18 -1 -1 -1 3 -1 0 16 -1 -1 -1 7 1 4 -1 22 5 -1 -1 -1 -1 10 -1 -1 -1 -1 20 -1 -1 -1 8 -1 -1 21 -1 -1
54767 6 -1 11 -1 -1 -1 24 -1 16 19 -1 -1 -1 -1 25 7 18 4 1 23 0 3 -1 -1 -1 20 -1 29 21 -1 -1 -1 9 5 26 -1 22 13 -1 -1 -1 -1 10 -1 -1 -1 -1 2 -1 -1 -1 8 -1 -1 12 -1 -1
54767 6 -1 11 -1 -1 -1 24 -1 16 19 -1 -1 -1 -1 25 7 18 4 1 23 0 3 -1 -1 -1 20 -1 29 21 -1 -1 -1 9 5 26 -1 22 13 -1 -1 -1 -1 10 -1 -1 -1 -1 2 -1 -1 -1 8 -1 -1 12 -1 -1
54767 6 -1 11 -1 -1 -1 24 -1 16 19 -1 -1 -1 -1 25 7 18 4 1 23 0 3 -1 -1 -1 20 -1 29 21 -1 -1 -1 9 5 26 -1 22 13 -1 -1 -1 -1 10 -1 -1 -1 -1 2 -1 -1 -1 8 -1 -1 12 -1 -1
55223 6 -1 32 -1 -1 -1 24 -1 16 19 -1 -1 -1 -1 25 11 18 4 9 23 0 3 -1 -1 -1 20 -1 29 21 -1 -1 1 7 5 26 -1 22 13 -1 -1 -1 -1 10 -1 -1 -1 -1 2 -1 -1 -1 8 -1 -1 12 -1 -1
55675 6 -1 32 -1 -1 -1 24 -1 16 19 -1 -1 -1 -1 25 7 18 4 1 23 0 3 -1 -1 -1 20 -1 29 21 -1 -1 5 9 33 26 -1 22 13 -1 -1 -1 -1 10 -1 -1 -1 -1 2 -1 11 -1 8 -1 -1 12 -1 -1
56340 19 -1 6 -1 -1 -1 24 -1 16 23 -1 -1 -1 -1 12 11 26 13 9 25 0 18 -1 -1 -1 3 -1 29 34 -1 -1 1 7 5 4 -1 20 33 -1 -1 -1 -1 10 -1 -1 -1 -1 2 -1 32 -1 8 -1 -1 21 -1 -1
57427 6 -1 32 -1 -1 -1 24 -1 16 19 -1 -1 -1 -1 12 7 18 4 1 25 0 3 -1 -1 -1 20 -1 29 34 -1 -1 5 9 33 26 -1 35 13 23 -1 -1 -1 10 -1 -1 -1 -1 2 -1 11 -1 8 -1 -1 21 -1 -1
58904 32 -1 11 -1 -1 -1 24 -1 16 19 -1 -1 -1 -1 12 9 3 26 5 25 29 20 -1 -1 -1 35 -1 36 34 -1 -1 33 1 13 18 -1 2 4 23 -1 -1 -1 10 -1 -1 -1 -1 0 -1 7 -1 8 -1 -1 21 -1 -1
58914 32 37 11 -1 -1 -1 24 -1 16 19 -1 -1 -1 -1 12 9 3 26 5 25 29 20 -1 -1 -1 35 -1 36 34 -1 -1 33 1 13 18 -1 2 4 23 -1 -1 -1 10 -1 -1 -1 -1 0 -1 7 -1 8 -1 -1 21 -1 -1
58914 32 37 11 -1 -1 -1 24 -1 16 19 -1 -1 -1 -1 12 9 3 26 5 25 29 20 -1 -1 -1 35 -1 36 34 -1 -1 33 1 13 18 -1 2 4 23 -1 -1 -1 10 -1 -1 -1 -1 0 -1 7 -1 8 -1 -1 21 -1 -1
59568 11 37 7 -1 -1 -1 10 -1 34 32 -1 -1 -1 -1 25 1 39 18 33 23 29 20 -1 -1 -1 35 -1 36 21 -1 -1 13 5 4 3 -1 2 26 19 24 -1 -1 16 -1 -1 -1 -1 0 -1 9 -1 8 -1 -1 12 -1 -1
61352 11 37 9 -1 -1 -1 10 -1 34 32 -1 -1 -1 -1 25 5 20 3 13 23 36 35 -1 -1 -1 2 -1 8 21 -1 -1 4 33 26 39 -1 0 18 19 24 -1 -1 16 -1 -1 -1 -1 29 -1 1 -1 40 -1 -1 12 -1 -1
62120 11 37 9 -1 -1 -1 10 -1 34 32 -1 -1 -1 -1 25 5 35 39 13 23 36 2 -1 26 -1 0 -1 8 21 -1 -1 4 33 18 20 -1 41 3 19 24 -1 -1 16 -1 -1 -1 -1 29 -1 1 -1 40 -1 -1 12 -1 -1
62890 9 37 1 -1 -1 -1 10 -1 34 11 -1 -1 -1 -1 25 33 2 20 4 19 36 0 23 18 -1 41 -1 8 21 -1 -1 26 13 3 35 -1 29 39 32 24 -1 -1 16 -1 -1 -1 -1 42 -1 5 -1 40 -1 -1 12 -1 -1
63129 9 37 1 -1 -1 -1 10 12 34 43 -1 -1 -1 -1 23 33 2 20 4 32 36 0 19 18 -1 41 -1 8 21 -1 -1 26 13 3 35 -1 29 39 11 24 -1 -1 16 -1 -1 -1 -1 42 -1 5 -1 40 -1 -1 25 -1 -1
64766 9 37 1 -1 -1 -1 10 12 34 43 -1 -1 -1 -1 23 33 0 35 4 32 36 41 19 18 -1 29 -1 8 21 -1 -1 26 13 3 2 -1 44 20 11 24 -1 -1 16 -1 -1 -1 -1 42 -1 5 39 40 -1 -1 25 -1 -1
64766 9 37 1 -1 -1 -1 10 12 34 43 -1 -1 -1 -1 23 33 0 35 4 32 36 41 19 18 -1 29 -1 8 21 -1 -1 26 13 3 2 -1 44 20 11 24 -1 -1 16 -1 -1 -1 -1 42 -1 5 39 40 -1 -1 25 -1 -1
65260 9 37 1 -1 -1 -1 10 12 34 43 -1 -1 -1 -1 23 33 0 35 4 32 36 41 19 18 -1 29 -1 8 46 -1 -1 26 13 3 2 -1 44 20 11 24 -1 -1 16 -1 -1 -1 -1 42 -1 5 39 40 -1 -1 25 -1 -1
65684 9 37 1 -1 -1 -1 10 12 34 43 -1 -1 -1 -1 23 33 0 35 4 32 36 41 47 18 -1 29 -1 8 46 -1 -1 26 13 3 2 -1 44 20 11 24 -1 -1 16 -1 -1 -1 -1 42 -1 5 39 40 -1 -1 25 -1 -1
66270 1 37 5 -1 -1 -1 10 25 46 9 -1 -1 -1 -1 47 13 48 2 26 11 36 41 32 3 -1 29 -1 8 12 -1 -1 18 4 39 0 -1 44 35 43 24 -1 -1 34 -1 -1 -1 -1 42 -1 33 20 40 -1 -1 23 -1 -1
66898 49 37 5 -1 -1 -1 10 25 46 1 -1 47 -1 -1 32 13 48 2 26 43 36 41 11 3 -1 29 -1 8 12 -1 -1 18 4 39 0 -1 44 35 9 24 -1 -1 34 -1 -1 -1 -1 42 -1 33 20 40 -1 -1 23 -1 -1
66993 1 37 49 -1 -1 -1 10 25 46 9 -1 47 -1 -1 32 33 48 2 4 11 36 41 50 18 -1 29 39 8 12 -1 -1 26 13 3 0 -1 44 35 43 24 -1 -1 34 -1 -1 -1 -1 42 -1 5 20 40 -1 -1 23 -1 -1
67822 1 37 49 -1 -1 -1 10 25 46 9 -1 47 -1 -1 32 33 48 0 26 11 36 41 50 3 -1 29 20 8 12 -1 -1 18 4 39 51 -1 44 2 43 24 -1 -1 34 -1 -1 -1 -1 42 -1 5 35 40 -1 -1 23 -1 -1
68168 49 37 5 -1 -1 -1 10 23 12 1 -1 32 -1 -1 11 4 48 0 26 43 36 41 50 3 -1 29 20 8 25 -1 -1 18 52 39 51 -1 44 2 9 24 -1 -1 46 -1 -1 34 -1 42 -1 33 35 40 -1 -1 47 -1 -1
68690 49 37 5 -1 -1 -1 10 23 12 1 -1 32 -1 -1 11 4 48 0 53 43 36 41 50 18 -1 29 39 8 25 -1 -1 26 52 3 51 -1 44 2 9 24 20 -1 46 -1 -1 34 -1 42 -1 33 35 40 -1 -1 47 -1 -1
68916 49 37 5 -1 -1 -1 10 47 12 1 -1 11 -1 -1 43 4 48 0 53 54 36 41 50 18 -1 29 39 8 23 -1 -1 26 52 3 51 -1 44 2 9 24 20 -1 46 -1 -1 34 -1 42 -1 33 35 40 -1 -1 32 -1 -1
69717 5 37 33 -1 -1 -1 10 47 12 49 -1 43 -1 -1 54 52 55 51 26 9 36 41 50 3 -1 29 20 8 23 -1 -1 18 53 39 48 -1 44 0 1 24 35 -1 46 -1 32 34 -1 42 -1 4 2 40 -1 -1 11 -1 -1
69717 5 37 33 -1 -1 -1 10 47 12 49 -1 43 -1 -1 54 52 55 51 26 9 36 41 50 3 -1 29 20 8 23 -1 -1 18 53 39 48 -1 44 0 1 24 35 -1 46 -1 32 34 -1 42 -1 4 2 40 -1 -1 11 -1 -1
69717 5 37 33 -1 -1 -1 10 47 12 49 -1 43 -1 -1 54 52 55 51 26 9 36 41 50 3 -1 29 20 8 23 -1 -1 18 53 39 48 -1 44 0 1 24 35 -1 46 -1 32 34 -1 42 -1 4 2 40 -1 -1 11 -1 -1
70289 5 58 33 -1 -1 -1 10 47 12 49 -1 43 -1 -1 54 52 55 51 26 9 36 41 50 3 -1 29 20 8 23 -1 -1 18 53 39 48 -1 44 0 1 24 35 -1 46 -1 32 34 -1 42 -1 4 2 40 -1 -1 11 -1 -1
70289 5 58 33 -1 -1 -1 10 47 12 49 -1 43 -1 -1 54 52 55 51 26 9 36 41 50 3 -1 29 20 8 23 -1 -1 18 53 39 48 -1 44 0 1 24 35 -1 46 -1 32 34 -1 42 -1 4 2 40 -1 -1 11 -1 -1
70289 5 58 33 -1 -1 -1 10 47 12 49 -1 43 -1 -1 54 52 55 51 26 9 36 41 50 3 -1 29 20 8 23 -1 -1 18 53 39 48 -1 44 0 1 24 35 -1 46 -1 32 34 -1 42 -1 4 2 40 -1 -1 11 -1 -1
70669 5 58 33 -1 -1 -1 10 47 12 49 -1 43 -1 -1 54 61 55 51 26 9 36 41 50 3 -1 29 20 8 23 -1 -1 18 53 39 48 -1 44 0 1 24 35 -1 46 -1 32 34 -1 42 -1 52 2 40 -1 -1 11 -1 -1
70669 5 58 33 -1 -1 -1 10 47 12 49 -1 43 -1 -1 54 61 55 51 26 9 36 41 50 3 -1 29 20 8 23 -1 -1 18 53 39 48 -1 44 0 1 24 35 -1 46 -1 32 34 -1 42 -1 52 2 40 -1 -1 11 -1 -1
70669 5 58 33 -1 -1 -1 10 47 12 49 -1 43 -1 -1 54 61 55 51 26 9 36 41 50 3 -1 29 20 8 23 -1 -1 18 53 39 48 -1 44 0 1 24 35 -1 46 -1 32 34 -1 42 -1 52 2 40 -1 -1 11 -1 -1
71093 5 58 64 -1 -1 -1 10 47 12 49 -1 43 -1 -1 54 52 55 51 53 9 36 41 50 3 -1 29 20 8 23 -1 -1 26 61 39 48 -1 44 0 1 24 35 -1 46 -1 32 34 18 42 -1 33 2 40 -1 -1 11 -1 -1
71485 64 58 33 -1 -1 -1 10 47 12 5 -1 43 -1 -1 54 61 55 51 26 1 36 41 9 65 -1 29 20 8 23 -1 -1 18 53 39 48 -1 44 0 49 24 35 -1 46 -1 32 34 3 42 -1 52 2 40 -1 -1 11 -1 -1
72113 33 10 52 -1 -1 -1 34 32 23 64 -1 54 -1 -1 9 61 55 51 26 49 36 41 1 65 -1 29 20 8 47 -1 -1 18 53 39 48 -1 44 0 5 24 35 -1 12 -1 11 46 3 42 -1 66 2 40 -1 -1 43 -1 58
72217 33 58 52 -1 -1 -1 10 47 12 64 -1 54 -1 -1 9 61 55 51 26 49 36 41 1 65 -1 29 20 8 23 -1 -1 18 53 39 48 -1 44 0 5 67 35 -1 46 -1 32 34 3 42 -1 66 2 40 -1 -1 43 -1 24
72786 52 58 66 -1 -1 -1 10 47 12 64 33 54 -1 -1 9 53 41 48 18 49 36 29 1 39 -1 68 35 8 23 -1 -1 3 26 20 55 -1 44 51 5 67 2 -1 46 -1 32 34 65 42 -1 61 0 40 -1 -1 43 -1 24
73486 52 58 66 -1 -1 -1 10 47 12 33 69 54 -1 -1 1 53 41 48 18 5 36 29 49 39 -1 68 35 8 23 -1 -1 3 26 20 55 -1 44 51 64 67 2 -1 46 -1 32 34 65 42 -1 61 0 40 -1 -1 43 -1 24
74186 66 58 61 -1 -1 -1 10 47 12 69 52 1 -1 -1 49 26 41 48 3 64 36 29 5 20 -1 68 2 8 23 32 -1 65 18 35 55 -1 44 51 33 67 0 -1 46 -1 43 34 39 42 -1 53 70 40 -1 -1 54 -1 24
74287 66 58 61 -1 -1 -1 10 47 12 71 52 1 -1 -1 49 26 41 48 3 33 36 29 5 20 -1 68 2 8 23 32 -1 65 18 35 55 -1 44 51 69 67 0 -1 46 64 43 34 39 42 -1 53 70 40 -1 -1 54 -1 24
74544 61 58 53 -1 -1 -1 10 47 12 52 66 49 -1 -1 5 18 41 48 65 69 36 29 64 72 -1 68 2 8 23 32 54 39 3 35 55 -1 44 51 71 67 0 -1 46 33 43 34 20 42 -1 26 70 40 -1 -1 1 -1 24
74544 61 58 53 -1 -1 -1 10 47 12 52 66 49 -1 -1 5 18 41 48 65 69 36 29 64 72 -1 68 2 8 23 32 54 39 3 35 55 -1 44 51 71 67 0 -1 46 33 43 34 20 42 -1 26 70 40 -1 -1 1 -1 24
74544 61 58 53 -1 -1 -1 10 47 12 52 66 49 -1 -1 5 18 41 48 65 69 36 29 64 72 -1 68 2 8 23 32 54 39 3 35 55 -1 44 51 71 67 0 -1 46 33 43 34 20 42 -1 26 70 40 -1 -1 1 -1 24
74544 61 58 53 -1 -1 -1 10 47 12 52 66 49 -1 -1 5 18 41 48 65 69 36 29 64 72 -1 68 2 8 23 32 54 39 3 35 55 -1 44 51 71 67 0 -1 46 33 43 34 20 42 -1 26 70 40 -1 -1 1 -1 24
74544 61 58 53 -1 -1 -1 10 47 12 52 66 49 -1 -1 5 18 41 48 65 69 36 29 64 72 -1 68 2 8 23 32 54 39 3 35 55 -1 44 51 71 67 0 -1 46 33 43 34 20 42 -1 26 70 40 -1 -1 1 -1 24
74691 61 58 53 -1 -1 -1 77 23 46 52 66 49 -1 -1 5 18 41 48 65 69 36 29 64 72 -1 68 2 8 12 47 43 39 3 35 55 -1 44 51 71 67 0 -1 34 33 32 10 20 42 -1 26 70 40 -1 -1 54 1 24
75271 53 77 26 -1 -1 -1 10 47 12 66 61 5 -1 -1 64 3 41 78 39 71 36 29 33 35 -1 68 0 8 23 32 54 20 65 2 55 -1 44 48 52 24 70 -1 46 69 43 34 72 42 -1 18 51 40 -1 -1 1 49 58
75365 53 77 26 -1 -1 -1 10 47 12 66 61 79 -1 -1 5 3 41 78 39 71 36 29 64 35 -1 68 0 8 23 32 54 20 65 2 55 -1 44 48 52 24 70 -1 46 69 43 34 72 42 -1 18 51 40 -1 -1 1 49 58
75402 53 77 26 -1 -1 -1 10 80 12 66 61 79 -1 -1 5 3 41 78 39 71 36 29 64 35 -1 68 0 8 23 47 54 20 65 2 55 -1 44 48 52 24 70 -1 46 69 32 34 72 42 -1 18 51 40 -1 -1 1 49 58
75402 53 77 26 -1 -1 -1 10 80 12 66 61 79 -1 -1 5 3 41 78 39 71 36 29 64 35 -1 68 0 8 23 47 54 20 65 2 55 -1 44 48 52 24 70 -1 46 69 32 34 72 42 -1 18 51 40 -1 -1 1 49 58
75402 53 77 26 -1 -1 -1 10 80 12 66 61 79 -1 -1 5 3 41 78 39 71 36 29 64 35 -1 68 0 8 23 47 54 20 65 2 55 -1 44 48 52 24 70 -1 46 69 32 34 72 42 -1 18 51 40 -1 -1 1 49 58
76177 53 77 26 -1 -1 -1 10 80 12 66 61 79 -1 -1 5 3 29 55 39 71 36 68 64 35 -1 83 70 8 23 47 54 20 65 2 41 -1 44 78 52 24 51 -1 46 69 32 34 72 42 -1 18 48 40 -1 -1 1 49 58
76177 53 77 26 -1 -1 -1 10 80 12 66 61 79 -1 -1 5 3 29 55 39 71 36 68 64 35 -1 83 70 8 23 47 54 20 65 2 41 -1 44 78 52 24 51 -1 46 69 32 34 72 42 -1 18 48 40 -1 -1 1 49 58
76573 53 77 26 -1 -1 -1 10 47 12 66 61 79 -1 -1 5 3 29 55 39 71 36 68 64 35 -1 83 70 8 23 32 54 20 65 2 41 -1 44 78 52 24 51 -1 46 69 85 34 72 42 -1 18 48 40 -1 -1 1 49 58
76903 53 77 26 -1 -1 -1 10 47 12 66 61 79 -1 -1 5 86 29 55 39 71 36 68 64 35 -1 83 70 8 23 32 54 20 65 2 41 -1 44 78 52 24 51 -1 46 69 85 34 72 42 -1 18 48 40 -1 -1 1 49 58
76903 53 77 26 -1 -1 -1 10 47 12 66 61 79 -1 -1 5 86 29 55 39 71 36 68 64 35 -1 83 70 8 23 32 54 20 65 2 41 -1 44 78 52 24 51 -1 46 69 85 34 72 42 -1 18 48 40 -1 -1 1 49 58
76903 53 77 26 -1 -1 -1 10 47 12 66 61 79 -1 -1 5 86 29 55 39 71 36 68 64 35 -1 83 70 8 23 32 54 20 65 2 41 -1 44 78 52 24 51 -1 46 69 85 34 72 42 -1 18 48 40 -1 -1 1 49 58
77026 53 77 26 -1 -1 -1 10 23 46 66 61 49 -1 -1 79 86 29 55 39 69 36 68 5 35 -1 83 70 8 12 47 85 20 65 2 41 -1 44 78 52 24 51 -1 89 64 32 34 72 42 -1 18 48 40 -1 -1 54 1 58
77026 53 77 26 -1 -1 -1 10 23 46 66 61 49 -1 -1 79 86 29 55 39 69 36 68 5 35 -1 83 70 8 12 47 85 20 65 2 41 -1 44 78 52 24 51 -1 89 64 32 34 72 42 -1 18 48 40 -1 -1 54 1 58
77026 53 77 26 -1 -1 -1 10 23 46 66 61 49 -1 -1 79 86 29 55 39 69 36 68 5 35 -1 83 70 8 12 47 85 20 65 2 41 -1 44 78 52 24 51 -1 89 64 32 34 72 42 -1 18 48 40 -1 -1 54 1 58
77393 53 77 26 64 -1 -1 10 23 46 66 61 1 -1 -1 49 86 29 55 39 69 36 68 79 35 -1 83 70 8 12 47 92 20 65 2 41 -1 44 78 52 24 51 -1 89 5 32 34 72 42 -1 18 48 40 -1 -1 85 54 58
77449 26 77 18 69 -1 -1 10 47 46 61 53 49 -1 -1 79 65 29 55 20 52 36 68 5 2 -1 83 93 8 23 32 85 72 39 70 41 -1 44 78 66 24 51 -1 89 64 92 34 35 42 -1 86 48 40 -1 -1 54 1 58
77449 26 77 18 69 -1 -1 10 47 46 61 53 49 -1 -1 79 65 29 55 20 52 36 68 5 2 -1 83 93 8 23 32 85 72 39 70 41 -1 44 78 66 24 51 -1 89 64 92 34 35 42 -1 86 48 40 -1 -1 54 1 58
77449 26 77 18 69 -1 -1 10 47 46 61 53 49 -1 -1 79 65 29 55 20 52 36 68 5 2 -1 83 93 8 23 32 85 72 39 70 41 -1 44 78 66 24 51 -1 89 64 92 34 35 42 -1 86 48 40 -1 -1 54 1 58
77805 26 77 18 69 -1 -1 10 47 46 61 53 49 -1 -1 79 65 29 55 20 52 36 68 5 2 -1 83 93 8 23 32 85 72 39 70 41 -1 44 78 66 24 51 -1 89 64 92 96 35 42 -1 86 48 40 -1 34 54 1 58
77805 26 77 18 69 -1 -1 10 47 46 61 53 49 -1 -1 79 65 29 55 20 52 36 68 5 2 -1 83 93 8 23 32 85 72 39 70 41 -1 44 78 66 24 51 -1 89 64 92 96 35 42 -1 86 48 40 -1 34 54 1 58
77891 26 77 18 69 -1 -1 10 23 89 61 53 49 -1 -1 79 65 29 55 20 52 36 68 5 2 -1 83 93 8 46 47 85 72 39 70 41 -1 44 78 66 24 51 -1 96 64 92 34 35 42 -1 86 48 40 -1 98 54 1 58
78365 18 77 86 52 -1 92 10 23 89 53 26 79 -1 -1 5 39 29 55 72 66 36 68 64 99 -1 83 93 8 46 47 54 35 20 70 41 -1 44 78 61 24 51 -1 96 69 85 34 2 42 -1 65 48 40 -1 98 1 49 58
78365 18 77 86 52 -1 92 10 23 89 53 26 79 -1 -1 5 39 29 55 72 66 36 68 64 99 -1 83 93 8 46 47 54 35 20 70 41 -1 44 78 61 24 51 -1 96 69 85 34 2 42 -1 65 48 40 -1 98 1 49 58
78365 18 77 86 52 -1 92 10 23 89 53 26 79 -1 -1 5 39 29 55 72 66 36 68 64 99 -1 83 93 8 46 47 54 35 20 70 41 -1 44 78 61 24 51 -1 96 69 85 34 2 42 -1 65 48 40 -1 98 1 49 58
78365 18 77 86 52 -1 92 10 23 89 53 26 79 -1 -1 5 39 29 55 72 66 36 68 64 99 -1 83 93 8 46 47 54 35 20 70 41 -1 44 78 61 24 51 -1 96 69 85 34 2 42 -1 65 48 40 -1 98 1 49 58
78365 18 77 86 52 -1 92 10 23 89 53 26 79 -1 -1 5 39 29 55 72 66 36 68 64 99 -1 83 93 8 46 47 54 35 20 70 41 -1 44 78 61 24 51 -1 96 69 85 34 2 42 -1 65 48 40 -1 98 1 49 58
78687 86 77 65 66 -1 92 10 23 89 26 18 5 -1 -1 64 20 68 41 35 61 8 83 69 70 -1 44 51 104 46 47 54 2 72 93 29 -1 42 55 53 24 48 -1 96 52 85 34 99 36 -1 39 78 40 -1 98 1 49 58
79162 18 77 86 52 -1 105 10 23 89 53 26 49 -1 -1 5 39 68 41 72 66 8 83 64 70 -1 44 51 104 46 47 85 35 20 93 29 -1 42 55 61 24 48 -1 96 69 92 34 99 36 -1 65 78 40 -1 98 54 1 58
79451 18 77 86 66 -1 105 10 23 89 53 26 5 -1 -1 64 39 68 41 72 61 8 83 69 70 -1 44 51 104 46 47 85 35 20 93 29 -1 42 55 106 24 48 -1 96 52 92 34 99 36 -1 65 78 40 -1 98 1 49 58
79662 18 58 86 52 61 47 77 46 96 53 26 49 -1 -1 5 39 68 41 72 66 8 83 64 70 -1 44 51 104 89 23 92 35 20 93 29 -1 42 55 106 107 48 -1 34 69 105 98 99 36 -1 65 78 40 -1 10 85 1 24
79864 18 58 86 52 61 108 10 23 89 53 26 49 -1 -1 5 39 68 41 72 66 8 83 64 70 -1 44 51 104 46 47 92 35 20 93 29 -1 42 55 106 107 48 -1 96 69 105 34 99 36 -1 65 78 40 -1 98 85 1 24
79864 18 58 86 52 61 108 10 23 89 53 26 49 -1 -1 5 39 68 41 72 66 8 83 64 70 -1 44 51 104 46 47 92 35 20 93 29 -1 42 55 106 107 48 -1 96 69 105 34 99 36 -1 65 78 40 -1 98 85 1 24
79926 26 58 18 69 66 108 10 23 89 106 53 49 -1 -1 110 65 68 41 20 52 8 83 5 99 -1 44 51 104 46 47 92 72 39 70 29 -1 42 55 61 107 48 -1 96 64 105 34 35 36 -1 86 78 40 -1 98 85 1 24
79926 26 58 18 69 66 108 10 23 89 106 53 49 -1 -1 110 65 68 41 20 52 8 83 5 99 -1 44 51 104 46 47 92 72 39 70 29 -1 42 55 61 107 48 -1 96 64 105 34 35 36 -1 86 78 40 -1 98 85 1 24
79926 26 58 18 69 66 108 10 23 89 106 53 49 -1 -1 110 65 68 41 20 52 8 83 5 99 -1 44 51 104 46 47 92 72 39 70 29 -1 42 55 61 107 48 -1 96 64 105 34 35 36 -1 86 78 40 -1 98 85 1 24
79926 26 58 18 69 66 108 10 23 89 106 53 49 -1 -1 110 65 68 41 20 52 8 83 5 99 -1 44 51 104 46 47 92 72 39 70 29 -1 42 55 61 107 48 -1 96 64 105 34 35 36 -1 86 78 40 -1 98 85 1 24
80685 26 58 18 69 66 108 10 23 89 106 53 49 -1 -1 110 86 68 41 20 52 8 83 5 99 -1 44 51 104 46 47 92 72 65 70 29 -1 42 55 61 107 48 -1 96 64 105 34 35 36 -1 114 78 40 -1 98 85 1 24
80685 26 58 18 69 66 108 10 23 89 106 53 49 -1 -1 110 86 68 41 20 52 8 83 5 99 -1 44 51 104 46 47 92 72 65 70 29 -1 42 55 61 107 48 -1 96 64 105 34 35 36 -1 114 78 40 -1 98 85 1 24
80685 26 58 18 69 66 108 10 23 89 106 53 49 -1 -1 110 86 68 41 20 52 8 83 5 99 -1 44 51 104 46 47 92 72 65 70 29 -1 42 55 61 107 48 -1 96 64 105 34 35 36 -1 114 78 40 -1 98 85 1 24
80685 26 58 18 69 66 108 10 23 89 106 53 49 -1 -1 110 86 68 41 20 52 8 83 5 99 -1 44 51 104 46 47 92 72 65 70 29 -1 42 55 61 107 48 -1 96 64 105 34 35 36 -1 114 78 40 -1 98 85 1 24
80814 26 58 18 64 66 47 10 46 118 106 53 1 -1 -1 49 86 68 41 20 69 8 83 110 99 -1 44 51 104 89 23 105 72 65 70 29 -1 42 55 61 107 48 -1 96 5 108 34 35 36 -1 114 78 40 -1 98 92 85 24
81051 26 58 18 64 66 47 10 46 118 106 53 1 -1 -1 49 86 68 41 20 69 8 83 110 99 -1 44 51 104 89 23 105 72 65 70 29 -1 42 55 61 107 48 98 96 5 108 34 35 36 -1 114 78 40 -1 119 92 85 24
81051 26 58 18 64 66 47 10 46 118 106 53 1 -1 -1 49 86 68 41 20 69 8 83 110 99 -1 44 51 104 89 23 105 72 65 70 29 -1 42 55 61 107 48 98 96 5 108 34 35 36 -1 114 78 40 -1 119 92 85 24
81131 26 58 18 64 66 47 10 46 118 106 53 1 -1 -1 49 86 68 41 20 69 8 83 110 99 121 44 51 104 89 23 105 72 65 70 29 -1 42 55 61 107 48 98 96 5 108 34 35 36 -1 114 78 40 -1 119 92 85 24
81150 26 58 18 122 66 47 10 46 118 106 53 1 -1 -1 49 86 68 41 20 64 8 83 110 99 121 44 51 104 89 23 105 72 65 70 29 69 42 55 61 107 48 98 96 5 108 34 35 36 -1 114 78 40 -1 119 92 85 24
81346 26 58 18 122 66 47 123 46 118 106 53 1 -1 -1 49 86 68 41 20 64 8 83 110 99 121 44 51 104 89 23 105 72 65 70 29 69 42 55 61 107 48 98 96 5 108 34 35 36 -1 114 78 40 -1 119 92 85 24
81346 26 58 18 122 66 47 123 46 118 106 53 1 -1 -1 49 86 68 41 20 64 8 83 110 99 121 44 51 104 89 23 105 72 65 70 29 69 42 55 61 107 48 98 96 5 108 34 35 36 -1 114 78 40 -1 119 92 85 24
81346 26 58 18 122 66 47 123 46 118 106 53 1 -1 -1 49 86 68 41 20 64 8 83 110 99 121 44 51 104 89 23 105 72 65 70 29 69 42 55 61 107 48 98 96 5 108 34 35 36 -1 114 78 40 -1 119 92 85 24
81346 26 58 18 122 66 47 123 46 118 106 53 1 -1 -1 49 86 68 41 20 64 8 83 110 99 121 44 51 104 89 23 105 72 65 70 29 69 42 55 61 107 48 98 96 5 108 34 35 36 -1 114 78 40 -1 119 92 85 24
81346 26 58 18 122 66 47 123 46 118 106 53 1 -1 -1 49 86 68 41 20 64 8 83 110 99 121 44 51 104 89 23 105 72 65 70 29 69 42 55 61 107 48 98 96 5 108 34 35 36 -1 114 78 40 -1 119 92 85 24
81603 26 58 18 64 66 108 123 23 118 106 53 49 -1 -1 110 86 68 41 20 128 8 83 5 99 121 44 51 104 46 47 92 72 65 70 29 69 42 55 61 107 48 98 96 122 105 34 35 36 -1 114 78 40 -1 119 85 1 24
81915 26 58 18 64 66 105 123 47 118 106 53 49 -1 -1 110 86 68 41 20 128 8 83 5 99 121 44 51 104 23 108 129 72 65 70 29 69 42 55 61 107 48 34 46 122 92 96 35 36 -1 114 78 40 -1 119 85 1 24
81915 26 58 18 64 66 105 123 47 118 106 53 49 -1 -1 110 86 68 41 20 128 8 83 5 99 121 44 51 104 23 108 129 72 65 70 29 69 42 55 61 107 48 34 46 122 92 96 35 36 -1 114 78 40 -1 119 85 1 24
81915 26 58 18 64 66 105 123 47 118 106 53 49 -1 -1 110 86 68 41 20 128 8 83 5 99 121 44 51 104 23 108 129 72 65 70 29 69 42 55 61 107 48 34 46 122 92 96 35 36 -1 114 78 40 -1 119 85 1 24
81915 26 58 18 64 66 105 123 47 118 106 53 49 -1 -1 110 86 68 41 20 128 8 83 5 99 121 44 51 104 23 108 129 72 65 70 29 69 42 55 61 107 48 34 46 122 92 96 35 36 -1 114 78 40 -1 119 85 1 24
82430 18 58 133 128 61 105 123 47 118 53 26 49 -1 -1 110 86 68 41 20 69 8 83 5 99 121 44 51 104 23 108 129 72 65 70 29 66 42 55 106 107 48 34 46 64 92 96 35 36 -1 114 78 40 -1 119 85 1 24
82672 133 58 114 69 106 105 123 47 118 26 18 49 -1 -1 5 65 68 41 72 66 8 83 64 70 121 44 48 104 23 108 129 35 20 51 29 61 42 134 53 107 78 34 46 128 92 96 99 36 -1 86 55 40 -1 119 85 1 24
82672 133 58 114 69 106 105 123 47 118 26 18 49 -1 -1 5 65 68 41 72 66 8 83 64 70 121 44 48 104 23 108 129 35 20 51 29 61 42 134 53 107 78 34 46 128 92 96 99 36 -1 86 55 40 -1 119 85 1 24
83033 18 58 133 69 136 105 123 47 118 53 26 49 -1 -1 5 86 68 41 20 66 8 83 64 70 121 44 48 104 23 108 129 35 65 51 29 61 42 134 106 107 78 34 46 128 92 96 99 36 -1 114 55 40 -1 119 85 1 24
83033 18 58 133 69 136 105 123 47 118 53 26 49 -1 -1 5 86 68 41 20 66 8 83 64 70 121 44 48 104 23 108 129 35 65 51 29 61 42 134 106 107 78 34 46 128 92 96 99 36 -1 114 55 40 -1 119 85 1 24
83033 18 58 133 69 136 105 123 47 118 53 26 49 -1 -1 5 86 68 41 20 66 8 83 64 70 121 44 48 104 23 108 129 35 65 51 29 61 42 134 106 107 78 34 46 128 92 96 99 36 -1 114 55 40 -1 119 85 1 24
83033 18 58 133 69 136 105 123 47 118 53 26 49 -1 -1 5 86 68 41 20 66 8 83 64 70 121 44 48 104 23 108 129 35 65 51 29 61 42 134 106 107 78 34 46 128 92 96 99 36 -1 114 55 40 -1 119 85 1 24
83033 18 58 133 69 136 105 123 47 118 53 26 49 -1 -1 5 86 68 41 20 66 8 83 64 70 121 44 48 104 23 108 129 35 65 51 29 61 42 134 106 107 78 34 46 128 92 96 99 36 -1 114 55 40 -1 119 85 1 24
83033 18 58 133 69 136 105 123 47 118 53 26 49 -1 -1 5 86 68 41 20 66 8 83 64 70 121 44 48 104 23 108 129 35 65 51 29 61 42 134 106 107 78 34 46 128 92 96 99 36 -1 114 55 40 -1 119 85 1 24
