30106 -1 -1 -1 -1 -1 -1 -1 -1 -1 -1 -1 -1 -1 -1 -1 -1 -1 -1 -1 -1 -1 -1 -1 -1 -1 -1 -1 -1 -1 -1 -1 -1 -1 -1 -1 -1 -1 -1 -1 -1 -1 -1 -1 -1 -1 -1 -1 -1 -1 -1 -1 -1 -1 -1 -1 -1 -1 -1 -1 -1
31984 -1 -1 -1 -1 -1 -1 -1 -1 -1 -1 -1 -1 -1 -1 -1 -1 -1 -1 -1 -1 -1 -1 -1 -1 -1 -1 -1 -1 -1 -1 -1 -1 -1 -1 -1 -1 -1 -1 -1 -1 -1 -1 -1 -1 -1 -1 -1 -1 -1 -1 -1 -1 -1 -1 0 -1 -1 -1 -1 -1
32534 -1 -1 -1 -1 -1 -1 1 -1 -1 -1 -1 -1 -1 -1 -1 -1 -1 -1 -1 -1 -1 -1 -1 -1 -1 -1 -1 -1 -1 -1 -1 -1 -1 -1 -1 -1 -1 -1 -1 -1 -1 -1 -1 -1 -1 -1 -1 -1 -1 -1 -1 -1 -1 -1 0 -1 -1 -1 -1 -1
32534 -1 -1 -1 -1 -1 -1 1 -1 -1 -1 -1 -1 -1 -1 -1 -1 -1 -1 -1 -1 -1 -1 -1 -1 -1 -1 -1 -1 -1 -1 -1 -1 -1 -1 -1 -1 -1 -1 -1 -1 -1 -1 -1 -1 -1 -1 -1 -1 -1 -1 -1 -1 -1 -1 0 -1 -1 -1 -1 -1
34367 -1 -1 -1 0 -1 -1 1 -1 -1 -1 -1 -1 -1 -1 -1 -1 -1 -1 -1 -1 -1 -1 -1 -1 -1 -1 -1 -1 -1 -1 -1 -1 -1 -1 -1 -1 -1 -1 -1 -1 -1 -1 -1 -1 -1 -1 -1 -1 -1 -1 -1 -1 -1 -1 3 -1 -1 -1 -1 -1
35959 -1 -1 -1 0 3 -1 1 -1 -1 -1 -1 -1 -1 -1 -1 -1 -1 -1 -1 -1 -1 -1 -1 -1 -1 -1 -1 -1 -1 -1 -1 -1 -1 -1 -1 -1 -1 -1 -1 -1 -1 -1 -1 -1 -1 -1 -1 -1 -1 -1 -1 -1 -1 -1 4 -1 -1 -1 -1 -1
37283 -1 -1 -1 4 3 -1 0 -1 -1 -1 -1 -1 -1 -1 -1 -1 -1 -1 -1 -1 -1 -1 -1 -1 -1 -1 -1 -1 -1 -1 -1 -1 1 -1 -1 -1 -1 -1 -1 -1 -1 -1 -1 -1 -1 -1 -1 -1 -1 -1 -1 -1 -1 -1 5 -1 -1 -1 -1 -1
38047 -1 -1 -1 4 3 -1 0 -1 -1 -1 -1 -1 -1 -1 6 -1 -1 -1 -1 -1 -1 -1 -1 -1 -1 -1 -1 -1 -1 -1 -1 -1 1 -1 -1 -1 -1 -1 -1 -1 -1 -1 -1 -1 -1 -1 -1 -1 -1 -1 -1 -1 -1 -1 5 -1 -1 -1 -1 -1
38732 -1 -1 -1 4 3 -1 0 -1 -1 -1 -1 -1 -1 -1 6 -1 -1 -1 -1 -1 -1 -1 -1 -1 -1 -1 -1 -1 -1 -1 -1 -1 1 -1 -1 -1 -1 -1 -1 -1 -1 -1 -1 -1 -1 -1 -1 -1 -1 -1 -1 -1 -1 -1 5 -1 -1 -1 7 -1
38732 -1 -1 -1 4 3 -1 0 -1 -1 -1 -1 -1 -1 -1 6 -1 -1 -1 -1 -1 -1 -1 -1 -1 -1 -1 -1 -1 -1 -1 -1 -1 1 -1 -1 -1 -1 -1 -1 -1 -1 -1 -1 -1 -1 -1 -1 -1 -1 -1 -1 -1 -1 -1 5 -1 -1 -1 7 -1
40394 -1 -1 -1 4 3 -1 0 -1 -1 -1 -1 -1 -1 -1 6 -1 -1 -1 -1 -1 -1 -1 -1 -1 -1 -1 -1 -1 -1 -1 -1 -1 1 -1 -1 -1 -1 -1 9 -1 -1 -1 -1 -1 -1 -1 -1 -1 -1 -1 -1 -1 -1 -1 5 -1 -1 -1 7 -1
40394 -1 -1 -1 4 3 -1 0 -1 -1 -1 -1 -1 -1 -1 6 -1 -1 -1 -1 -1 -1 -1 -1 -1 -1 -1 -1 -1 -1 -1 -1 -1 1 -1 -1 -1 -1 -1 9 -1 -1 -1 -1 -1 -1 -1 -1 -1 -1 -1 -1 -1 -1 -1 5 -1 -1 -1 7 -1
41467 -1 -1 -1 4 3 -1 0 -1 -1 -1 -1 -1 -1 -1 6 -1 -1 -1 -1 -1 -1 -1 -1 11 -1 -1 -1 -1 -1 -1 -1 -1 1 -1 -1 -1 -1 -1 9 -1 -1 -1 -1 -1 -1 -1 -1 -1 -1 -1 -1 -1 -1 -1 5 -1 -1 -1 7 -1
41888 -1 -1 -1 4 3 -1 0 -1 1 -1 -1 -1 -1 -1 6 -1 -1 -1 -1 -1 -1 -1 -1 11 -1 -1 -1 -1 -1 -1 -1 -1 12 -1 -1 -1 -1 -1 9 -1 -1 -1 -1 -1 -1 -1 -1 -1 -1 -1 -1 -1 -1 -1 5 -1 -1 -1 7 -1
42702 -1 -1 -1 5 3 -1 4 -1 12 -1 -1 -1 -1 -1 1 -1 -1 -1 -1 -1 -1 6 -1 7 -1 -1 -1 -1 -1 -1 -1 -1 11 -1 -1 -1 -1 -1 9 -1 -1 -1 -1 -1 -1 -1 -1 -1 -1 -1 -1 -1 -1 -1 13 -1 -1 -1 0 -1
43909 -1 -1 -1 4 13 -1 14 -1 12 -1 -1 -1 -1 -1 1 -1 -1 -1 -1 -1 -1 6 -1 7 -1 -1 -1 -1 -1 -1 -1 -1 11 -1 -1 -1 -1 3 9 -1 -1 -1 -1 -1 -1 -1 -1 -1 -1 -1 -1 -1 -1 -1 5 -1 -1 -1 0 -1
43941 -1 -1 -1 4 13 -1 14 -1 12 -1 -1 -1 -1 -1 1 -1 -1 -1 -1 -1 -1 15 -1 7 -1 -1 -1 -1 -1 -1 -1 -1 11 -1 -1 -1 -1 3 9 6 -1 -1 -1 -1 -1 -1 -1 -1 -1 -1 -1 -1 -1 -1 5 -1 -1 -1 0 -1
44502 -1 -1 -1 4 13 -1 14 -1 16 -1 -1 -1 -1 -1 1 -1 -1 -1 -1 -1 -1 15 -1 11 -1 -1 7 -1 -1 -1 -1 -1 12 -1 -1 -1 -1 3 9 6 -1 -1 -1 -1 -1 -1 -1 -1 -1 -1 -1 -1 -1 -1 5 -1 -1 -1 0 -1
44502 -1 -1 -1 4 13 -1 14 -1 16 -1 -1 -1 -1 -1 1 -1 -1 -1 -1 -1 -1 15 -1 11 -1 -1 7 -1 -1 -1 -1 -1 12 -1 -1 -1 -1 3 9 6 -1 -1 -1 -1 -1 -1 -1 -1 -1 -1 -1 -1 -1 -1 5 -1 -1 -1 0 -1
44770 -1 -1 -1 4 13 -1 14 -1 16 -1 -1 -1 -1 -1 1 -1 -1 -1 -1 -1 -1 15 -1 11 -1 -1 7 -1 -1 -1 -1 -1 12 -1 -1 -1 -1 3 9 18 -1 -1 -1 -1 -1 -1 -1 6 -1 -1 -1 -1 -1 -1 5 -1 -1 -1 0 -1
44910 -1 -1 -1 5 13 -1 4 -1 16 -1 -1 -1 -1 -1 1 -1 -1 -1 -1 -1 -1 15 -1 7 -1 -1 0 -1 -1 -1 11 -1 12 -1 -1 -1 -1 3 9 18 -1 -1 -1 -1 -1 -1 -1 6 -1 -1 -1 -1 -1 -1 19 -1 -1 -1 14 -1
45041 -1 -1 -1 5 13 -1 4 -1 16 -1 -1 -1 -1 -1 1 -1 -1 -1 -1 -1 -1 15 -1 7 -1 -1 0 -1 -1 -1 11 -1 12 -1 -1 -1 -1 3 9 18 20 -1 -1 -1 -1 -1 -1 6 -1 -1 -1 -1 -1 -1 19 -1 -1 -1 14 -1
46313 -1 -1 -1 5 3 -1 4 -1 16 -1 13 -1 -1 -1 1 -1 -1 -1 -1 -1 -1 15 -1 7 -1 -1 0 -1 -1 -1 11 -1 12 -1 -1 -1 -1 21 9 18 20 -1 -1 -1 -1 -1 -1 6 -1 -1 -1 -1 -1 -1 19 -1 -1 -1 14 -1
47357 -1 -1 -1 5 3 -1 4 -1 12 -1 13 -1 -1 -1 16 -1 -1 -1 -1 -1 -1 1 -1 0 -1 -1 22 -1 -1 -1 7 -1 11 -1 -1 -1 -1 21 9 6 20 -1 -1 -1 -1 -1 -1 15 -1 -1 -1 -1 -1 18 19 -1 -1 -1 14 -1
49160 -1 -1 -1 13 21 -1 5 -1 11 -1 3 -1 -1 -1 12 -1 -1 -1 -1 -1 -1 16 -1 22 -1 -1 14 -1 -1 -1 0 -1 7 -1 -1 -1 -1 23 9 6 20 -1 -1 -1 -1 -1 -1 1 -1 -1 -1 -1 -1 18 19 -1 -1 -1 4 -1
50498 -1 -1 -1 13 24 -1 5 -1 11 -1 3 -1 -1 -1 12 -1 -1 -1 -1 -1 -1 16 -1 22 -1 -1 14 -1 -1 -1 0 -1 7 -1 -1 -1 -1 23 9 6 20 -1 -1 -1 -1 -1 -1 1 -1 -1 -1 -1 -1 18 21 -1 -1 -1 4 -1
50640 -1 -1 -1 13 24 -1 5 -1 11 -1 3 -1 -1 -1 12 -1 -1 -1 -1 -1 -1 16 -1 22 -1 -1 14 -1 -1 -1 7 -1 25 -1 -1 -1 0 23 9 6 20 -1 -1 -1 -1 -1 -1 1 -1 -1 -1 -1 -1 18 21 -1 -1 -1 4 -1
50850 -1 -1 -1 13 24 -1 5 -1 12 -1 3 -1 -1 -1 16 -1 -1 -1 -1 -1 25 26 -1 22 -1 -1 14 -1 -1 -1 7 -1 11 -1 -1 -1 0 23 9 6 20 -1 -1 -1 -1 -1 -1 1 -1 -1 -1 -1 -1 18 21 -1 -1 -1 4 -1
50850 -1 -1 -1 13 24 -1 5 -1 12 -1 3 -1 -1 -1 16 -1 -1 -1 -1 -1 25 26 -1 22 -1 -1 14 -1 -1 -1 7 -1 11 -1 -1 -1 0 23 9 6 20 -1 -1 -1 -1 -1 -1 1 -1 -1 -1 -1 -1 18 21 -1 -1 -1 4 -1
51612 -1 -1 -1 13 24 -1 5 -1 11 -1 3 -1 -1 -1 12 -1 -1 -1 -1 -1 25 16 -1 22 -1 -1 14 -1 -1 -1 7 -1 28 -1 -1 -1 0 23 9 1 20 -1 -1 -1 -1 -1 -1 26 -1 18 -1 -1 -1 6 21 -1 -1 -1 4 -1
51612 -1 -1 -1 13 24 -1 5 -1 11 -1 3 -1 -1 -1 12 -1 -1 -1 -1 -1 25 16 -1 22 -1 -1 14 -1 -1 -1 7 -1 28 -1 -1 -1 0 23 9 1 20 -1 -1 -1 -1 -1 -1 26 -1 18 -1 -1 -1 6 21 -1 -1 -1 4 -1
51794 -1 -1 -1 13 24 -1 5 -1 12 -1 3 -1 -1 -1 16 -1 -1 -1 -1 -1 28 26 -1 22 -1 -1 14 -1 -1 25 7 -1 11 -1 -1 -1 0 23 9 6 20 -1 -1 -1 -1 -1 -1 1 -1 30 -1 -1 -1 18 21 -1 -1 -1 4 -1
52577 -1 -1 21 5 24 -1 4 -1 12 -1 13 -1 -1 -1 16 -1 -1 -1 -1 -1 28 26 -1 0 -1 -1 22 -1 -1 25 31 -1 11 -1 -1 -1 7 23 9 6 20 -1 -1 -1 -1 -1 -1 1 -1 30 -1 -1 -1 18 3 -1 -1 -1 14 -1
53316 -1 -1 21 5 24 -1 4 -1 11 -1 13 -1 -1 -1 12 -1 -1 -1 -1 -1 25 16 -1 22 -1 -1 32 -1 1 31 7 -1 28 -1 -1 -1 0 23 9 6 20 -1 -1 -1 -1 -1 -1 26 -1 30 -1 -1 -1 18 3 -1 -1 -1 14 -1
54427 -1 -1 33 13 24 -1 5 -1 11 -1 3 -1 -1 -1 12 -1 -1 -1 -1 -1 25 16 -1 32 -1 -1 14 -1 1 31 7 -1 28 -1 -1 -1 0 23 9 6 20 22 -1 -1 -1 -1 -1 26 -1 30 -1 -1 -1 18 21 -1 -1 -1 4 -1
55202 -1 -1 33 5 24 -1 4 -1 11 -1 13 -1 -1 -1 12 -1 -1 -1 -1 -1 25 16 -1 32 -1 -1 34 -1 1 31 7 -1 28 -1 3 -1 0 23 9 6 20 22 -1 -1 -1 -1 -1 26 -1 30 -1 -1 -1 18 21 -1 -1 -1 14 -1
55678 -1 -1 33 5 24 -1 4 -1 11 -1 13 -1 -1 -1 12 -1 -1 -1 -1 -1 25 16 -1 32 35 -1 34 -1 1 31 7 -1 28 -1 3 -1 0 23 9 6 20 22 -1 -1 -1 -1 -1 26 -1 30 -1 -1 -1 18 21 -1 -1 -1 14 -1
55678 -1 -1 33 5 24 -1 4 -1 11 -1 13 -1 -1 -1 12 -1 -1 -1 -1 -1 25 16 -1 32 35 -1 34 -1 1 31 7 -1 28 -1 3 -1 0 23 9 6 20 22 -1 -1 -1 -1 -1 26 -1 30 -1 -1 -1 18 21 -1 -1 -1 14 -1
57196 -1 -1 24 13 37 -1 35 -1 11 -1 3 -1 -1 -1 12 -1 -1 -1 -1 -1 31 16 -1 34 5 -1 14 -1 1 7 0 -1 28 -1 21 -1 22 23 9 6 20 32 -1 -1 -1 -1 -1 26 -1 30 -1 -1 -1 18 33 -1 -1 -1 4 -1
57911 -1 -1 24 3 37 -1 5 -1 11 -1 21 -1 -1 -1 12 -1 -1 -1 -1 -1 7 16 -1 14 13 28 4 -1 1 0 22 -1 31 -1 38 -1 32 23 9 6 20 34 -1 -1 -1 -1 -1 26 -1 30 -1 -1 -1 18 33 -1 -1 -1 35 -1
57936 -1 -1 24 3 37 -1 5 -1 11 -1 21 -1 -1 -1 12 -1 -1 -1 -1 -1 7 16 -1 14 13 28 4 -1 1 0 22 -1 31 -1 38 -1 32 23 9 6 20 34 -1 -1 -1 39 -1 26 -1 30 -1 -1 -1 18 33 -1 -1 -1 35 -1
59018 -1 -1 24 40 37 -1 13 -1 28 -1 21 -1 -1 -1 11 -1 -1 -1 -1 -1 0 12 -1 4 3 31 35 -1 1 22 32 -1 7 -1 38 -1 34 23 9 6 20 14 -1 -1 -1 39 26 16 -1 30 -1 -1 -1 18 33 -1 -1 -1 5 -1
59355 -1 -1 24 40 37 -1 13 -1 28 -1 21 -1 -1 -1 11 -1 -1 -1 -1 -1 7 12 -1 14 3 41 35 -1 1 0 22 -1 31 -1 38 -1 32 23 9 6 20 34 -1 -1 -1 39 26 16 -1 30 -1 -1 -1 18 33 -1 4 -1 5 -1
60654 -1 -1 37 21 23 -1 3 -1 41 -1 38 -1 -1 -1 11 -1 -1 -1 -1 -1 0 12 -1 4 40 31 5 -1 1 22 32 -1 7 -1 33 -1 34 9 42 6 20 14 -1 -1 -1 39 26 16 -1 30 -1 -1 -1 18 24 28 35 -1 13 -1
60791 -1 -1 37 21 23 -1 13 -1 41 -1 38 -1 -1 -1 11 -1 -1 -1 -1 -1 7 12 -1 14 40 43 35 -1 1 0 22 -1 31 -1 33 -1 32 9 42 6 20 34 -1 -1 -1 39 26 16 3 30 -1 -1 -1 18 24 28 4 -1 5 -1
61641 -1 -1 37 21 23 -1 13 -1 41 -1 38 -1 -1 -1 11 -1 -1 -1 4 -1 44 12 -1 34 40 43 35 -1 1 7 0 -1 31 -1 33 -1 22 9 42 6 20 32 -1 -1 -1 39 26 16 3 30 -1 -1 -1 18 24 28 14 -1 5 -1
61641 -1 -1 37 21 23 -1 13 -1 41 -1 38 -1 -1 -1 11 -1 -1 -1 4 -1 44 12 -1 34 40 43 35 -1 1 7 0 -1 31 -1 33 -1 22 9 42 6 20 32 -1 -1 -1 39 26 16 3 30 -1 -1 -1 18 24 28 14 -1 5 -1
62204 -1 -1 37 38 23 -1 3 -1 43 -1 33 -1 -1 -1 28 -1 -1 -1 35 -1 7 11 -1 14 21 31 5 -1 1 0 22 -1 44 -1 24 -1 32 9 42 6 20 34 -1 -1 -1 39 26 16 40 30 -1 -1 -1 18 46 41 4 -1 13 -1
62204 -1 -1 37 38 23 -1 3 -1 43 -1 33 -1 -1 -1 28 -1 -1 -1 35 -1 7 11 -1 14 21 31 5 -1 1 0 22 -1 44 -1 24 -1 32 9 42 6 20 34 -1 -1 -1 39 26 16 40 30 -1 -1 -1 18 46 41 4 -1 13 -1
62204 -1 -1 37 38 23 -1 3 -1 43 -1 33 -1 -1 -1 28 -1 -1 -1 35 -1 7 11 -1 14 21 31 5 -1 1 0 22 -1 44 -1 24 -1 32 9 42 6 20 34 -1 -1 -1 39 26 16 40 30 -1 -1 -1 18 46 41 4 -1 13 -1
62204 -1 -1 37 38 23 -1 3 -1 43 -1 33 -1 -1 -1 28 -1 -1 -1 35 -1 7 11 -1 14 21 31 5 -1 1 0 22 -1 44 -1 24 -1 32 9 42 6 20 34 -1 -1 -1 39 26 16 40 30 -1 -1 -1 18 46 41 4 -1 13 -1
62439 -1 -1 37 38 23 -1 3 -1 31 -1 33 -1 -1 -1 41 -1 -1 -1 35 -1 0 11 -1 14 21 44 5 -1 1 50 22 -1 7 -1 24 -1 32 9 42 6 20 34 28 -1 -1 39 26 16 40 30 -1 -1 -1 18 46 43 4 -1 13 -1
63540 -1 11 23 33 9 -1 40 -1 44 -1 24 -1 -1 -1 43 -1 -1 -1 5 -1 50 28 -1 4 38 7 13 -1 1 22 32 -1 0 -1 46 -1 34 42 51 6 20 14 41 -1 -1 39 26 16 21 30 -1 -1 -1 18 37 31 35 -1 3 -1
64080 -1 11 23 33 9 -1 40 -1 44 -1 24 -1 -1 -1 43 -1 -1 -1 5 -1 50 28 -1 4 38 7 13 -1 6 22 32 -1 0 -1 46 -1 34 42 51 52 20 14 41 -1 -1 39 26 16 21 30 -1 -1 -1 18 37 31 35 -1 3 -1
64588 -1 11 23 33 9 -1 40 -1 44 -1 24 -1 53 -1 43 -1 -1 -1 5 -1 50 28 -1 4 38 7 13 -1 6 22 32 -1 0 -1 46 -1 34 42 51 52 20 14 41 -1 -1 39 26 16 21 30 -1 -1 -1 18 37 31 35 -1 3 -1
64588 -1 11 23 33 9 -1 40 -1 44 -1 24 -1 53 -1 43 -1 -1 -1 5 -1 50 28 -1 4 38 7 13 -1 6 22 32 -1 0 -1 46 -1 34 42 51 52 20 14 41 -1 -1 39 26 16 21 30 -1 -1 -1 18 37 31 35 -1 3 -1
65465 -1 28 23 33 9 -1 40 -1 7 -1 24 -1 41 -1 31 -1 -1 -1 55 -1 22 53 -1 35 38 0 13 -1 26 32 34 -1 50 -1 46 -1 14 42 51 6 20 4 43 -1 -1 39 16 11 21 30 -1 -1 -1 52 37 44 5 -1 3 -1
66274 -1 28 23 33 9 -1 40 -1 7 -1 24 -1 41 -1 31 -1 -1 -1 55 -1 22 53 -1 4 38 0 13 -1 26 32 56 -1 50 -1 46 -1 34 42 51 6 20 14 43 -1 -1 39 16 11 21 30 -1 -1 -1 52 37 44 5 -1 3 35
67239 -1 28 23 33 9 -1 21 -1 7 -1 24 -1 41 -1 31 -1 -1 -1 13 0 32 53 -1 35 57 50 3 -1 26 56 34 -1 22 -1 46 -1 14 42 51 6 20 4 43 -1 -1 39 16 11 38 30 -1 -1 -1 52 37 44 55 -1 40 5
67239 -1 28 23 33 9 -1 21 -1 7 -1 24 -1 41 -1 31 -1 -1 -1 13 0 32 53 -1 35 57 50 3 -1 26 56 34 -1 22 -1 46 -1 14 42 51 6 20 4 43 -1 -1 39 16 11 38 30 -1 -1 -1 52 37 44 55 -1 40 5
67420 -1 28 23 33 9 -1 21 -1 7 -1 24 -1 41 -1 31 -1 -1 -1 13 0 32 53 -1 35 57 50 3 -1 26 56 34 -1 22 59 46 -1 14 42 51 6 20 4 43 -1 -1 39 16 11 38 30 -1 -1 -1 52 37 44 55 -1 40 5
68220 -1 28 23 33 9 -1 60 -1 0 -1 24 -1 41 -1 44 -1 -1 43 3 50 56 53 -1 5 57 22 40 -1 26 34 14 -1 32 59 46 -1 4 42 51 6 20 35 31 -1 -1 39 16 11 38 30 -1 -1 -1 52 37 7 13 -1 21 55
68509 -1 61 23 33 9 -1 60 -1 0 -1 24 -1 53 -1 44 -1 -1 41 3 50 56 28 -1 5 57 22 40 -1 26 34 14 -1 32 59 46 -1 4 42 51 6 20 35 31 -1 -1 39 16 11 38 30 -1 -1 -1 52 37 7 13 -1 21 55
69285 -1 61 23 33 9 -1 60 -1 0 -1 24 -1 53 -1 44 -1 -1 41 3 50 56 28 -1 5 57 22 40 -1 26 34 14 -1 32 59 46 -1 4 42 51 6 20 35 31 -1 -1 39 16 11 38 30 -1 -1 -1 52 37 62 13 -1 21 55
69504 -1 28 23 33 9 -1 60 -1 50 -1 24 -1 41 -1 62 -1 -1 31 63 22 34 53 -1 55 57 32 40 -1 16 14 4 -1 56 59 46 -1 35 42 51 6 20 5 44 -1 -1 39 11 61 38 30 -1 -1 -1 52 37 0 3 -1 21 13
70234 -1 28 23 33 9 -1 60 -1 0 -1 24 -1 64 -1 44 -1 -1 41 63 50 56 53 -1 55 57 22 40 -1 16 34 14 -1 32 59 46 -1 4 42 51 6 35 5 31 -1 -1 39 11 61 38 30 -1 -1 -1 52 37 62 3 -1 21 13
70690 -1 65 23 33 9 -1 60 -1 0 -1 24 -1 64 -1 44 -1 -1 41 63 50 56 53 -1 55 57 22 40 -1 11 34 14 -1 32 59 46 -1 4 42 51 16 35 5 31 -1 -1 39 61 28 38 52 -1 -1 -1 6 37 62 3 -1 21 13
71112 61 65 23 33 9 -1 60 -1 0 -1 24 -1 64 -1 44 -1 -1 41 63 50 56 53 -1 55 57 22 40 -1 16 34 14 -1 32 59 46 -1 4 42 51 6 35 5 31 -1 -1 39 11 28 38 66 -1 -1 -1 52 37 62 3 -1 21 13
71612 61 65 23 24 9 -1 38 -1 0 -1 46 -1 64 -1 44 -1 -1 41 40 50 56 53 -1 55 33 22 21 -1 16 34 14 -1 32 59 67 -1 4 42 51 6 35 5 31 -1 63 39 11 28 57 66 -1 -1 -1 52 37 62 3 -1 60 13
72012 68 65 23 24 9 -1 38 -1 0 -1 46 61 64 -1 44 -1 -1 41 40 50 56 53 -1 55 33 22 21 -1 16 34 14 -1 32 59 67 -1 4 42 51 6 35 5 31 -1 63 39 11 28 57 66 -1 -1 -1 52 37 62 3 -1 60 13
72307 11 65 23 24 9 -1 38 -1 0 -1 46 68 64 -1 44 -1 -1 41 40 50 56 53 -1 55 33 22 21 -1 16 34 14 -1 32 59 67 -1 4 42 51 6 35 5 31 -1 63 39 69 28 57 66 61 -1 -1 52 37 62 3 -1 60 13
72752 69 28 23 24 9 -1 38 -1 62 -1 46 11 53 -1 31 -1 -1 64 40 0 32 65 -1 55 33 50 21 -1 6 56 14 -1 22 59 67 -1 4 42 51 52 35 5 41 -1 63 39 16 61 57 70 68 -1 34 66 37 44 3 -1 60 13
72752 69 28 23 24 9 -1 38 -1 62 -1 46 11 53 -1 31 -1 -1 64 40 0 32 65 -1 55 33 50 21 -1 6 56 14 -1 22 59 67 -1 4 42 51 52 35 5 41 -1 63 39 16 61 57 70 68 -1 34 66 37 44 3 -1 60 13
74070 11 65 23 46 9 -1 57 6 0 -1 67 68 64 -1 44 -1 -1 41 21 50 56 53 -1 13 24 22 60 -1 16 34 4 -1 32 59 37 -1 35 42 51 52 5 55 31 -1 40 39 69 28 33 70 61 -1 14 66 72 62 63 -1 38 3
74190 69 28 23 46 9 -1 57 6 62 -1 67 11 53 -1 31 -1 -1 64 21 0 32 65 -1 13 24 50 60 -1 16 56 14 -1 22 59 37 -1 4 42 51 52 35 5 41 55 40 39 73 61 33 70 68 -1 34 66 72 44 63 -1 38 3
74432 69 28 23 74 9 -1 33 6 62 -1 67 11 53 -1 31 -1 -1 64 60 0 56 65 -1 3 46 22 38 -1 16 34 4 -1 32 59 37 -1 35 42 51 52 5 55 41 13 21 39 73 61 24 70 68 -1 14 66 72 44 40 -1 57 63
75006 69 65 23 67 9 -1 24 6 0 -1 75 68 64 -1 44 -1 -1 41 38 22 34 53 -1 63 74 32 57 -1 16 14 35 -1 56 11 37 -1 5 42 51 52 55 13 31 3 60 39 73 28 46 70 61 -1 4 66 72 62 21 -1 33 40
75895 69 65 23 75 9 -1 46 6 22 -1 37 68 64 -1 62 -1 -1 31 57 32 14 53 -1 40 67 56 33 -1 16 4 5 -1 34 11 76 -1 55 42 51 52 13 3 44 63 38 39 73 28 74 70 61 -1 35 66 72 0 60 -1 24 21
76662 69 53 23 75 9 -1 46 6 32 -1 37 68 31 -1 0 61 -1 44 57 56 4 64 -1 21 67 34 33 -1 16 35 55 -1 14 11 76 -1 13 42 51 52 3 63 62 40 77 39 73 65 74 70 28 -1 5 66 72 22 38 -1 24 60
76662 69 53 23 75 9 -1 46 6 32 -1 37 68 31 -1 0 61 -1 44 57 56 4 64 -1 21 67 34 33 -1 16 35 55 -1 14 11 76 -1 13 42 51 52 3 63 62 40 77 39 73 65 74 70 28 -1 5 66 72 22 38 -1 24 60
77176 79 65 23 75 9 -1 46 6 22 -1 37 11 64 -1 62 68 -1 31 57 32 14 53 -1 21 67 56 33 -1 16 4 5 -1 34 69 76 -1 55 42 51 52 3 63 44 40 77 39 73 28 74 70 61 -1 35 66 72 0 38 -1 24 60
77539 79 65 23 75 9 -1 46 6 22 -1 37 11 64 -1 62 68 -1 31 57 32 14 53 -1 21 67 56 33 -1 16 4 5 -1 34 69 76 -1 55 42 51 52 3 80 44 40 77 39 73 28 74 70 61 -1 35 66 72 0 38 -1 24 60
77539 79 65 23 75 9 -1 46 6 22 -1 37 11 64 -1 62 68 -1 31 57 32 14 53 -1 21 67 56 33 -1 16 4 5 -1 34 69 76 -1 55 42 51 52 3 80 44 40 77 39 73 28 74 70 61 -1 35 66 72 0 38 -1 24 60
78287 79 65 23 75 9 -1 46 6 22 -1 37 11 64 -1 62 68 -1 31 57 56 4 53 32 21 67 34 33 -1 16 35 55 -1 14 69 76 -1 3 42 51 52 80 40 44 82 77 39 73 28 74 70 61 -1 5 66 72 0 38 -1 24 60
78574 69 53 23 75 9 -1 46 6 22 -1 37 68 64 -1 62 61 -1 31 57 56 4 83 32 21 67 34 33 -1 73 35 55 -1 14 11 76 -1 3 42 51 52 80 40 44 82 77 39 79 65 74 70 28 -1 5 66 72 0 38 -1 24 60
78787 69 53 23 75 9 -1 46 6 22 -1 37 68 64 -1 62 61 -1 31 33 56 4 83 32 60 67 34 24 -1 73 5 3 -1 14 11 76 -1 80 42 51 52 40 82 44 21 57 39 79 65 74 70 28 -1 55 66 72 0 77 -1 84 38
78787 69 53 23 75 9 -1 46 6 22 -1 37 68 64 -1 62 61 -1 31 33 56 4 83 32 60 67 34 24 -1 73 5 3 -1 14 11 76 -1 80 42 51 52 40 82 44 21 57 39 79 65 74 70 28 -1 55 66 72 0 77 -1 84 38
78911 69 83 23 75 9 -1 46 6 32 -1 37 68 31 -1 0 61 65 44 24 34 5 64 56 38 67 14 86 -1 73 55 80 -1 4 11 76 -1 40 42 51 52 82 21 62 60 33 39 79 53 74 70 28 -1 3 66 72 22 57 -1 84 77
78911 69 83 23 75 9 -1 46 6 32 -1 37 68 31 -1 0 61 65 44 24 34 5 64 56 38 67 14 86 -1 73 55 80 -1 4 11 76 -1 40 42 51 52 82 21 62 60 33 39 79 53 74 70 28 -1 3 66 72 22 57 -1 84 77
80215 11 64 9 37 42 -1 74 6 56 -1 76 61 44 -1 22 28 53 62 86 14 55 31 34 77 75 4 84 -1 79 3 40 -1 5 68 72 -1 82 51 88 52 21 60 0 38 24 39 69 83 67 70 65 -1 80 66 23 32 33 -1 46 57
80215 11 64 9 37 42 -1 74 6 56 -1 76 61 44 -1 22 28 53 62 86 14 55 31 34 77 75 4 84 -1 79 3 40 -1 5 68 72 -1 82 51 88 52 21 60 0 38 24 39 69 83 67 70 65 -1 80 66 23 32 33 -1 46 57
80348 11 31 9 37 42 -1 74 6 56 -1 76 28 90 -1 22 65 83 62 86 14 55 44 34 77 75 4 84 -1 79 3 40 -1 5 68 72 -1 82 51 88 52 21 60 0 38 24 39 69 64 67 70 53 -1 80 66 23 32 33 -1 46 57
80451 11 31 9 37 42 44 74 6 56 -1 76 28 62 -1 91 65 83 0 86 14 55 90 34 77 75 4 84 -1 79 3 40 -1 5 68 72 -1 82 51 88 52 21 60 22 38 24 39 69 64 67 70 53 -1 80 66 23 32 33 -1 46 57
81057 11 31 9 76 42 44 67 6 56 -1 72 28 62 -1 91 65 83 0 86 14 55 90 34 77 37 4 84 -1 79 3 40 -1 5 68 23 -1 82 51 88 52 21 60 22 38 24 39 69 64 75 70 53 -1 80 66 92 32 33 -1 46 57
81671 11 31 9 76 42 44 67 6 56 -1 72 28 62 -1 91 65 83 0 24 14 55 90 34 38 37 4 86 -1 79 3 40 -1 5 68 23 -1 82 51 88 52 21 93 22 60 33 39 69 64 75 70 53 -1 80 66 92 32 57 -1 84 77
82145 11 31 9 72 42 44 75 6 56 -1 23 28 62 -1 91 65 83 0 24 14 55 90 34 38 76 4 84 -1 79 3 40 -1 5 68 94 -1 82 51 88 52 21 93 22 60 33 39 69 64 37 70 53 -1 80 66 92 32 57 -1 67 77
83257 11 44 42 23 95 90 37 6 34 -1 94 65 0 -1 91 53 64 22 84 4 3 62 14 77 72 5 67 -1 79 80 82 68 55 28 92 -1 21 51 88 52 93 60 32 38 24 39 69 31 76 70 83 -1 40 66 9 56 33 -1 75 57
83621 11 44 42 23 95 90 37 6 34 -1 94 65 0 -1 91 53 64 22 84 4 3 62 14 77 72 5 67 -1 96 80 82 68 55 28 92 -1 21 51 88 52 93 60 32 38 24 39 79 31 76 70 83 -1 40 66 9 56 33 -1 75 57
84284 11 90 42 94 95 62 76 6 14 53 92 65 22 -1 91 83 31 32 67 5 80 0 4 57 23 55 75 -1 96 40 21 68 3 28 9 -1 93 51 88 52 60 38 56 77 84 39 79 44 72 70 64 -1 82 66 97 34 24 -1 37 33
84616 11 90 42 94 95 62 76 6 14 53 92 65 22 -1 91 83 31 32 67 5 98 0 4 77 23 55 75 -1 96 80 82 68 3 28 9 -1 21 51 88 52 93 60 56 38 24 39 79 44 72 70 64 -1 40 66 97 34 33 -1 37 57
84616 11 90 42 94 95 62 76 6 14 53 92 65 22 -1 91 83 31 32 67 5 98 0 4 77 23 55 75 -1 96 80 82 68 3 28 9 -1 21 51 88 52 93 60 56 38 24 39 79 44 72 70 64 -1 40 66 97 34 33 -1 37 57
84616 11 90 42 94 95 62 76 6 14 53 92 65 22 -1 91 83 31 32 67 5 98 0 4 77 23 55 75 -1 96 80 82 68 3 28 9 -1 21 51 88 52 93 60 56 38 24 39 79 44 72 70 64 -1 40 66 97 34 33 -1 37 57
85011 11 90 42 94 95 62 76 6 4 53 92 65 22 -1 91 83 31 56 67 55 80 0 5 101 23 3 75 -1 96 40 21 68 98 28 9 -1 93 51 88 52 60 38 34 77 24 39 79 44 72 70 64 -1 82 66 97 14 33 -1 37 57
85011 11 90 42 94 95 62 76 6 4 53 92 65 22 -1 91 83 31 56 67 55 80 0 5 101 23 3 75 -1 96 40 21 68 98 28 9 -1 93 51 88 52 60 38 34 77 24 39 79 44 72 70 64 -1 82 66 97 14 33 -1 37 57
85011 11 90 42 94 95 62 76 6 4 53 92 65 22 -1 91 83 31 56 67 55 80 0 5 101 23 3 75 -1 96 40 21 68 98 28 9 -1 93 51 88 52 60 38 34 77 24 39 79 44 72 70 64 -1 82 66 97 14 33 -1 37 57
85011 11 90 42 94 95 62 76 6 4 53 92 65 22 -1 91 83 31 56 67 55 80 0 5 101 23 3 75 -1 96 40 21 68 98 28 9 -1 93 51 88 52 60 38 34 77 24 39 79 44 72 70 64 -1 82 66 97 14 33 -1 37 57
85011 11 90 42 94 95 62 76 6 4 53 92 65 22 -1 91 83 31 56 67 55 80 0 5 101 23 3 75 -1 96 40 21 68 98 28 9 -1 93 51 88 52 60 38 34 77 24 39 79 44 72 70 64 -1 82 66 97 14 33 -1 37 57
85011 11 90 42 94 95 62 76 6 4 53 92 65 22 -1 91 83 31 56 67 55 80 0 5 101 23 3 75 -1 96 40 21 68 98 28 9 -1 93 51 88 52 60 38 34 77 24 39 79 44 72 70 64 -1 82 66 97 14 33 -1 37 57
85440 11 90 42 94 95 62 76 6 107 53 92 65 22 -1 14 83 31 56 67 55 80 0 5 101 23 3 75 -1 96 40 21 68 98 28 9 -1 93 51 88 52 60 38 34 77 24 39 79 44 72 70 64 -1 82 66 97 4 33 -1 37 57
85588 11 90 42 92 95 62 72 6 107 53 108 65 22 -1 14 83 31 56 75 55 80 0 5 57 94 3 37 -1 96 40 21 68 98 28 9 -1 93 51 88 52 60 77 34 101 67 39 79 44 23 70 64 -1 82 66 97 4 24 -1 76 33
85823 11 62 42 92 95 0 72 6 5 53 108 65 56 -1 4 83 44 34 75 3 40 22 55 33 94 98 37 -1 96 82 93 68 80 28 9 -1 60 51 88 52 77 101 14 57 67 39 79 90 23 70 64 31 21 66 97 107 109 -1 76 24
86084 11 90 42 92 95 62 72 6 107 110 108 65 22 -1 14 53 31 56 75 3 40 0 55 33 94 98 37 -1 96 82 93 68 80 28 9 -1 60 51 88 52 77 101 34 57 67 39 79 44 23 70 83 64 21 66 97 4 109 -1 76 24
86363 11 44 42 92 95 62 72 6 107 110 108 65 22 -1 14 53 111 56 75 3 40 0 55 33 94 98 37 -1 96 82 93 68 80 28 9 -1 60 51 88 52 77 101 34 57 67 39 79 31 23 70 83 64 21 66 97 4 109 -1 76 24
86891 11 44 42 92 95 62 23 6 107 110 108 65 22 -1 14 53 111 56 37 3 40 0 55 33 94 98 76 -1 96 82 93 68 80 28 9 -1 60 51 88 52 77 101 34 57 75 39 79 31 112 70 83 64 21 66 97 4 109 -1 72 24
87056 68 44 42 92 95 62 23 96 107 110 108 65 22 -1 14 53 111 56 37 3 40 0 55 33 94 98 76 -1 79 82 93 113 80 28 9 -1 60 51 88 52 77 101 34 57 75 39 11 31 112 70 83 64 21 66 97 4 109 -1 72 24
87056 68 44 42 92 95 62 23 96 107 110 108 65 22 -1 14 53 111 56 37 3 40 0 55 33 94 98 76 -1 79 82 93 113 80 28 9 -1 60 51 88 52 77 101 34 57 75 39 11 31 112 70 83 64 21 66 97 4 109 -1 72 24
87056 68 44 42 92 95 62 23 96 107 110 108 65 22 -1 14 53 111 56 37 3 40 0 55 33 94 98 76 -1 79 82 93 113 80 28 9 -1 60 51 88 52 77 101 34 57 75 39 11 31 112 70 83 64 21 66 97 4 109 -1 72 24
88156 68 62 116 108 95 0 112 96 55 110 9 65 56 -1 4 83 31 34 76 98 82 22 3 24 92 80 72 -1 79 21 60 113 40 28 97 -1 77 51 88 52 101 57 14 33 37 39 11 44 94 70 64 111 93 66 42 107 75 -1 23 109
88156 68 62 116 108 95 0 112 96 55 110 9 65 56 -1 4 83 31 34 76 98 82 22 3 24 92 80 72 -1 79 21 60 113 40 28 97 -1 77 51 88 52 101 57 14 33 37 39 11 44 94 70 64 111 93 66 42 107 75 -1 23 109
88156 68 62 116 108 95 0 112 96 55 110 9 65 56 -1 4 83 31 34 76 98 82 22 3 24 92 80 72 -1 79 21 60 113 40 28 97 -1 77 51 88 52 101 57 14 33 37 39 11 44 94 70 64 111 93 66 42 107 75 -1 23 109
88156 68 62 116 108 95 0 112 96 55 110 9 65 56 -1 4 83 31 34 76 98 82 22 3 24 92 80 72 -1 79 21 60 113 40 28 97 -1 77 51 88 52 101 57 14 33 37 39 11 44 94 70 64 111 93 66 42 107 75 -1 23 109
88275 68 0 116 108 95 22 112 96 3 110 9 65 34 -1 107 83 44 14 76 80 21 56 98 120 92 40 72 -1 79 93 77 113 82 28 97 -1 101 51 88 52 57 33 4 24 37 39 11 62 94 70 64 111 60 66 42 55 75 -1 23 109
88396 121 0 116 108 95 22 112 96 3 110 9 65 34 -1 107 83 44 14 76 80 21 56 98 120 92 40 72 -1 79 93 77 113 82 28 97 11 101 51 88 52 57 33 4 24 37 39 68 62 94 70 64 111 60 66 42 55 75 -1 23 109
89079 113 22 116 9 95 56 94 96 98 83 97 110 14 -1 55 64 62 4 72 40 93 34 80 109 108 82 23 -1 79 60 101 28 21 65 122 11 57 51 88 52 33 24 107 120 76 39 121 0 92 70 111 44 77 66 42 3 37 -1 112 75
89079 113 22 116 9 95 56 94 96 98 83 97 110 14 -1 55 64 62 4 72 40 93 34 80 109 108 82 23 -1 79 60 101 28 21 65 122 11 57 51 88 52 33 24 107 120 76 39 121 0 92 70 111 44 77 66 42 3 37 -1 112 75
89424 113 0 116 9 95 22 94 96 98 110 97 124 14 -1 55 83 44 4 72 40 93 56 80 109 108 82 23 -1 79 60 101 28 21 65 122 11 57 51 88 52 33 24 107 120 76 39 121 62 92 70 64 111 77 66 42 3 37 -1 112 75
89787 113 0 116 9 95 22 112 96 98 110 97 124 14 -1 55 83 44 4 76 40 93 56 80 109 92 82 72 -1 79 60 101 28 21 65 122 11 57 51 88 52 33 24 107 120 37 39 121 62 94 70 64 111 77 66 42 3 75 -1 23 125
89787 113 0 116 9 95 22 112 96 98 110 97 124 14 -1 55 83 44 4 76 40 93 56 80 109 92 82 72 -1 79 60 101 28 21 65 122 11 57 51 88 52 33 24 107 120 37 39 121 62 94 70 64 111 77 66 42 3 75 -1 23 125
89787 113 0 116 9 95 22 112 96 98 110 97 124 14 -1 55 83 44 4 76 40 93 56 80 109 92 82 72 -1 79 60 101 28 21 65 122 11 57 51 88 52 33 24 107 120 37 39 121 62 94 70 64 111 77 66 42 3 75 -1 23 125
89851 113 22 116 9 95 56 112 96 98 83 97 110 4 -1 3 64 62 107 76 40 93 14 80 109 92 82 72 -1 79 60 101 65 21 124 122 11 57 51 88 52 33 24 55 120 37 39 121 0 94 70 111 44 77 66 42 128 75 -1 23 125
89851 113 22 116 9 95 56 112 96 98 83 97 110 4 -1 3 64 62 107 76 40 93 14 80 109 92 82 72 -1 79 60 101 65 21 124 122 11 57 51 88 52 33 24 55 120 37 39 121 0 94 70 111 44 77 66 42 128 75 -1 23 125
89963 113 22 116 9 95 56 112 96 98 83 97 110 4 -1 3 64 62 107 76 40 93 14 80 109 92 82 72 70 79 60 101 65 21 124 122 11 57 51 88 130 33 24 55 120 37 39 121 0 94 66 111 44 77 52 42 128 75 -1 23 125
89963 113 22 116 9 95 56 112 96 98 83 97 110 4 -1 3 64 62 107 76 40 93 14 80 109 92 82 72 70 79 60 101 65 21 124 122 11 57 51 88 130 33 24 55 120 37 39 121 0 94 66 111 44 77 52 42 128 75 -1 23 125
89963 113 22 116 9 95 56 112 96 98 83 97 110 4 -1 3 64 62 107 76 40 93 14 80 109 92 82 72 70 79 60 101 65 21 124 122 11 57 51 88 130 33 24 55 120 37 39 121 0 94 66 111 44 77 52 42 128 75 -1 23 125
89963 113 22 116 9 95 56 112 96 98 83 97 110 4 -1 3 64 62 107 76 40 93 14 80 109 92 82 72 70 79 60 101 65 21 124 122 11 57 51 88 130 33 24 55 120 37 39 121 0 94 66 111 44 77 52 42 128 75 -1 23 125
89963 113 22 116 9 95 56 112 96 98 83 97 110 4 -1 3 64 62 107 76 40 93 14 80 109 92 82 72 70 79 60 101 65 21 124 122 11 57 51 88 130 33 24 55 120 37 39 121 0 94 66 111 44 77 52 42 128 75 -1 23 125
90206 113 22 116 9 95 56 112 96 98 83 97 110 4 -1 3 64 62 107 76 40 93 14 80 109 92 82 72 70 79 60 101 65 21 124 122 11 57 51 88 130 33 24 55 120 37 39 121 0 94 135 111 44 77 52 42 128 75 -1 23 125
90461 113 22 116 97 95 56 94 96 98 83 122 110 4 -1 3 64 62 107 72 82 60 14 40 125 9 21 23 70 79 77 57 65 93 124 42 11 33 51 88 130 24 120 55 109 76 39 121 0 92 135 111 44 101 52 136 128 37 -1 112 75
90461 113 22 116 97 95 56 94 96 98 83 122 110 4 -1 3 64 62 107 72 82 60 14 40 125 9 21 23 70 79 77 57 65 93 124 42 11 33 51 88 130 24 120 55 109 76 39 121 0 92 135 111 44 101 52 136 128 37 -1 112 75
90749 138 22 116 97 95 56 94 96 98 83 122 110 4 -1 3 64 62 107 72 82 60 14 40 125 9 21 23 70 79 77 57 113 93 124 42 11 33 51 88 130 24 120 55 109 76 39 121 0 92 135 111 44 101 52 136 128 37 -1 112 75
90749 138 22 116 97 95 56 94 96 98 83 122 110 4 -1 3 64 62 107 72 82 60 14 40 125 9 21 23 70 79 77 57 113 93 124 42 11 33 51 88 130 24 120 55 109 76 39 121 0 92 135 111 44 101 52 136 128 37 -1 112 75
90749 138 22 116 97 95 56 94 96 98 83 122 110 4 -1 3 64 62 107 72 82 60 14 40 125 9 21 23 70 79 77 57 113 93 124 42 11 33 51 88 130 24 120 55 109 76 39 121 0 92 135 111 44 101 52 136 128 37 -1 112 75
91362 138 56 116 141 95 14 92 96 40 64 122 110 107 -1 128 111 0 55 23 21 77 4 82 75 97 93 112 70 79 101 33 113 60 124 42 11 24 51 88 130 120 109 3 125 72 39 121 22 9 135 44 62 57 52 136 98 76 -1 94 37
91362 138 56 116 141 95 14 92 96 40 64 122 110 107 -1 128 111 0 55 23 21 77 4 82 75 97 93 112 70 79 101 33 113 60 124 42 11 24 51 88 130 120 109 3 125 72 39 121 22 9 135 44 62 57 52 136 98 76 -1 94 37
91362 138 56 116 141 95 14 92 96 40 64 122 110 107 -1 128 111 0 55 23 21 77 4 82 75 97 93 112 70 79 101 33 113 60 124 42 11 24 51 88 130 120 109 3 125 72 39 121 22 9 135 44 62 57 52 136 98 76 -1 94 37
91362 138 56 116 141 95 14 92 96 40 64 122 110 107 -1 128 111 0 55 23 21 77 4 82 75 97 93 112 70 79 101 33 113 60 124 42 11 24 51 88 130 120 109 3 125 72 39 121 22 9 135 44 62 57 52 136 98 76 -1 94 37
91371 121 56 116 141 95 14 92 130 40 110 122 124 107 -1 128 64 62 55 23 21 77 4 82 75 97 93 112 70 96 101 33 138 60 113 42 79 24 51 88 145 120 109 3 125 72 39 11 0 9 135 111 44 57 52 136 98 76 -1 94 37
91371 121 56 116 141 95 14 92 130 40 110 122 124 107 -1 128 64 62 55 23 21 77 4 82 75 97 93 112 70 96 101 33 138 60 113 42 79 24 51 88 145 120 109 3 125 72 39 11 0 9 135 111 44 57 52 136 98 76 -1 94 37
91371 121 56 116 141 95 14 92 130 40 110 122 124 107 -1 128 64 62 55 23 21 77 4 82 75 97 93 112 70 96 101 33 138 60 113 42 79 24 51 88 145 120 109 3 125 72 39 11 0 9 135 111 44 57 52 136 98 76 -1 94 37
91371 121 56 116 141 95 14 92 130 40 110 122 124 107 -1 128 64 62 55 23 21 77 4 82 75 97 93 112 70 96 101 33 138 60 113 42 79 24 51 88 145 120 109 3 125 72 39 11 0 9 135 111 44 57 52 136 98 76 -1 94 37
91371 121 56 116 141 95 14 92 130 40 110 122 124 107 -1 128 64 62 55 23 21 77 4 82 75 97 93 112 70 96 101 33 138 60 113 42 79 24 51 88 145 120 109 3 125 72 39 11 0 9 135 111 44 57 52 136 98 76 -1 94 37
