-2121 -1 -1 -1 -1 -1 -1 -1 -1 -1 -1 -1 -1 -1 -1 -1 -1 -1 -1 -1 -1 -1 -1 -1 -1 -1 -1 -1 -1 -1 -1 -1 -1 -1 -1 -1 -1 -1 -1 -1 -1 -1
-68 -1 -1 0 -1 -1 -1 -1 -1 -1 -1 -1 -1 -1 -1 -1 -1 -1 -1 -1 -1 -1 -1 -1 -1 -1 -1 -1 -1 -1 -1 -1 -1 -1 -1 -1 -1 -1 -1 -1 -1 -1
320 -1 -1 0 -1 -1 -1 -1 -1 -1 -1 -1 -1 -1 -1 -1 -1 -1 -1 -1 -1 -1 -1 -1 -1 -1 1 -1 -1 -1 -1 -1 -1 -1 -1 -1 -1 -1 -1 -1 -1 -1
2460 -1 -1 0 -1 -1 -1 -1 -1 -1 -1 -1 -1 -1 -1 -1 -1 -1 -1 2 -1 -1 -1 -1 -1 -1 1 -1 -1 -1 -1 -1 -1 -1 -1 -1 -1 -1 -1 -1 -1 -1
4152 -1 -1 0 -1 -1 -1 -1 -1 -1 -1 -1 -1 -1 -1 -1 -1 -1 -1 2 -1 -1 -1 -1 -1 -1 1 -1 -1 -1 -1 -1 -1 -1 -1 -1 -1 -1 -1 3 -1 -1
5812 -1 -1 0 -1 -1 -1 -1 -1 -1 -1 -1 -1 -1 -1 -1 -1 -1 -1 2 -1 -1 -1 -1 -1 -1 4 -1 -1 -1 -1 -1 -1 -1 -1 -1 -1 -1 -1 3 -1 1
7346 -1 -1 0 -1 -1 -1 5 -1 -1 -1 -1 -1 -1 -1 -1 -1 -1 -1 2 -1 -1 -1 -1 -1 -1 4 -1 -1 -1 -1 -1 -1 -1 -1 -1 -1 -1 -1 3 -1 1
9172 -1 -1 0 -1 -1 -1 5 -1 -1 -1 -1 -1 -1 -1 -1 -1 -1 3 2 -1 -1 -1 -1 -1 -1 4 -1 -1 -1 -1 -1 -1 -1 -1 -1 -1 -1 -1 1 -1 6
9542 -1 -1 7 -1 -1 1 5 -1 -1 -1 -1 -1 -1 -1 -1 -1 -1 0 2 -1 -1 -1 -1 -1 -1 4 -1 -1 -1 -1 -1 -1 -1 -1 -1 -1 -1 -1 3 -1 6
10383 -1 -1 7 -1 -1 1 5 -1 -1 -1 -1 -1 -1 -1 -1 -1 -1 0 2 -1 -1 -1 -1 -1 -1 8 -1 -1 -1 -1 -1 -1 -1 -1 -1 4 -1 -1 3 -1 6
11969 -1 -1 7 -1 -1 9 5 -1 -1 -1 -1 -1 -1 -1 -1 -1 -1 3 2 0 -1 -1 -1 -1 -1 8 -1 -1 -1 -1 -1 -1 -1 -1 -1 4 -1 -1 1 -1 6
13823 2 -1 7 -1 -1 9 5 -1 -1 -1 -1 -1 -1 -1 -1 -1 -1 3 10 0 -1 -1 -1 -1 -1 8 -1 -1 -1 -1 -1 -1 -1 -1 -1 4 -1 -1 1 -1 6
14480 2 -1 7 -1 -1 9 5 -1 -1 -1 -1 -1 -1 -1 -1 -1 -1 3 10 0 -1 -1 -1 -1 11 8 -1 -1 -1 -1 -1 -1 -1 -1 -1 4 -1 -1 1 -1 6
15429 2 -1 7 -1 -1 1 5 -1 -1 -1 -1 -1 -1 -1 -1 -1 -1 0 10 12 -1 -1 4 -1 3 8 -1 -1 -1 -1 -1 -1 -1 -1 -1 6 -1 -1 11 -1 9
17038 2 -1 13 -1 -1 1 5 -1 -1 -1 -1 -1 -1 -1 -1 -1 -1 0 10 12 -1 -1 4 -1 3 8 -1 -1 -1 -1 -1 -1 -1 -1 -1 6 -1 -1 11 -1 9
17936 2 -1 13 -1 -1 1 14 -1 -1 -1 -1 -1 -1 -1 -1 -1 -1 0 10 12 -1 -1 4 -1 3 8 -1 -1 5 -1 -1 -1 -1 -1 -1 6 -1 -1 11 -1 9
17936 2 -1 13 -1 -1 1 14 -1 -1 -1 -1 -1 -1 -1 -1 -1 -1 0 10 12 -1 -1 4 -1 3 8 -1 -1 5 -1 -1 -1 -1 -1 -1 6 -1 -1 11 -1 9
17946 2 -1 13 -1 -1 9 14 -1 -1 -1 -1 -1 -1 -1 -1 -1 -1 0 10 12 -1 -1 4 -1 3 8 -1 -1 5 -1 -1 -1 -1 -1 -1 6 -1 -1 11 -1 16
18606 2 -1 13 -1 -1 9 14 -1 -1 -1 -1 -1 -1 -1 -1 -1 -1 0 10 12 -1 -1 8 -1 3 17 -1 -1 5 -1 -1 -1 -1 -1 -1 4 -1 -1 11 -1 6
18606 2 -1 13 -1 -1 9 14 -1 -1 -1 -1 -1 -1 -1 -1 -1 -1 0 10 12 -1 -1 8 -1 3 17 -1 -1 5 -1 -1 -1 -1 -1 -1 4 -1 -1 11 -1 6
19765 19 -1 2 -1 -1 9 14 -1 -1 -1 -1 13 -1 -1 -1 -1 -1 0 10 12 -1 -1 8 -1 3 17 -1 -1 5 -1 -1 -1 -1 -1 -1 4 -1 -1 11 -1 6
19870 19 -1 2 -1 -1 9 14 -1 -1 -1 -1 20 -1 -1 -1 -1 -1 13 10 12 -1 -1 8 -1 3 17 -1 -1 5 -1 -1 -1 -1 -1 -1 4 -1 0 11 -1 6
19870 19 -1 2 -1 -1 9 14 -1 -1 -1 -1 20 -1 -1 -1 -1 -1 13 10 12 -1 -1 8 -1 3 17 -1 -1 5 -1 -1 -1 -1 -1 -1 4 -1 0 11 -1 6
20126 19 -1 2 -1 -1 9 14 -1 -1 -1 -1 20 -1 -1 -1 -1 -1 13 10 12 22 -1 8 -1 3 17 -1 -1 5 -1 -1 -1 -1 -1 -1 4 -1 0 11 -1 6
20363 19 -1 2 -1 -1 9 14 -1 -1 -1 -1 20 -1 -1 -1 -1 -1 13 10 12 22 -1 17 -1 3 23 -1 -1 5 -1 -1 -1 -1 -1 6 8 -1 0 11 -1 4
21506 19 -1 2 -1 -1 9 14 -1 -1 -1 -1 24 -1 3 -1 -1 -1 20 10 12 13 -1 17 -1 0 23 -1 -1 5 -1 -1 -1 -1 -1 6 8 -1 22 11 -1 4
21506 19 -1 2 -1 -1 9 14 -1 -1 -1 -1 24 -1 3 -1 -1 -1 20 10 12 13 -1 17 -1 0 23 -1 -1 5 -1 -1 -1 -1 -1 6 8 -1 22 11 -1 4
22943 10 -1 19 -1 -1 9 26 -1 -1 -1 -1 2 -1 3 -1 -1 -1 24 5 12 13 -1 17 -1 0 23 -1 -1 14 -1 -1 -1 -1 -1 6 8 -1 22 11 -1 4
22943 10 -1 19 -1 -1 9 26 -1 -1 -1 -1 2 -1 3 -1 -1 -1 24 5 12 13 -1 17 -1 0 23 -1 -1 14 -1 -1 -1 -1 -1 6 8 -1 22 11 -1 4
23303 10 -1 19 -1 -1 9 26 -1 -1 -1 -1 2 -1 3 -1 -1 -1 24 5 12 13 -1 17 -1 0 23 -1 -1 14 -1 -1 -1 -1 -1 6 8 28 22 11 -1 4
24402 10 -1 2 -1 -1 9 26 -1 -1 -1 -1 29 -1 3 -1 -1 -1 24 5 12 13 -1 17 -1 0 23 -1 -1 14 -1 -1 -1 -1 -1 6 8 28 22 11 19 4
24402 10 -1 2 -1 -1 9 26 -1 -1 -1 -1 29 -1 3 -1 -1 -1 24 5 12 13 -1 17 -1 0 23 -1 -1 14 -1 -1 -1 -1 -1 6 8 28 22 11 19 4
24934 10 -1 2 -1 -1 9 26 -1 -1 -1 -1 29 -1 3 -1 -1 31 24 5 12 13 -1 17 -1 0 23 -1 -1 14 -1 -1 -1 -1 -1 6 8 28 22 11 19 4
24934 10 -1 2 -1 -1 9 26 -1 -1 -1 -1 29 -1 3 -1 -1 31 24 5 12 13 -1 17 -1 0 23 -1 -1 14 -1 -1 -1 -1 -1 6 8 28 22 11 19 4
24934 10 -1 2 -1 -1 9 26 -1 -1 -1 -1 29 -1 3 -1 -1 31 24 5 12 13 -1 17 -1 0 23 -1 -1 14 -1 -1 -1 -1 -1 6 8 28 22 11 19 4
26105 10 -1 2 -1 -1 9 26 -1 -1 -1 -1 29 -1 11 -1 -1 31 24 5 12 13 -1 17 -1 3 23 -1 0 14 -1 -1 -1 -1 -1 6 8 28 22 34 19 4
27760 10 -1 35 -1 -1 9 26 -1 -1 -1 -1 29 -1 11 -1 -1 31 24 5 12 13 19 17 -1 3 23 -1 0 14 -1 -1 -1 -1 -1 6 8 28 22 34 2 4
27778 10 -1 35 -1 -1 36 26 -1 -1 -1 -1 29 -1 11 -1 -1 31 24 5 12 13 19 8 -1 3 23 -1 0 14 -1 -1 17 -1 -1 9 4 28 22 34 2 6
28864 10 -1 35 -1 -1 37 26 -1 -1 -1 -1 29 -1 11 -1 -1 31 24 5 12 13 19 8 -1 3 23 -1 0 14 -1 -1 17 -1 -1 9 4 28 22 34 2 6
29985 10 -1 35 -1 -1 37 26 -1 -1 -1 -1 29 -1 11 -1 38 31 24 5 12 13 19 8 -1 3 23 -1 0 14 -1 -1 17 -1 -1 9 4 28 22 34 2 6
30426 10 -1 35 -1 -1 37 26 -1 -1 -1 -1 29 -1 11 39 38 31 24 5 12 13 19 8 -1 3 23 -1 0 14 -1 -1 17 -1 -1 9 4 28 22 34 2 6
30782 10 -1 35 -1 -1 37 26 -1 38 -1 -1 29 -1 3 39 34 31 24 5 12 13 19 8 -1 40 23 -1 0 14 -1 -1 17 -1 -1 9 4 28 22 11 2 6
31050 10 -1 35 -1 -1 37 26 -1 38 -1 -1 29 -1 3 39 34 31 24 5 12 13 19 41 -1 40 23 -1 0 14 -1 -1 17 -1 -1 9 4 28 22 11 2 6
31050 10 -1 35 -1 -1 37 26 -1 38 -1 -1 29 -1 3 39 34 31 24 5 12 13 19 41 -1 40 23 -1 0 14 -1 -1 17 -1 -1 9 4 28 22 11 2 6
31978 10 -1 35 -1 -1 9 26 -1 37 -1 -1 29 -1 11 39 38 31 24 5 12 13 19 41 -1 3 23 -1 40 14 -1 -1 17 -1 -1 43 4 28 0 34 2 6
32698 10 -1 35 -1 -1 9 26 -1 38 -1 -1 29 -1 3 39 34 31 24 5 12 13 19 41 -1 40 23 -1 44 14 -1 37 17 -1 -1 43 4 28 0 11 2 6
32698 10 -1 35 -1 -1 9 26 -1 38 -1 -1 29 -1 3 39 34 31 24 5 12 13 19 41 -1 40 23 -1 44 14 -1 37 17 -1 -1 43 4 28 0 11 2 6
34532 10 -1 35 -1 -1 9 26 -1 38 -1 -1 29 -1 3 39 34 31 24 5 12 13 19 41 -1 40 46 -1 44 14 -1 37 17 -1 -1 43 4 28 0 11 2 6
34797 10 -1 35 -1 -1 9 26 -1 38 -1 -1 29 -1 3 39 34 31 24 5 12 13 19 41 -1 40 46 -1 44 14 -1 47 17 37 -1 43 4 28 0 11 2 6
35477 10 -1 35 -1 -1 9 26 -1 38 -1 -1 29 -1 3 39 34 31 24 5 12 13 19 41 48 40 46 -1 44 14 -1 47 17 37 -1 43 4 28 0 11 2 6
36726 10 -1 35 -1 -1 9 26 -1 38 -1 -1 29 -1 3 39 34 31 24 5 12 13 19 49 48 40 46 -1 44 14 -1 47 41 37 -1 43 4 28 0 11 2 6
36726 10 -1 35 -1 -1 9 26 -1 38 -1 -1 29 -1 3 39 34 31 24 5 12 13 19 49 48 40 46 -1 44 14 -1 47 41 37 -1 43 4 28 0 11 2 6
36726 10 -1 35 -1 -1 9 26 -1 38 -1 -1 29 -1 3 39 34 31 24 5 12 13 19 49 48 40 46 -1 44 14 -1 47 41 37 -1 43 4 28 0 11 2 6
37666 10 -1 35 -1 -1 9 26 -1 38 -1 -1 29 -1 3 39 34 31 24 5 12 13 19 49 48 40 46 -1 44 14 -1 47 41 37 6 43 52 28 0 11 2 4
37666 10 -1 35 -1 -1 9 26 -1 38 -1 -1 29 -1 3 39 34 31 24 5 12 13 19 49 48 40 46 -1 44 14 -1 47 41 37 6 43 52 28 0 11 2 4
38516 10 -1 35 -1 -1 9 26 -1 38 -1 -1 29 -1 3 39 54 31 24 5 12 13 19 49 48 40 46 -1 44 14 -1 47 41 37 6 43 52 28 0 34 2 4
38516 10 -1 35 -1 -1 9 26 -1 38 -1 -1 29 -1 3 39 54 31 24 5 12 13 19 49 48 40 46 -1 44 14 -1 47 41 37 6 43 52 28 0 34 2 4
39139 10 -1 35 -1 -1 9 26 -1 38 -1 -1 29 -1 3 39 54 31 24 5 12 13 19 49 48 40 56 -1 44 14 46 47 41 37 6 43 52 28 0 34 2 4
39139 10 -1 35 -1 -1 9 26 -1 38 -1 -1 29 -1 3 39 54 31 24 5 12 13 19 49 48 40 56 -1 44 14 46 47 41 37 6 43 52 28 0 34 2 4
39139 10 -1 35 -1 -1 9 26 -1 38 -1 -1 29 -1 3 39 54 31 24 5 12 13 19 49 48 40 56 -1 44 14 46 47 41 37 6 43 52 28 0 34 2 4
40255 10 -1 29 -1 -1 9 26 -1 38 -1 -1 24 -1 3 0 54 31 13 5 35 39 19 49 48 40 56 -1 44 14 46 47 41 37 6 43 52 28 59 34 2 4
40255 10 -1 29 -1 -1 9 26 -1 38 -1 -1 24 -1 3 0 54 31 13 5 35 39 19 49 48 40 56 -1 44 14 46 47 41 37 6 43 52 28 59 34 2 4
40443 10 -1 29 -1 -1 9 26 -1 38 -1 -1 24 -1 3 0 54 31 13 5 35 39 19 49 48 40 61 -1 44 14 46 47 56 37 6 43 52 28 59 34 2 4
40443 10 -1 29 -1 -1 9 26 -1 38 -1 -1 24 -1 3 0 54 31 13 5 35 39 19 49 48 40 61 -1 44 14 46 47 56 37 6 43 52 28 59 34 2 4
41262 10 -1 29 -1 -1 9 26 -1 38 -1 -1 24 -1 3 0 54 31 13 5 35 39 19 49 48 40 61 -1 44 14 46 63 56 37 6 43 52 28 59 34 2 4
43032 5 -1 35 -1 -1 9 26 -1 38 -1 -1 29 -1 3 0 54 31 24 14 2 13 10 49 48 40 61 39 44 64 46 63 56 37 6 43 52 28 59 34 19 4
43032 5 -1 35 -1 -1 9 26 -1 38 -1 -1 29 -1 3 0 54 31 24 14 2 13 10 49 48 40 61 39 44 64 46 63 56 37 6 43 52 28 59 34 19 4
44117 5 -1 35 -1 61 9 26 -1 38 -1 -1 29 -1 3 0 54 31 24 14 2 13 10 49 48 40 56 39 44 64 46 63 66 37 6 43 52 28 59 34 19 4
45428 5 -1 35 -1 67 9 26 -1 38 -1 43 29 -1 3 0 54 31 24 14 2 13 10 66 48 40 61 39 44 64 46 63 56 37 4 6 49 28 59 34 19 52
45428 5 -1 35 -1 67 9 26 -1 38 -1 43 29 -1 3 0 54 31 24 14 2 13 10 66 48 40 61 39 44 64 46 63 56 37 4 6 49 28 59 34 19 52
45658 5 -1 35 -1 67 9 26 -1 38 -1 43 29 -1 3 0 54 31 24 14 2 13 10 66 48 69 61 39 44 64 46 63 56 37 4 6 49 28 59 34 19 52
45939 10 -1 29 -1 67 9 26 -1 38 -1 43 24 -1 3 59 54 31 13 5 35 39 19 66 48 70 61 0 44 64 46 63 56 37 4 6 49 28 69 34 2 52
45939 10 -1 29 -1 67 9 26 -1 38 -1 43 24 -1 3 59 54 31 13 5 35 39 19 66 48 70 61 0 44 64 46 63 56 37 4 6 49 28 69 34 2 52
45939 10 -1 29 -1 67 9 26 -1 38 -1 43 24 -1 3 59 54 31 13 5 35 39 19 66 48 70 61 0 44 64 46 63 56 37 4 6 49 28 69 34 2 52
45939 10 -1 29 -1 67 9 26 -1 38 -1 43 24 -1 3 59 54 31 13 5 35 39 19 66 48 70 61 0 44 64 46 63 56 37 4 6 49 28 69 34 2 52
45939 10 -1 29 -1 67 9 26 -1 38 -1 43 24 -1 3 59 54 31 13 5 35 39 19 66 48 70 61 0 44 64 46 63 56 37 4 6 49 28 69 34 2 52
45939 10 -1 29 -1 67 9 26 -1 38 -1 43 24 -1 3 59 54 31 13 5 35 39 19 66 48 70 61 0 44 64 46 63 56 37 4 6 49 28 69 34 2 52
45939 10 -1 29 -1 67 9 26 -1 38 -1 43 24 -1 3 59 54 31 13 5 35 39 19 66 48 70 61 0 44 64 46 63 56 37 4 6 49 28 69 34 2 52
45939 10 -1 29 -1 67 9 26 -1 38 -1 43 24 -1 3 59 54 31 13 5 35 39 19 66 48 70 61 0 44 64 46 63 56 37 4 6 49 28 69 34 2 52
45939 10 -1 29 -1 67 9 26 -1 38 -1 43 24 -1 3 59 54 31 13 5 35 39 19 66 48 70 61 0 44 64 46 63 56 37 4 6 49 28 69 34 2 52
45939 10 -1 29 -1 67 9 26 -1 38 -1 43 24 -1 3 59 54 31 13 5 35 39 19 66 48 70 61 0 44 64 46 63 56 37 4 6 49 28 69 34 2 52
45939 10 -1 29 -1 67 9 26 -1 38 -1 43 24 -1 3 59 54 31 13 5 35 39 19 66 48 70 61 0 44 64 46 63 56 37 4 6 49 28 69 34 2 52
46293 10 -1 29 -1 67 9 26 -1 38 -1 43 24 -1 3 59 54 31 13 5 35 39 19 49 48 70 56 0 44 64 46 63 66 37 4 6 52 28 69 34 2 81
46293 10 -1 29 -1 67 9 26 -1 38 -1 43 24 -1 3 59 54 31 13 5 35 39 19 49 48 70 56 0 44 64 46 63 66 37 4 6 52 28 69 34 2 81
46293 10 -1 29 -1 67 9 26 -1 38 -1 43 24 -1 3 59 54 31 13 5 35 39 19 49 48 70 56 0 44 64 46 63 66 37 4 6 52 28 69 34 2 81
46293 10 -1 29 -1 67 9 26 -1 38 -1 43 24 -1 3 59 54 31 13 5 35 39 19 49 48 70 56 0 44 64 46 63 66 37 4 6 52 28 69 34 2 81
47023 10 -1 85 -1 67 9 26 3 38 -1 43 29 -1 70 0 54 31 24 5 35 13 19 49 48 69 56 39 44 64 46 63 66 37 4 6 52 28 59 34 2 81
47743 10 -1 85 -1 67 9 26 3 38 -1 43 29 -1 70 59 54 31 24 5 35 13 19 49 48 69 56 0 44 64 46 63 66 37 4 6 52 28 86 34 2 81
49022 10 -1 85 -1 67 9 26 3 38 -1 43 29 81 70 59 54 31 24 5 35 13 19 66 48 69 87 0 44 64 46 63 56 37 4 6 49 28 86 34 2 52
49022 10 -1 85 -1 67 9 26 3 38 -1 43 29 81 70 59 54 31 24 5 35 13 19 66 48 69 87 0 44 64 46 63 56 37 4 6 49 28 86 34 2 52
49022 10 -1 85 -1 67 9 26 3 38 -1 43 29 81 70 59 54 31 24 5 35 13 19 66 48 69 87 0 44 64 46 63 56 37 4 6 49 28 86 34 2 52
49022 10 -1 85 -1 67 9 26 3 38 -1 43 29 81 70 59 54 31 24 5 35 13 19 66 48 69 87 0 44 64 46 63 56 37 4 6 49 28 86 34 2 52
49510 19 -1 29 -1 67 43 26 34 63 -1 91 24 81 3 86 38 31 13 10 85 0 2 66 48 70 87 59 44 64 46 37 56 9 4 6 49 28 69 54 35 52
49637 19 -1 29 -1 67 43 26 34 63 -1 91 24 81 3 86 38 31 13 10 85 0 2 66 48 92 87 59 44 64 46 37 56 9 4 6 49 28 70 54 35 52
49637 19 -1 29 -1 67 43 26 34 63 -1 91 24 81 3 86 38 31 13 10 85 0 2 66 48 92 87 59 44 64 46 37 56 9 4 6 49 28 70 54 35 52
49637 19 -1 29 -1 67 43 26 34 63 -1 91 24 81 3 86 38 31 13 10 85 0 2 66 48 92 87 59 44 64 46 37 56 9 4 6 49 28 70 54 35 52
