-6995 -1 -1 -1 -1 -1 -1 -1 -1 -1 -1 -1 -1 -1 -1 -1 -1 -1 -1 -1 -1 -1 -1 -1 -1 -1 -1 -1 -1 -1 -1 -1 -1 -1 -1 -1 -1 -1 -1 -1 -1 -1 -1 -1 -1 -1 -1 -1 -1 -1 -1 -1 -1 -1 -1 -1 -1 -1 -1 -1 -1
-4350 0 -1 -1 -1 -1 -1 -1 -1 -1 -1 -1 -1 -1 -1 -1 -1 -1 -1 -1 -1 -1 -1 -1 -1 -1 -1 -1 -1 -1 -1 -1 -1 -1 -1 -1 -1 -1 -1 -1 -1 -1 -1 -1 -1 -1 -1 -1 -1 -1 -1 -1 -1 -1 -1 -1 -1 -1 -1 -1 -1
-1403 0 -1 -1 -1 -1 -1 -1 -1 -1 -1 -1 -1 -1 -1 -1 -1 -1 -1 -1 -1 -1 -1 -1 -1 -1 -1 -1 -1 -1 -1 -1 -1 -1 -1 -1 -1 -1 -1 -1 -1 1 -1 -1 -1 -1 -1 -1 -1 -1 -1 -1 -1 -1 -1 -1 -1 -1 -1 -1 -1
1091 2 -1 -1 -1 -1 -1 -1 -1 -1 -1 -1 -1 -1 -1 -1 -1 -1 -1 -1 -1 -1 -1 -1 -1 -1 -1 -1 -1 -1 -1 -1 -1 -1 -1 -1 -1 -1 -1 -1 -1 1 -1 -1 -1 -1 0 -1 -1 -1 -1 -1 -1 -1 -1 -1 -1 -1 -1 -1 -1
3276 2 -1 -1 3 -1 -1 -1 -1 -1 -1 -1 -1 -1 -1 -1 -1 -1 -1 -1 -1 -1 -1 -1 -1 -1 -1 -1 -1 -1 -1 -1 -1 -1 -1 -1 -1 -1 -1 -1 -1 1 -1 -1 -1 -1 0 -1 -1 -1 -1 -1 -1 -1 -1 -1 -1 -1 -1 -1 -1
3353 2 -1 4 3 -1 -1 -1 -1 -1 -1 -1 -1 -1 -1 -1 -1 -1 -1 -1 -1 -1 -1 -1 -1 -1 -1 -1 -1 -1 -1 -1 -1 -1 -1 -1 -1 -1 -1 -1 -1 1 -1 -1 -1 -1 0 -1 -1 -1 -1 -1 -1 -1 -1 -1 -1 -1 -1 -1 -1
3353 2 -1 4 3 -1 -1 -1 -1 -1 -1 -1 -1 -1 -1 -1 -1 -1 -1 -1 -1 -1 -1 -1 -1 -1 -1 -1 -1 -1 -1 -1 -1 -1 -1 -1 -1 -1 -1 -1 -1 1 -1 -1 -1 -1 0 -1 -1 -1 -1 -1 -1 -1 -1 -1 -1 -1 -1 -1 -1
6066 2 -1 4 3 -1 -1 -1 -1 -1 -1 -1 -1 -1 -1 -1 -1 -1 -1 1 -1 -1 -1 -1 -1 -1 -1 -1 -1 -1 -1 -1 -1 -1 -1 -1 -1 -1 -1 -1 -1 6 -1 -1 -1 -1 0 -1 -1 -1 -1 -1 -1 -1 -1 -1 -1 -1 -1 -1 -1
7670 2 -1 4 3 -1 -1 -1 -1 -1 -1 -1 -1 -1 -1 -1 -1 -1 -1 1 -1 -1 -1 -1 -1 -1 -1 -1 -1 -1 -1 -1 -1 -1 -1 -1 -1 -1 -1 -1 -1 6 -1 -1 -1 -1 0 -1 -1 -1 -1 -1 -1 7 -1 -1 -1 -1 -1 -1 -1
8678 2 -1 4 3 -1 -1 -1 -1 -1 -1 -1 -1 -1 -1 -1 -1 -1 -1 1 -1 -1 -1 -1 -1 -1 -1 -1 -1 -1 -1 -1 -1 -1 -1 -1 -1 -1 -1 -1 -1 6 -1 -1 -1 -1 0 -1 -1 -1 -1 -1 -1 7 -1 -1 -1 -1 -1 -1 8
9785 2 -1 4 3 -1 -1 -1 -1 -1 -1 -1 -1 -1 -1 -1 -1 -1 -1 7 -1 -1 -1 -1 -1 -1 -1 -1 -1 -1 -1 -1 -1 -1 -1 -1 -1 -1 -1 -1 -1 1 -1 6 -1 -1 0 -1 -1 -1 -1 -1 -1 9 -1 -1 -1 -1 -1 -1 8
12649 10 -1 4 2 -1 -1 -1 -1 -1 -1 -1 -1 -1 -1 -1 -1 -1 -1 7 -1 -1 -1 -1 -1 -1 -1 -1 -1 -1 -1 -1 3 -1 -1 -1 -1 -1 -1 -1 -1 1 -1 6 -1 -1 0 -1 -1 -1 -1 -1 -1 9 -1 -1 -1 -1 -1 -1 8
13004 10 -1 4 2 -1 -1 -1 -1 -1 -1 -1 -1 -1 -1 -1 -1 -1 -1 7 -1 -1 -1 -1 -1 -1 -1 -1 -1 -1 -1 -1 3 -1 -1 -1 -1 -1 -1 -1 -1 1 -1 6 -1 -1 0 -1 -1 -1 -1 -1 -1 9 -1 -1 -1 -1 11 -1 8
13004 10 -1 4 2 -1 -1 -1 -1 -1 -1 -1 -1 -1 -1 -1 -1 -1 -1 7 -1 -1 -1 -1 -1 -1 -1 -1 -1 -1 -1 -1 3 -1 -1 -1 -1 -1 -1 -1 -1 1 -1 6 -1 -1 0 -1 -1 -1 -1 -1 -1 9 -1 -1 -1 -1 11 -1 8
13940 10 -1 4 2 -1 -1 -1 -1 -1 -1 -1 -1 -1 -1 -1 -1 -1 -1 7 -1 -1 -1 -1 -1 -1 -1 -1 -1 -1 -1 -1 3 -1 -1 -1 13 -1 -1 -1 -1 1 -1 6 -1 -1 0 -1 -1 -1 -1 -1 -1 9 -1 -1 -1 -1 11 -1 8
15962 10 -1 4 2 -1 -1 -1 -1 -1 -1 -1 -1 -1 -1 -1 -1 -1 -1 7 -1 -1 -1 -1 -1 -1 -1 -1 -1 -1 -1 13 3 -1 -1 -1 14 -1 -1 -1 -1 1 -1 6 -1 -1 0 -1 -1 -1 -1 -1 -1 9 -1 -1 -1 -1 11 -1 8
16232 10 -1 4 2 -1 -1 -1 -1 -1 -1 -1 -1 -1 -1 -1 -1 -1 -1 7 -1 -1 -1 -1 -1 -1 -1 -1 -1 -1 -1 13 3 -1 -1 15 14 -1 -1 -1 -1 1 -1 6 -1 -1 0 -1 -1 -1 -1 -1 -1 9 -1 -1 -1 -1 11 -1 8
16550 10 -1 4 2 -1 -1 -1 -1 -1 -1 -1 -1 -1 -1 0 -1 -1 -1 7 -1 -1 -1 -1 -1 -1 -1 -1 -1 -1 -1 13 3 -1 -1 15 14 -1 -1 -1 -1 1 -1 6 -1 -1 16 -1 -1 -1 -1 -1 -1 9 -1 -1 -1 -1 11 -1 8
17632 10 -1 4 2 -1 -1 -1 -1 -1 -1 -1 -1 -1 -1 0 -1 -1 -1 7 -1 -1 -1 -1 -1 -1 -1 -1 -1 -1 -1 13 3 17 -1 15 14 -1 -1 -1 -1 1 -1 6 -1 -1 16 -1 -1 -1 -1 -1 -1 9 -1 -1 -1 -1 11 -1 8
19527 10 -1 4 2 -1 -1 -1 -1 -1 -1 -1 -1 -1 -1 0 -1 -1 -1 1 -1 -1 -1 -1 -1 -1 -1 -1 -1 -1 -1 13 3 17 -1 15 14 -1 -1 -1 -1 18 -1 6 -1 -1 16 9 -1 -1 -1 -1 -1 7 -1 -1 -1 -1 11 -1 8
20521 10 -1 4 2 -1 -1 3 -1 -1 -1 -1 -1 -1 -1 0 -1 -1 -1 1 -1 -1 -1 -1 -1 -1 -1 -1 -1 -1 -1 13 15 17 -1 19 14 -1 -1 -1 -1 18 -1 6 -1 -1 16 9 -1 -1 -1 -1 -1 7 -1 -1 -1 -1 11 -1 8
21364 10 -1 4 2 -1 -1 3 -1 -1 -1 -1 -1 -1 -1 0 -1 -1 -1 7 -1 -1 -1 -1 -1 -1 -1 -1 -1 -1 -1 13 15 17 -1 19 14 -1 -1 -1 -1 18 -1 6 -1 -1 16 20 -1 -1 -1 -1 -1 9 1 -1 -1 -1 11 -1 8
21585 2 -1 4 14 -1 -1 21 -1 -1 -1 -1 -1 -1 -1 0 -1 -1 -1 7 -1 -1 -1 -1 -1 -1 -1 -1 -1 -1 -1 3 15 17 -1 19 13 -1 -1 -1 -1 18 -1 6 -1 -1 16 20 -1 -1 -1 -1 -1 9 1 -1 10 -1 11 -1 8
21585 2 -1 4 14 -1 -1 21 -1 -1 -1 -1 -1 -1 -1 0 -1 -1 -1 7 -1 -1 -1 -1 -1 -1 -1 -1 -1 -1 -1 3 15 17 -1 19 13 -1 -1 -1 -1 18 -1 6 -1 -1 16 20 -1 -1 -1 -1 -1 9 1 -1 10 -1 11 -1 8
22081 2 -1 4 14 -1 -1 21 -1 -1 23 -1 -1 -1 -1 0 -1 -1 -1 7 -1 -1 -1 -1 -1 -1 -1 -1 -1 -1 -1 3 15 17 -1 19 13 -1 -1 -1 -1 18 -1 6 -1 -1 16 20 -1 -1 -1 -1 -1 9 1 -1 10 -1 11 -1 8
23377 2 -1 4 14 -1 -1 21 -1 -1 23 -1 -1 -1 -1 0 -1 -1 -1 7 -1 -1 -1 -1 -1 -1 -1 -1 -1 -1 -1 3 15 17 -1 19 13 -1 24 -1 -1 18 -1 6 -1 -1 16 20 -1 -1 -1 -1 -1 9 1 -1 10 -1 11 -1 8
24426 2 -1 4 14 -1 -1 21 -1 -1 23 -1 -1 -1 -1 0 -1 -1 -1 7 -1 -1 15 -1 -1 -1 -1 -1 -1 -1 -1 3 19 17 -1 25 13 -1 24 -1 -1 18 -1 6 -1 -1 16 20 -1 -1 -1 -1 -1 9 1 -1 10 -1 11 -1 8
26177 2 -1 4 14 -1 -1 21 -1 -1 23 -1 -1 -1 -1 0 -1 -1 -1 7 -1 -1 15 -1 -1 -1 -1 -1 -1 -1 -1 3 19 17 -1 25 13 -1 26 -1 -1 24 -1 6 -1 -1 16 20 -1 -1 -1 -1 -1 9 1 -1 10 -1 18 -1 8
26289 2 -1 4 14 -1 -1 21 -1 -1 23 -1 -1 -1 -1 0 -1 -1 -1 7 -1 -1 15 -1 -1 -1 -1 -1 -1 -1 17 3 19 27 -1 25 13 -1 26 -1 -1 24 -1 6 -1 -1 16 20 -1 -1 -1 -1 -1 9 1 -1 10 -1 18 -1 8
26317 2 -1 4 14 -1 -1 15 -1 -1 23 -1 -1 -1 -1 0 -1 13 -1 7 -1 -1 19 -1 -1 -1 -1 -1 -1 -1 17 21 28 27 -1 25 3 -1 26 -1 -1 24 -1 6 -1 -1 16 20 -1 -1 -1 -1 -1 9 1 -1 10 -1 18 -1 8
26317 2 -1 4 14 -1 -1 15 -1 -1 23 -1 -1 -1 -1 0 -1 13 -1 7 -1 -1 19 -1 -1 -1 -1 -1 -1 -1 17 21 28 27 -1 25 3 -1 26 -1 -1 24 -1 6 -1 -1 16 20 -1 -1 -1 -1 -1 9 1 -1 10 -1 18 -1 8
27173 2 -1 4 14 -1 -1 15 -1 -1 23 -1 -1 -1 -1 0 -1 13 -1 7 -1 -1 30 -1 -1 -1 -1 -1 -1 -1 17 21 19 27 -1 25 3 -1 26 -1 -1 24 -1 6 -1 -1 16 20 -1 -1 -1 -1 -1 9 1 -1 10 -1 18 -1 8
29328 2 -1 4 14 -1 20 15 -1 -1 23 -1 -1 -1 -1 0 -1 13 -1 1 -1 -1 30 -1 -1 -1 -1 -1 -1 -1 17 21 19 27 -1 25 3 -1 26 -1 -1 24 -1 6 -1 -1 16 9 -1 -1 -1 -1 -1 7 31 -1 10 -1 18 -1 8
29328 2 -1 4 14 -1 20 15 -1 -1 23 -1 -1 -1 -1 0 -1 13 -1 1 -1 -1 30 -1 -1 -1 -1 -1 -1 -1 17 21 19 27 -1 25 3 -1 26 -1 -1 24 -1 6 -1 -1 16 9 -1 -1 -1 -1 -1 7 31 -1 10 -1 18 -1 8
29328 2 -1 4 14 -1 20 15 -1 -1 23 -1 -1 -1 -1 0 -1 13 -1 1 -1 -1 30 -1 -1 -1 -1 -1 -1 -1 17 21 19 27 -1 25 3 -1 26 -1 -1 24 -1 6 -1 -1 16 9 -1 -1 -1 -1 -1 7 31 -1 10 -1 18 -1 8
31218 2 -1 4 14 -1 20 15 -1 -1 23 -1 -1 -1 -1 34 -1 13 -1 1 -1 -1 30 -1 -1 -1 -1 -1 -1 -1 17 21 19 27 -1 25 3 -1 26 -1 -1 24 -1 6 -1 -1 16 9 -1 0 -1 -1 -1 7 31 -1 10 -1 18 -1 8
32831 2 -1 4 14 -1 20 21 -1 -1 23 -1 -1 -1 -1 34 -1 13 -1 1 -1 -1 30 -1 -1 -1 -1 -1 -1 -1 17 35 19 27 -1 25 3 -1 26 -1 -1 24 -1 6 -1 -1 16 9 -1 0 -1 -1 -1 7 31 -1 10 -1 18 -1 8
32831 2 -1 4 14 -1 20 21 -1 -1 23 -1 -1 -1 -1 34 -1 13 -1 1 -1 -1 30 -1 -1 -1 -1 -1 -1 -1 17 35 19 27 -1 25 3 -1 26 -1 -1 24 -1 6 -1 -1 16 9 -1 0 -1 -1 -1 7 31 -1 10 -1 18 -1 8
33315 2 -1 4 14 -1 20 35 -1 -1 23 -1 -1 -1 -1 34 -1 37 -1 1 -1 17 21 -1 -1 -1 -1 -1 -1 -1 25 3 30 27 -1 19 13 -1 26 -1 -1 24 -1 6 -1 -1 16 9 -1 0 -1 -1 -1 7 31 -1 10 -1 18 -1 8
34519 2 -1 4 14 -1 20 35 -1 -1 23 -1 -1 -1 -1 34 -1 37 -1 1 -1 38 30 -1 -1 -1 -1 -1 -1 -1 17 3 19 27 -1 25 13 -1 26 -1 -1 24 -1 6 -1 -1 16 9 -1 0 -1 -1 -1 7 31 -1 10 -1 18 -1 8
36099 2 -1 4 14 -1 20 35 -1 -1 23 -1 -1 -1 -1 34 -1 37 -1 1 -1 38 30 -1 -1 -1 -1 -1 -1 -1 17 3 19 39 -1 25 13 -1 26 -1 -1 24 -1 6 -1 -1 16 9 -1 0 -1 -1 -1 7 31 -1 10 -1 18 -1 8
37406 2 -1 4 14 -1 20 40 -1 -1 23 -1 -1 -1 -1 34 -1 37 -1 1 -1 38 35 -1 -1 -1 -1 -1 -1 -1 17 3 30 39 -1 25 13 -1 26 -1 -1 24 -1 6 -1 -1 16 9 -1 0 19 -1 -1 7 31 -1 10 -1 18 -1 8
37406 2 -1 4 14 -1 20 40 -1 -1 23 -1 -1 -1 -1 34 -1 37 -1 1 -1 38 35 -1 -1 -1 -1 -1 -1 -1 17 3 30 39 -1 25 13 -1 26 -1 -1 24 -1 6 -1 -1 16 9 -1 0 19 -1 -1 7 31 -1 10 -1 18 -1 8
38232 2 -1 4 14 -1 20 40 -1 -1 23 -1 -1 -1 -1 34 -1 37 -1 1 -1 17 35 -1 -1 -1 -1 -1 -1 -1 25 3 30 39 -1 42 13 -1 26 -1 -1 24 -1 6 -1 -1 16 9 -1 0 19 38 -1 7 31 -1 10 -1 18 -1 8
38232 2 -1 4 14 -1 20 40 -1 -1 23 -1 -1 -1 -1 34 -1 37 -1 1 -1 17 35 -1 -1 -1 -1 -1 -1 -1 25 3 30 39 -1 42 13 -1 26 -1 -1 24 -1 6 -1 -1 16 9 -1 0 19 38 -1 7 31 -1 10 -1 18 -1 8
39760 2 -1 4 14 -1 20 40 -1 -1 23 -1 -1 -1 -1 34 -1 37 -1 1 -1 17 35 -1 -1 -1 -1 44 -1 -1 25 3 30 39 -1 42 13 -1 26 -1 -1 24 -1 6 -1 -1 16 9 -1 0 19 38 -1 7 31 -1 10 -1 18 -1 8
40961 2 -1 4 14 -1 20 40 -1 -1 23 -1 -1 -1 -1 34 -1 37 -1 1 -1 17 35 -1 -1 -1 -1 44 -1 -1 25 3 30 39 45 42 13 -1 26 -1 -1 24 -1 6 -1 -1 16 9 -1 0 19 38 -1 7 31 -1 10 -1 18 -1 8
42415 2 -1 4 14 -1 20 40 -1 -1 23 -1 -1 -1 -1 46 -1 37 -1 1 -1 17 35 -1 -1 -1 -1 44 -1 -1 25 3 30 39 45 42 13 -1 26 -1 -1 24 -1 6 -1 -1 34 9 -1 0 19 38 -1 7 31 -1 10 -1 18 -1 8
42457 2 -1 4 14 -1 20 40 -1 -1 23 -1 -1 -1 -1 46 -1 37 -1 1 -1 17 35 -1 -1 -1 -1 44 -1 -1 25 3 30 39 45 42 13 47 26 -1 -1 24 -1 6 -1 -1 34 9 -1 0 19 38 -1 7 31 -1 10 -1 18 -1 8
43270 2 37 4 14 -1 20 35 -1 -1 23 -1 -1 -1 -1 46 -1 13 -1 1 -1 17 30 -1 -1 -1 -1 44 -1 -1 25 40 48 39 45 42 3 47 26 -1 -1 24 -1 6 -1 -1 34 9 -1 0 19 38 -1 7 31 -1 10 -1 18 -1 8
43557 2 37 4 14 -1 9 35 -1 -1 23 -1 -1 -1 -1 46 -1 13 -1 31 -1 44 30 -1 -1 -1 -1 49 -1 -1 25 40 48 38 45 42 3 47 24 -1 -1 18 -1 39 -1 -1 34 7 -1 0 19 17 -1 1 26 -1 10 -1 6 20 8
43810 2 37 4 14 -1 9 50 -1 -1 23 -1 -1 -1 -1 46 -1 13 -1 31 -1 44 35 -1 -1 -1 -1 49 -1 -1 25 40 30 38 19 45 3 47 24 -1 -1 18 -1 39 42 -1 34 7 -1 0 48 17 -1 1 26 -1 10 -1 6 20 8
45872 10 14 4 2 -1 9 50 -1 -1 23 -1 -1 45 -1 51 -1 37 -1 31 -1 44 40 -1 -1 -1 -1 49 -1 -1 25 3 35 38 48 19 13 47 24 -1 -1 18 -1 39 42 -1 34 7 -1 0 30 17 -1 1 26 -1 46 -1 6 20 8
45872 10 14 4 2 -1 9 50 -1 -1 23 -1 -1 45 -1 51 -1 37 -1 31 -1 44 40 -1 -1 -1 -1 49 -1 -1 25 3 35 38 48 19 13 47 24 -1 -1 18 -1 39 42 -1 34 7 -1 0 30 17 -1 1 26 -1 46 -1 6 20 8
45872 10 14 4 2 -1 9 50 -1 -1 23 -1 -1 45 -1 51 -1 37 -1 31 -1 44 40 -1 -1 -1 -1 49 -1 -1 25 3 35 38 48 19 13 47 24 -1 -1 18 -1 39 42 -1 34 7 -1 0 30 17 -1 1 26 -1 46 -1 6 20 8
46566 2 37 4 14 -1 9 50 -1 -1 23 -1 -1 42 -1 46 51 13 -1 31 -1 44 35 -1 -1 -1 -1 49 -1 -1 54 40 30 38 19 45 3 47 24 -1 -1 18 -1 39 25 -1 34 7 -1 0 48 17 -1 1 26 -1 10 -1 6 20 8
46985 2 37 4 14 39 9 50 -1 -1 23 -1 -1 42 -1 46 51 13 -1 31 -1 44 35 -1 -1 -1 -1 49 -1 -1 54 40 30 38 19 45 3 47 24 -1 -1 18 -1 6 25 -1 34 7 -1 0 48 17 -1 1 26 -1 10 -1 55 20 8
48225 2 37 4 14 56 9 50 -1 -1 23 -1 -1 42 -1 46 51 13 -1 31 -1 17 35 -1 -1 -1 -1 44 -1 -1 49 40 30 39 19 45 3 47 24 -1 -1 18 -1 6 54 -1 34 7 -1 0 48 38 -1 1 26 25 10 -1 55 20 8
49536 14 13 4 37 56 9 50 -1 -1 23 -1 -1 42 0 10 46 3 -1 31 -1 17 30 -1 -1 -1 -1 44 -1 -1 49 35 48 39 19 45 40 47 24 -1 -1 18 -1 6 54 -1 51 7 -1 34 57 38 -1 1 26 25 2 -1 55 20 8
49705 14 3 4 13 56 9 50 -1 -1 23 -1 -1 42 0 10 46 40 -1 31 -1 17 48 -1 -1 -1 -1 44 -1 -1 49 30 57 39 45 58 35 47 24 -1 -1 18 -1 6 54 -1 51 7 -1 34 19 38 -1 1 26 25 2 -1 55 20 8
50351 14 3 4 13 56 9 50 -1 -1 23 -1 -1 42 0 10 46 40 -1 31 -1 17 48 -1 -1 -1 -1 44 -1 -1 54 30 57 39 45 58 35 47 24 -1 -1 18 -1 6 59 -1 51 7 -1 34 19 38 -1 1 26 25 2 -1 55 20 8
50845 14 3 4 13 56 9 50 -1 -1 23 -1 -1 42 0 10 46 40 -1 31 -1 17 48 -1 -1 -1 -1 44 -1 -1 54 30 57 39 45 58 35 47 24 -1 -1 18 -1 6 59 -1 51 7 60 34 19 38 -1 1 26 25 2 -1 55 20 8
50845 14 3 4 13 56 9 50 -1 -1 23 -1 -1 42 0 10 46 40 -1 31 -1 17 48 -1 -1 -1 -1 44 -1 -1 54 30 57 39 45 58 35 47 24 -1 -1 18 -1 6 59 -1 51 7 60 34 19 38 -1 1 26 25 2 -1 55 20 8
51613 14 3 4 13 6 9 48 -1 -1 23 -1 -1 25 0 10 46 40 -1 31 -1 38 57 -1 -1 -1 -1 17 -1 -1 44 30 19 56 58 42 35 47 24 -1 -1 62 -1 55 54 -1 51 7 60 34 45 39 -1 1 26 59 2 -1 18 20 8
52424 14 3 4 13 56 9 48 -1 -1 31 -1 -1 25 0 10 46 40 -1 26 -1 17 57 -1 -1 -1 -1 44 -1 -1 63 30 19 39 58 42 35 47 62 -1 -1 18 -1 6 54 -1 51 7 60 34 45 38 -1 1 24 59 2 -1 55 20 8
52424 14 3 4 13 56 9 48 -1 -1 31 -1 -1 25 0 10 46 40 -1 26 -1 17 57 -1 -1 -1 -1 44 -1 -1 63 30 19 39 58 42 35 47 62 -1 -1 18 -1 6 54 -1 51 7 60 34 45 38 -1 1 24 59 2 -1 55 20 8
52800 14 3 4 13 56 9 48 -1 -1 31 -1 -1 59 0 10 46 40 -1 26 -1 38 57 -1 -1 -1 -1 17 -1 -1 44 30 19 65 58 42 35 47 62 -1 -1 18 -1 6 63 25 51 7 60 34 45 39 -1 1 24 54 2 -1 55 20 8
52800 14 3 4 13 56 9 48 -1 -1 31 -1 -1 59 0 10 46 40 -1 26 -1 38 57 -1 -1 -1 -1 17 -1 -1 44 30 19 65 58 42 35 47 62 -1 -1 18 -1 6 63 25 51 7 60 34 45 39 -1 1 24 54 2 -1 55 20 8
54057 14 3 4 13 56 9 48 -1 -1 31 -1 -1 59 0 10 46 40 -1 26 -1 38 57 -1 -1 -1 -1 17 -1 -1 44 30 19 65 58 42 35 67 62 -1 -1 18 -1 6 63 25 51 7 60 34 45 39 -1 1 24 54 2 -1 55 20 8
54057 14 3 4 13 56 9 48 -1 -1 31 -1 -1 59 0 10 46 40 -1 26 -1 38 57 -1 -1 -1 -1 17 -1 -1 44 30 19 65 58 42 35 67 62 -1 -1 18 -1 6 63 25 51 7 60 34 45 39 -1 1 24 54 2 -1 55 20 8
55019 14 40 4 3 56 9 48 -1 -1 31 -1 -1 59 0 10 46 35 -1 26 -1 38 57 -1 -1 -1 -1 17 -1 13 44 30 19 65 58 42 69 67 62 -1 -1 18 -1 6 63 25 51 7 60 34 45 39 -1 1 24 54 2 -1 55 20 8
55019 14 40 4 3 56 9 48 -1 -1 31 -1 -1 59 0 10 46 35 -1 26 -1 38 57 -1 -1 -1 -1 17 -1 13 44 30 19 65 58 42 69 67 62 -1 -1 18 -1 6 63 25 51 7 60 34 45 39 -1 1 24 54 2 -1 55 20 8
55352 14 40 4 3 56 9 48 -1 -1 31 -1 -1 59 0 10 46 35 -1 26 -1 38 71 -1 -1 -1 -1 17 42 13 44 30 57 65 45 58 69 67 62 -1 -1 18 -1 6 63 25 51 7 60 34 19 39 -1 1 24 54 2 -1 55 20 8
55376 14 40 4 3 56 9 48 -1 -1 31 -1 72 59 0 10 46 35 -1 26 -1 38 71 -1 -1 -1 -1 17 42 13 44 30 57 65 45 58 69 67 62 -1 -1 18 -1 6 63 25 51 7 60 34 19 39 -1 1 24 54 2 -1 55 20 8
56936 14 40 4 3 56 20 48 -1 -1 31 -1 72 59 0 10 46 35 -1 26 -1 38 71 -1 -1 -1 -1 17 42 13 44 30 57 65 45 58 69 67 62 -1 -1 18 -1 6 63 25 51 7 60 34 19 39 -1 1 24 54 2 -1 55 73 8
56936 14 40 4 3 56 20 48 -1 -1 31 -1 72 59 0 10 46 35 -1 26 -1 38 71 -1 -1 -1 -1 17 42 13 44 30 57 65 45 58 69 67 62 -1 -1 18 -1 6 63 25 51 7 60 34 19 39 -1 1 24 54 2 -1 55 73 8
57721 2 40 4 3 56 20 48 -1 -1 31 -1 72 59 0 75 46 35 -1 26 -1 38 71 -1 -1 -1 -1 17 42 67 44 30 57 65 45 58 69 14 62 -1 -1 18 -1 6 63 25 51 7 60 34 19 39 -1 1 24 54 10 -1 55 73 8
58869 76 3 4 67 56 20 30 -1 -1 31 -1 72 25 0 75 46 40 -1 26 -1 38 48 -1 -1 -1 -1 44 58 14 63 69 71 65 19 45 35 2 62 -1 -1 18 -1 6 54 42 51 7 60 34 57 39 -1 1 24 59 10 -1 55 73 8
59658 76 3 4 67 65 20 30 -1 -1 26 -1 72 25 0 75 46 40 -1 24 7 44 48 -1 -1 -1 -1 77 58 14 63 69 71 39 19 45 35 2 18 -1 -1 55 -1 56 54 42 51 1 60 34 57 38 -1 31 62 59 10 -1 6 73 8
60742 76 3 4 67 56 20 30 -1 -1 26 -1 72 59 0 75 46 40 -1 78 7 38 48 -1 -1 -1 -1 44 42 14 77 69 71 65 45 58 35 2 62 -1 -1 18 -1 6 63 25 51 1 60 34 57 39 19 31 24 54 10 -1 55 73 8
61167 10 67 4 14 56 20 69 -1 -1 26 -1 72 59 0 75 46 3 -1 78 7 38 30 -1 -1 -1 -1 44 42 2 77 35 48 65 19 45 40 76 62 -1 -1 18 -1 6 63 25 51 1 60 34 71 39 57 31 24 54 79 -1 55 73 8
62249 79 14 4 2 56 20 35 -1 -1 26 -1 72 59 0 80 46 67 -1 78 7 38 69 -1 -1 -1 -1 44 42 76 77 40 30 65 57 45 3 10 62 -1 -1 18 -1 6 63 25 51 1 60 34 48 39 71 31 24 54 75 -1 55 73 8
63403 79 14 4 2 56 7 35 -1 -1 26 -1 72 59 0 80 46 67 -1 78 81 38 69 -1 -1 -1 -1 44 42 76 77 40 30 65 57 45 3 10 62 -1 -1 18 -1 6 63 25 51 1 60 34 48 39 71 31 24 54 75 -1 55 73 8
63648 79 14 4 2 56 7 35 -1 -1 26 -1 72 59 0 80 46 67 -1 78 81 38 69 -1 -1 -1 -1 44 42 76 77 40 30 65 57 45 3 10 62 -1 -1 18 -1 6 63 25 51 1 60 34 48 39 71 31 24 54 75 -1 55 73 82
65137 79 14 4 2 56 83 35 -1 -1 31 -1 72 59 0 80 46 67 -1 26 7 38 69 -1 -1 -1 -1 44 42 76 77 40 30 65 57 45 3 10 24 -1 -1 62 -1 6 63 25 51 81 60 34 48 39 71 1 78 54 75 -1 18 73 82
66094 79 14 4 2 56 83 35 -1 -1 31 -1 72 59 0 80 46 67 -1 26 7 38 69 -1 -1 -1 -1 44 42 76 77 40 84 65 57 45 3 10 24 -1 -1 62 -1 6 63 25 51 81 60 34 48 39 71 1 78 54 75 -1 18 73 82
67103 79 14 4 2 65 7 40 -1 -1 26 -1 72 25 0 80 46 67 -1 78 81 44 35 73 -1 -1 -1 77 45 76 63 3 69 39 71 57 85 10 62 -1 -1 18 -1 56 54 42 51 1 60 34 84 38 48 31 24 59 75 -1 6 83 82
67103 79 14 4 2 65 7 40 -1 -1 26 -1 72 25 0 80 46 67 -1 78 81 44 35 73 -1 -1 -1 77 45 76 63 3 69 39 71 57 85 10 62 -1 -1 18 -1 56 54 42 51 1 60 34 84 38 48 31 24 59 75 -1 6 83 82
67174 10 67 4 14 65 7 35 -1 -1 26 -1 80 25 0 75 46 85 -1 78 81 44 69 73 -1 -1 -1 77 45 2 63 40 87 39 71 57 3 76 62 -1 -1 18 -1 56 54 42 51 1 60 34 84 38 48 31 24 59 79 -1 6 83 82
67174 10 67 4 14 65 7 35 -1 -1 26 -1 80 25 0 75 46 85 -1 78 81 44 69 73 -1 -1 -1 77 45 2 63 40 87 39 71 57 3 76 62 -1 -1 18 -1 56 54 42 51 1 60 34 84 38 48 31 24 59 79 -1 6 83 82
67174 10 67 4 14 65 7 35 -1 -1 26 -1 80 25 0 75 46 85 -1 78 81 44 69 73 -1 -1 -1 77 45 2 63 40 87 39 71 57 3 76 62 -1 -1 18 -1 56 54 42 51 1 60 34 84 38 48 31 24 59 79 -1 6 83 82
67548 10 67 4 14 65 7 35 -1 -1 26 -1 80 25 0 75 46 85 -1 78 81 44 69 73 -1 -1 -1 77 45 2 63 40 84 39 57 90 3 76 62 -1 -1 18 -1 56 54 42 51 1 60 34 48 38 71 31 24 59 79 -1 6 83 82
68361 10 67 4 14 56 7 35 -1 38 26 -1 80 25 0 75 46 85 -1 91 81 44 69 73 -1 -1 -1 77 45 2 63 40 84 65 57 90 3 76 24 -1 -1 62 -1 6 54 42 51 1 60 34 48 39 71 31 78 59 79 -1 18 83 82
68481 10 67 4 14 6 83 35 -1 39 31 -1 80 59 0 75 46 85 -1 26 7 38 69 73 -1 -1 -1 44 45 2 77 40 84 56 57 90 3 76 78 -1 -1 24 -1 18 63 25 51 81 60 34 48 65 71 1 91 54 79 -1 62 92 82
68781 10 67 4 14 6 83 35 -1 39 31 -1 80 59 0 75 46 85 93 26 7 38 69 73 -1 -1 -1 44 45 2 77 40 84 56 57 90 3 76 78 -1 -1 24 -1 18 63 25 51 81 60 34 48 65 71 1 91 54 79 -1 62 92 82
68781 10 67 4 14 6 83 35 -1 39 31 -1 80 59 0 75 46 85 93 26 7 38 69 73 -1 -1 -1 44 45 2 77 40 84 56 57 90 3 76 78 -1 -1 24 -1 18 63 25 51 81 60 34 48 65 71 1 91 54 79 -1 62 92 82
69587 10 67 4 14 56 83 35 -1 38 26 -1 80 59 0 75 46 85 93 91 7 44 69 73 -1 -1 -1 77 45 2 63 40 84 65 57 90 3 76 24 1 -1 62 -1 6 95 25 51 81 60 34 48 39 71 31 78 54 79 -1 18 92 82
71065 10 67 4 14 56 83 35 -1 38 31 -1 80 59 0 75 46 85 93 26 96 44 69 73 -1 -1 -1 77 45 2 63 40 84 65 57 90 3 76 78 81 -1 24 -1 6 95 25 51 7 60 34 48 39 71 1 91 54 79 18 62 92 82
71803 10 67 4 14 56 83 35 -1 38 31 -1 80 54 0 75 46 85 93 26 96 97 69 73 -1 -1 -1 44 45 2 77 40 84 65 57 90 3 76 78 81 -1 24 -1 6 63 59 51 7 60 34 48 39 71 1 91 95 79 18 62 92 82
72411 10 67 4 14 56 83 35 -1 38 31 75 46 54 0 80 98 85 93 26 96 97 69 73 -1 -1 -1 44 45 2 77 40 84 65 57 90 3 76 78 81 -1 24 -1 6 63 59 51 7 60 34 48 39 71 1 91 95 79 18 62 92 82
73015 10 67 4 14 56 83 35 -1 38 31 75 46 54 0 80 98 85 93 26 96 97 69 73 -1 -1 -1 44 45 2 77 40 84 65 99 90 3 76 78 81 -1 24 -1 6 63 59 51 7 60 34 48 39 57 1 91 95 79 18 62 92 82
74163 10 67 4 14 6 83 35 -1 38 1 75 46 54 0 80 98 85 93 31 96 97 69 73 -1 -1 -1 44 45 2 77 40 84 56 99 90 3 76 91 81 -1 78 -1 18 63 59 51 7 60 34 48 39 57 100 26 95 79 62 24 92 82
74357 79 14 4 2 6 83 40 -1 38 1 101 46 54 0 80 98 67 93 31 96 97 35 73 -1 -1 59 44 90 76 77 3 69 56 99 57 85 10 91 81 -1 78 -1 18 63 45 51 7 60 34 84 39 48 100 26 95 75 62 24 92 82
74817 79 14 4 2 6 83 40 -1 38 1 101 46 54 0 80 98 67 93 31 96 97 35 102 -1 -1 59 44 90 76 77 3 69 56 99 57 85 10 91 81 -1 78 -1 18 63 45 51 7 60 34 84 39 48 100 26 95 75 62 24 73 82
74831 79 14 4 2 6 83 3 -1 38 1 101 46 54 0 80 98 67 93 31 96 97 40 102 -1 -1 59 44 90 76 77 103 35 56 99 57 85 10 91 81 -1 78 -1 18 63 45 51 7 60 34 69 39 84 100 26 95 75 62 24 73 82
74831 79 14 4 2 6 83 3 -1 38 1 101 46 54 0 80 98 67 93 31 96 97 40 102 -1 -1 59 44 90 76 77 103 35 56 99 57 85 10 91 81 -1 78 -1 18 63 45 51 7 60 34 69 39 84 100 26 95 75 62 24 73 82
74831 79 14 4 2 6 83 3 -1 38 1 101 46 54 0 80 98 67 93 31 96 97 40 102 -1 -1 59 44 90 76 77 103 35 56 99 57 85 10 91 81 -1 78 -1 18 63 45 51 7 60 34 69 39 84 100 26 95 75 62 24 73 82
75068 79 14 4 2 56 83 3 -1 38 31 101 46 54 0 80 98 67 93 26 96 97 40 102 -1 -1 59 44 90 76 77 103 35 106 99 57 85 10 78 100 -1 24 -1 6 63 45 51 81 60 34 69 39 84 1 91 95 75 18 62 73 82
75068 79 14 4 2 56 83 3 -1 38 31 101 46 54 0 80 98 67 93 26 96 97 40 102 -1 -1 59 44 90 76 77 103 35 106 99 57 85 10 78 100 -1 24 -1 6 63 45 51 81 60 34 69 39 84 1 91 95 75 18 62 73 82
75075 79 2 4 76 56 83 3 -1 38 31 101 46 54 0 80 98 14 93 26 96 97 40 102 -1 -1 59 44 90 10 77 85 35 106 99 57 67 108 78 100 -1 24 -1 6 63 45 51 81 60 34 69 39 84 1 91 95 75 18 62 73 82
75075 79 2 4 76 56 83 3 -1 38 31 101 46 54 0 80 98 14 93 26 96 97 40 102 -1 -1 59 44 90 10 77 85 35 106 99 57 67 108 78 100 -1 24 -1 6 63 45 51 81 60 34 69 39 84 1 91 95 75 18 62 73 82
75075 79 2 4 76 56 83 3 -1 38 31 101 46 54 0 80 98 14 93 26 96 97 40 102 -1 -1 59 44 90 10 77 85 35 106 99 57 67 108 78 100 -1 24 -1 6 63 45 51 81 60 34 69 39 84 1 91 95 75 18 62 73 82
75075 79 2 4 76 56 83 3 -1 38 31 101 46 54 0 80 98 14 93 26 96 97 40 102 -1 -1 59 44 90 10 77 85 35 106 99 57 67 108 78 100 -1 24 -1 6 63 45 51 81 60 34 69 39 84 1 91 95 75 18 62 73 82
75075 79 2 4 76 56 83 3 -1 38 31 101 46 54 0 80 98 14 93 26 96 97 40 102 -1 -1 59 44 90 10 77 85 35 106 99 57 67 108 78 100 -1 24 -1 6 63 45 51 81 60 34 69 39 84 1 91 95 75 18 62 73 82
75075 79 2 4 76 56 83 3 -1 38 31 101 46 54 0 80 98 14 93 26 96 97 40 102 -1 -1 59 44 90 10 77 85 35 106 99 57 67 108 78 100 -1 24 -1 6 63 45 51 81 60 34 69 39 84 1 91 95 75 18 62 73 82
75301 79 14 4 2 56 83 40 -1 38 31 101 46 114 0 80 98 67 93 26 96 97 35 102 -1 -1 54 44 45 76 77 3 69 106 99 90 85 10 78 100 -1 24 -1 6 63 59 51 81 60 34 84 39 57 1 91 95 75 18 62 73 82
75979 75 14 4 2 56 83 40 -1 38 31 80 98 114 115 46 51 67 93 26 96 97 35 102 -1 -1 54 44 45 76 77 3 69 106 99 90 85 10 78 100 -1 24 -1 6 63 59 34 81 60 0 84 39 57 1 91 95 101 18 62 73 82
76393 75 14 4 2 6 83 40 -1 39 31 80 98 95 115 46 51 67 93 26 96 38 35 102 -1 -1 114 97 45 76 44 3 69 106 99 90 85 10 78 100 -1 116 -1 18 77 59 34 81 60 0 84 56 57 1 91 63 101 62 24 73 82
76905 75 14 4 2 6 83 40 -1 39 31 80 98 95 115 46 51 67 93 26 96 38 35 102 -1 117 114 97 45 76 44 3 69 106 99 90 85 10 78 100 -1 116 -1 18 77 59 34 81 60 0 84 56 57 1 91 63 101 62 24 73 82
76982 75 14 4 2 56 83 40 -1 38 31 80 98 114 115 46 51 67 93 26 96 97 118 102 -1 45 59 44 90 76 77 3 35 106 99 57 85 10 78 100 -1 116 -1 6 63 117 34 81 60 0 69 39 84 1 91 95 101 18 62 73 82
76982 75 14 4 2 56 83 40 -1 38 31 80 98 114 115 46 51 67 93 26 96 97 118 102 -1 45 59 44 90 76 77 3 35 106 99 57 85 10 78 100 -1 116 -1 6 63 117 34 81 60 0 69 39 84 1 91 95 101 18 62 73 82
76982 75 14 4 2 56 83 40 -1 38 31 80 98 114 115 46 51 67 93 26 96 97 118 102 -1 45 59 44 90 76 77 3 35 106 99 57 85 10 78 100 -1 116 -1 6 63 117 34 81 60 0 69 39 84 1 91 95 101 18 62 73 82
77872 75 14 4 2 56 83 40 -1 38 31 121 98 114 115 46 51 67 93 26 96 97 118 102 -1 45 59 44 90 76 77 3 35 106 99 57 85 10 78 100 -1 116 -1 6 63 117 34 81 60 0 69 39 84 1 91 95 80 18 62 73 82
78340 75 14 4 2 56 83 40 -1 38 31 121 98 114 115 46 51 67 93 26 96 97 122 102 -1 45 59 44 90 76 77 3 35 106 99 57 85 10 78 100 -1 116 -1 6 63 117 34 81 60 0 69 39 84 1 91 95 80 18 62 73 82
78724 75 67 4 14 56 83 40 -1 38 31 121 98 114 115 46 51 85 93 26 96 97 122 102 -1 45 59 44 90 76 77 3 35 106 99 57 123 10 78 100 -1 116 -1 6 63 117 34 81 2 0 69 39 84 1 91 95 80 18 62 73 82
79052 75 67 4 14 56 83 40 -1 38 31 121 98 124 115 46 51 85 93 26 96 97 122 102 -1 45 114 44 90 76 77 3 35 106 99 57 123 10 78 100 -1 116 -1 6 63 117 34 81 2 0 69 39 84 1 91 95 80 18 62 73 82
79360 75 67 4 14 56 73 40 -1 38 1 121 98 124 115 46 51 85 93 31 83 97 122 125 -1 45 114 44 90 76 77 3 35 106 99 57 123 10 91 81 -1 78 18 6 63 117 34 96 2 0 69 39 84 100 26 95 80 62 116 102 82
79360 75 67 4 14 56 73 40 -1 38 1 121 98 124 115 46 51 85 93 31 83 97 122 125 -1 45 114 44 90 76 77 3 35 106 99 57 123 10 91 81 -1 78 18 6 63 117 34 96 2 0 69 39 84 100 26 95 80 62 116 102 82
79360 75 67 4 14 56 73 40 -1 38 1 121 98 124 115 46 51 85 93 31 83 97 122 125 -1 45 114 44 90 76 77 3 35 106 99 57 123 10 91 81 -1 78 18 6 63 117 34 96 2 0 69 39 84 100 26 95 80 62 116 102 82
79360 75 67 4 14 56 73 40 -1 38 1 121 98 124 115 46 51 85 93 31 83 97 122 125 -1 45 114 44 90 76 77 3 35 106 99 57 123 10 91 81 -1 78 18 6 63 117 34 96 2 0 69 39 84 100 26 95 80 62 116 102 82
79360 75 67 4 14 56 73 40 -1 38 1 121 98 124 115 46 51 85 93 31 83 97 122 125 -1 45 114 44 90 76 77 3 35 106 99 57 123 10 91 81 -1 78 18 6 63 117 34 96 2 0 69 39 84 100 26 95 80 62 116 102 82
79360 75 67 4 14 56 73 40 -1 38 1 121 98 124 115 46 51 85 93 31 83 97 122 125 -1 45 114 44 90 76 77 3 35 106 99 57 123 10 91 81 -1 78 18 6 63 117 34 96 2 0 69 39 84 100 26 95 80 62 116 102 82
79360 75 67 4 14 56 73 40 -1 38 1 121 98 124 115 46 51 85 93 31 83 97 122 125 -1 45 114 44 90 76 77 3 35 106 99 57 123 10 91 81 -1 78 18 6 63 117 34 96 2 0 69 39 84 100 26 95 80 62 116 102 82
79360 75 67 4 14 56 73 40 -1 38 1 121 98 124 115 46 51 85 93 31 83 97 122 125 -1 45 114 44 90 76 77 3 35 106 99 57 123 10 91 81 -1 78 18 6 63 117 34 96 2 0 69 39 84 100 26 95 80 62 116 102 82
80732 80 14 4 2 56 73 3 -1 38 1 46 98 124 115 133 51 67 93 31 83 97 40 125 -1 45 114 44 57 10 77 123 122 106 99 84 85 75 91 81 -1 78 18 6 63 117 34 96 76 0 35 39 69 100 26 95 121 62 116 102 82
81296 80 67 4 14 56 73 134 -1 38 1 46 98 124 115 133 51 85 93 31 83 97 40 125 -1 45 114 44 57 76 77 3 122 106 99 84 123 10 91 81 -1 78 18 6 63 117 34 96 2 0 35 39 69 100 26 95 121 62 116 102 82
81627 80 67 4 14 56 73 134 -1 38 1 46 98 124 115 133 51 85 93 31 83 97 40 125 -1 135 114 44 57 76 77 3 122 106 99 84 123 10 91 81 -1 78 18 6 63 117 34 96 2 0 35 39 69 100 26 95 121 62 116 102 45
82152 80 67 4 14 6 102 134 -1 39 100 46 98 124 115 133 51 85 93 1 73 38 40 125 63 135 114 97 57 76 44 3 122 106 99 84 123 10 26 96 -1 91 62 18 77 117 34 83 2 0 35 56 69 81 31 95 121 116 78 136 45
82152 80 67 4 14 6 102 134 -1 39 100 46 98 124 115 133 51 85 93 1 73 38 40 125 63 135 114 97 57 76 44 3 122 106 99 84 123 10 26 96 -1 91 62 18 77 117 34 83 2 0 35 56 69 81 31 95 121 116 78 136 45
82152 80 67 4 14 6 102 134 -1 39 100 46 98 124 115 133 51 85 93 1 73 38 40 125 63 135 114 97 57 76 44 3 122 106 99 84 123 10 26 96 -1 91 62 18 77 117 34 83 2 0 35 56 69 81 31 95 121 116 78 136 45
82152 80 67 4 14 6 102 134 -1 39 100 46 98 124 115 133 51 85 93 1 73 38 40 125 63 135 114 97 57 76 44 3 122 106 99 84 123 10 26 96 -1 91 62 18 77 117 34 83 2 0 35 56 69 81 31 95 121 116 78 136 45
82152 80 67 4 14 6 102 134 -1 39 100 46 98 124 115 133 51 85 93 1 73 38 40 125 63 135 114 97 57 76 44 3 122 106 99 84 123 10 26 96 -1 91 62 18 77 117 34 83 2 0 35 56 69 81 31 95 121 116 78 136 45
82152 80 67 4 14 6 102 134 -1 39 100 46 98 124 115 133 51 85 93 1 73 38 40 125 63 135 114 97 57 76 44 3 122 106 99 84 123 10 26 96 -1 91 62 18 77 117 34 83 2 0 35 56 69 81 31 95 121 116 78 136 45
82152 80 67 4 14 6 102 134 -1 39 100 46 98 124 115 133 51 85 93 1 73 38 40 125 63 135 114 97 57 76 44 3 122 106 99 84 123 10 26 96 -1 91 62 18 77 117 34 83 2 0 35 56 69 81 31 95 121 116 78 136 45
82152 80 67 4 14 6 102 134 -1 39 100 46 98 124 115 133 51 85 93 1 73 38 40 125 63 135 114 97 57 76 44 3 122 106 99 84 123 10 26 96 -1 91 62 18 77 117 34 83 2 0 35 56 69 81 31 95 121 116 78 136 45
82152 80 67 4 14 6 102 134 -1 39 100 46 98 124 115 133 51 85 93 1 73 38 40 125 63 135 114 97 57 76 44 3 122 106 99 84 123 10 26 96 -1 91 62 18 77 117 34 83 2 0 35 56 69 81 31 95 121 116 78 136 45
82152 80 67 4 14 6 102 134 -1 39 100 46 98 124 115 133 51 85 93 1 73 38 40 125 63 135 114 97 57 76 44 3 122 106 99 84 123 10 26 96 -1 91 62 18 77 117 34 83 2 0 35 56 69 81 31 95 121 116 78 136 45
82908 121 14 4 2 6 102 134 123 39 100 133 51 124 115 98 34 67 93 1 73 38 40 125 63 135 114 97 57 10 44 3 122 106 99 84 85 80 26 96 -1 91 62 18 77 117 0 83 76 146 35 56 69 81 31 95 46 116 78 136 45
83379 121 14 4 2 18 136 134 123 39 81 133 51 124 115 98 34 67 93 100 102 38 40 147 63 135 114 97 57 10 44 3 122 6 99 84 85 80 31 83 -1 26 116 62 77 117 0 73 76 146 35 56 69 96 1 95 46 78 91 125 45
83646 121 14 4 2 18 136 134 123 39 81 133 51 114 115 98 34 67 93 100 102 97 40 147 95 135 117 44 57 10 77 3 122 6 99 84 85 80 31 83 -1 26 116 62 63 45 0 73 76 146 35 56 69 96 1 124 46 78 91 125 148
83646 121 14 4 2 18 136 134 123 39 81 133 51 114 115 98 34 67 93 100 102 97 40 147 95 135 117 44 57 10 77 3 122 6 99 84 85 80 31 83 -1 26 116 62 63 45 0 73 76 146 35 56 69 96 1 124 46 78 91 125 148
