4286 -1 -1 -1 -1 -1 -1 -1 -1 -1 -1 -1 -1 -1 -1 -1 -1 -1 -1 -1 -1 -1 -1 -1 -1 -1 -1 -1 -1 -1 -1 -1 -1 -1 -1 -1 -1 -1 -1 -1 -1 -1 -1 -1 -1 -1 -1 -1 -1 -1 -1 -1 -1 -1 -1 -1 -1 -1 -1
6207 -1 -1 -1 -1 -1 -1 -1 -1 -1 -1 -1 -1 -1 -1 -1 -1 -1 -1 -1 -1 -1 -1 -1 -1 -1 -1 -1 -1 -1 -1 -1 -1 -1 -1 -1 -1 -1 -1 -1 -1 -1 -1 -1 -1 -1 -1 -1 -1 -1 -1 -1 -1 0 -1 -1 -1 -1 -1
7007 -1 -1 -1 -1 -1 -1 -1 -1 -1 -1 1 -1 -1 -1 -1 -1 -1 -1 -1 -1 -1 -1 -1 -1 -1 -1 -1 -1 -1 -1 -1 -1 -1 -1 -1 -1 -1 -1 -1 -1 -1 -1 -1 -1 -1 -1 -1 -1 -1 -1 -1 -1 0 -1 -1 -1 -1 -1
7007 -1 -1 -1 -1 -1 -1 -1 -1 -1 -1 1 -1 -1 -1 -1 -1 -1 -1 -1 -1 -1 -1 -1 -1 -1 -1 -1 -1 -1 -1 -1 -1 -1 -1 -1 -1 -1 -1 -1 -1 -1 -1 -1 -1 -1 -1 -1 -1 -1 -1 -1 -1 0 -1 -1 -1 -1 -1
7007 -1 -1 -1 -1 -1 -1 -1 -1 -1 -1 1 -1 -1 -1 -1 -1 -1 -1 -1 -1 -1 -1 -1 -1 -1 -1 -1 -1 -1 -1 -1 -1 -1 -1 -1 -1 -1 -1 -1 -1 -1 -1 -1 -1 -1 -1 -1 -1 -1 -1 -1 -1 0 -1 -1 -1 -1 -1
8741 -1 -1 -1 -1 -1 -1 -1 -1 -1 -1 1 -1 -1 -1 -1 -1 -1 -1 -1 -1 -1 -1 -1 -1 0 -1 -1 -1 -1 -1 -1 -1 -1 -1 -1 -1 -1 -1 -1 -1 -1 -1 -1 -1 -1 -1 -1 -1 -1 -1 -1 -1 4 -1 -1 -1 -1 -1
10662 4 -1 -1 -1 -1 -1 -1 -1 -1 -1 1 -1 -1 -1 -1 -1 -1 -1 -1 -1 -1 -1 -1 -1 5 -1 -1 -1 -1 -1 -1 -1 -1 -1 -1 -1 -1 -1 -1 -1 -1 -1 -1 -1 -1 -1 -1 -1 -1 -1 -1 -1 0 -1 -1 -1 -1 -1
12267 4 -1 -1 -1 -1 -1 -1 -1 -1 -1 1 -1 -1 -1 -1 -1 -1 5 -1 -1 -1 -1 -1 -1 6 -1 -1 -1 -1 -1 -1 -1 -1 -1 -1 -1 -1 -1 -1 -1 -1 -1 -1 -1 -1 -1 -1 -1 -1 -1 -1 -1 0 -1 -1 -1 -1 -1
12267 4 -1 -1 -1 -1 -1 -1 -1 -1 -1 1 -1 -1 -1 -1 -1 -1 5 -1 -1 -1 -1 -1 -1 6 -1 -1 -1 -1 -1 -1 -1 -1 -1 -1 -1 -1 -1 -1 -1 -1 -1 -1 -1 -1 -1 -1 -1 -1 -1 -1 -1 0 -1 -1 -1 -1 -1
12267 4 -1 -1 -1 -1 -1 -1 -1 -1 -1 1 -1 -1 -1 -1 -1 -1 5 -1 -1 -1 -1 -1 -1 6 -1 -1 -1 -1 -1 -1 -1 -1 -1 -1 -1 -1 -1 -1 -1 -1 -1 -1 -1 -1 -1 -1 -1 -1 -1 -1 -1 0 -1 -1 -1 -1 -1
13438 9 -1 -1 -1 -1 -1 -1 -1 -1 -1 1 -1 -1 -1 -1 -1 -1 6 -1 -1 -1 -1 -1 -1 0 -1 -1 -1 -1 -1 -1 -1 -1 -1 -1 -1 -1 -1 -1 -1 -1 -1 -1 -1 -1 -1 -1 -1 -1 5 -1 -1 4 -1 -1 -1 -1 -1
13669 9 -1 -1 -1 -1 -1 -1 -1 -1 -1 1 -1 -1 -1 -1 -1 -1 10 -1 -1 -1 0 -1 -1 6 -1 -1 -1 -1 -1 -1 -1 -1 -1 -1 -1 -1 -1 -1 -1 -1 -1 -1 -1 -1 -1 -1 -1 -1 5 -1 -1 4 -1 -1 -1 -1 -1
14452 9 -1 -1 -1 -1 -1 -1 -1 -1 -1 11 -1 -1 -1 -1 -1 -1 10 -1 -1 -1 0 -1 -1 6 -1 -1 -1 -1 -1 -1 -1 -1 -1 -1 -1 -1 1 -1 -1 -1 -1 -1 -1 -1 -1 -1 -1 -1 5 -1 -1 4 -1 -1 -1 -1 -1
16177 9 -1 -1 -1 -1 -1 -1 -1 -1 -1 11 -1 -1 -1 -1 -1 -1 10 12 -1 -1 0 -1 -1 6 -1 -1 -1 -1 -1 -1 -1 -1 -1 -1 -1 -1 1 -1 -1 -1 -1 -1 -1 -1 -1 -1 -1 -1 5 -1 -1 4 -1 -1 -1 -1 -1
17759 9 -1 -1 -1 -1 -1 -1 -1 -1 -1 11 -1 -1 -1 -1 -1 -1 10 12 -1 -1 0 -1 -1 6 -1 -1 -1 -1 -1 -1 -1 -1 -1 -1 -1 -1 13 -1 -1 -1 -1 -1 -1 -1 -1 -1 -1 -1 5 -1 -1 4 -1 -1 -1 -1 1
18156 9 -1 -1 -1 14 -1 -1 -1 -1 -1 11 -1 -1 -1 -1 -1 -1 10 12 -1 -1 0 -1 -1 6 -1 -1 -1 -1 -1 -1 -1 -1 -1 -1 -1 -1 13 -1 -1 -1 -1 -1 -1 -1 -1 -1 -1 -1 5 -1 -1 4 -1 -1 -1 -1 1
19259 9 -1 -1 -1 14 -1 -1 -1 -1 -1 11 -1 -1 -1 -1 -1 -1 10 12 -1 -1 0 -1 -1 6 -1 -1 -1 -1 -1 -1 -1 -1 -1 -1 -1 -1 13 -1 4 -1 -1 -1 -1 -1 -1 -1 -1 -1 5 -1 -1 15 -1 -1 -1 -1 1
19846 9 -1 -1 -1 14 -1 -1 -1 -1 -1 11 -1 -1 -1 -1 -1 -1 10 12 -1 -1 0 -1 -1 6 -1 -1 -1 -1 -1 -1 -1 16 -1 -1 -1 -1 13 -1 4 -1 -1 -1 -1 -1 -1 -1 -1 -1 5 -1 -1 15 -1 -1 -1 -1 1
19846 9 -1 -1 -1 14 -1 -1 -1 -1 -1 11 -1 -1 -1 -1 -1 -1 10 12 -1 -1 0 -1 -1 6 -1 -1 -1 -1 -1 -1 -1 16 -1 -1 -1 -1 13 -1 4 -1 -1 -1 -1 -1 -1 -1 -1 -1 5 -1 -1 15 -1 -1 -1 -1 1
20248 9 -1 -1 -1 14 -1 16 -1 -1 -1 11 -1 -1 -1 -1 -1 -1 10 12 -1 -1 0 -1 -1 6 -1 -1 -1 -1 -1 -1 -1 13 -1 -1 -1 -1 18 -1 4 -1 -1 -1 -1 -1 -1 -1 -1 -1 5 -1 -1 15 -1 -1 -1 -1 1
22071 9 -1 -1 -1 14 -1 16 -1 -1 -1 11 -1 -1 -1 -1 -1 -1 10 12 -1 -1 4 -1 -1 0 -1 -1 -1 -1 -1 -1 -1 13 -1 -1 -1 -1 18 -1 19 6 -1 -1 -1 -1 -1 -1 -1 -1 5 -1 -1 15 -1 -1 -1 -1 1
23999 9 -1 -1 -1 14 -1 1 -1 -1 -1 11 -1 -1 -1 -1 -1 -1 10 12 -1 -1 4 -1 -1 0 -1 -1 -1 -1 -1 -1 -1 16 -1 -1 -1 -1 13 18 19 6 -1 -1 -1 -1 -1 -1 -1 -1 5 -1 -1 15 -1 -1 -1 -1 20
25072 9 -1 -1 -1 14 -1 1 -1 -1 -1 11 -1 -1 -1 -1 -1 -1 6 12 -1 -1 19 -1 -1 4 5 -1 -1 -1 -1 -1 -1 16 -1 -1 -1 -1 13 18 21 0 -1 -1 -1 -1 -1 -1 -1 -1 10 -1 -1 15 -1 -1 -1 -1 20
26203 9 -1 -1 -1 14 -1 1 -1 -1 -1 11 -1 -1 -1 -1 -1 -1 6 12 -1 -1 19 -1 -1 22 5 -1 -1 -1 -1 -1 4 16 -1 -1 -1 -1 13 18 21 0 -1 -1 -1 -1 -1 -1 -1 -1 10 -1 -1 15 -1 -1 -1 -1 20
27812 9 -1 -1 -1 14 -1 1 -1 -1 -1 23 -1 16 -1 -1 -1 -1 6 12 -1 -1 19 -1 -1 22 5 -1 -1 -1 -1 -1 4 13 -1 -1 -1 -1 18 11 21 0 -1 -1 -1 -1 -1 -1 -1 -1 10 -1 -1 15 -1 -1 -1 -1 20
28442 9 -1 -1 -1 14 -1 24 -1 -1 -1 23 -1 16 -1 1 -1 -1 6 12 -1 -1 19 -1 -1 22 5 -1 -1 -1 -1 -1 4 13 -1 -1 -1 -1 18 11 21 0 -1 -1 -1 -1 -1 -1 -1 -1 10 -1 -1 15 -1 -1 -1 -1 20
28639 9 -1 -1 -1 14 -1 24 -1 -1 -1 23 -1 16 -1 1 -1 -1 6 12 -1 -1 19 -1 -1 22 10 -1 -1 -1 -1 -1 4 13 -1 -1 -1 -1 18 11 21 0 -1 5 -1 -1 -1 -1 -1 -1 25 -1 -1 15 -1 -1 -1 -1 20
28639 9 -1 -1 -1 14 -1 24 -1 -1 -1 23 -1 16 -1 1 -1 -1 6 12 -1 -1 19 -1 -1 22 10 -1 -1 -1 -1 -1 4 13 -1 -1 -1 -1 18 11 21 0 -1 5 -1 -1 -1 -1 -1 -1 25 -1 -1 15 -1 -1 -1 -1 20
30142 9 -1 -1 -1 14 -1 24 -1 -1 -1 23 -1 16 -1 1 -1 -1 25 12 -1 -1 19 -1 -1 22 5 -1 -1 -1 -1 -1 4 13 -1 -1 -1 -1 18 11 21 6 -1 27 -1 -1 -1 -1 -1 -1 10 -1 -1 15 0 -1 -1 -1 20
31565 9 -1 23 -1 14 -1 24 -1 -1 -1 11 -1 1 -1 28 -1 -1 25 12 -1 -1 19 -1 -1 22 5 -1 -1 -1 -1 -1 4 16 -1 -1 -1 -1 13 18 21 6 -1 27 -1 -1 -1 -1 -1 -1 10 -1 -1 15 0 -1 -1 -1 20
31657 9 -1 23 -1 14 -1 24 -1 -1 -1 11 -1 1 -1 28 -1 -1 25 12 -1 -1 19 -1 -1 22 29 -1 -1 -1 -1 -1 4 16 -1 -1 -1 -1 13 18 21 6 -1 27 -1 -1 -1 -1 -1 -1 5 -1 -1 15 0 -1 -1 -1 20
33514 30 -1 23 -1 14 -1 24 -1 -1 -1 11 -1 1 -1 28 -1 -1 25 12 -1 -1 19 -1 -1 22 29 -1 -1 -1 -1 -1 4 16 -1 -1 -1 -1 13 18 15 6 21 27 -1 -1 -1 -1 -1 -1 5 -1 -1 9 0 -1 -1 -1 20
34308 30 -1 23 -1 14 -1 24 -1 -1 -1 11 -1 1 -1 28 -1 -1 25 12 -1 -1 19 -1 -1 22 29 -1 -1 -1 -1 -1 4 16 -1 -1 -1 -1 13 18 15 6 21 31 -1 -1 27 -1 -1 -1 5 -1 -1 9 0 -1 -1 -1 20
35008 30 -1 23 -1 14 -1 24 -1 -1 -1 11 -1 1 -1 28 -1 -1 32 12 -1 -1 19 -1 -1 22 5 -1 -1 -1 -1 -1 4 16 -1 -1 -1 -1 13 18 15 6 21 31 -1 -1 27 -1 -1 -1 25 -1 -1 9 0 -1 -1 -1 20
35008 30 -1 23 -1 14 -1 24 -1 -1 -1 11 -1 1 -1 28 -1 -1 32 12 -1 -1 19 -1 -1 22 5 -1 -1 -1 -1 -1 4 16 -1 -1 -1 -1 13 18 15 6 21 31 -1 -1 27 -1 -1 -1 25 -1 -1 9 0 -1 -1 -1 20
35433 30 -1 23 -1 14 -1 24 -1 -1 -1 11 -1 1 -1 28 -1 -1 32 12 -1 -1 19 -1 -1 22 5 -1 -1 -1 -1 -1 4 16 -1 -1 -1 -1 13 18 15 0 21 31 -1 -1 27 -1 -1 -1 6 -1 -1 9 34 -1 -1 -1 20
35464 30 -1 23 -1 14 -1 20 -1 -1 -1 11 -1 24 -1 28 -1 -1 32 12 -1 -1 19 -1 -1 22 5 -1 -1 -1 -1 -1 4 1 -1 -1 -1 -1 13 18 15 0 21 31 -1 16 27 -1 -1 -1 6 -1 -1 9 34 -1 -1 -1 35
36858 30 -1 23 -1 14 -1 20 -1 -1 -1 11 -1 24 -1 28 -1 -1 32 12 -1 -1 19 -1 -1 22 5 -1 36 -1 -1 -1 4 1 -1 -1 -1 -1 13 18 15 0 21 31 -1 16 27 -1 -1 -1 6 -1 -1 9 34 -1 -1 -1 35
36858 30 -1 23 -1 14 -1 20 -1 -1 -1 11 -1 24 -1 28 -1 -1 32 12 -1 -1 19 -1 -1 22 5 -1 36 -1 -1 -1 4 1 -1 -1 -1 -1 13 18 15 0 21 31 -1 16 27 -1 -1 -1 6 -1 -1 9 34 -1 -1 -1 35
38351 30 -1 23 -1 14 -1 38 -1 -1 -1 11 -1 24 -1 28 -1 -1 32 12 -1 -1 19 -1 -1 22 5 -1 36 -1 -1 -1 4 1 -1 -1 -1 -1 13 18 15 0 21 31 -1 16 27 -1 -1 -1 6 -1 -1 9 34 -1 -1 -1 20
38478 30 -1 23 -1 14 -1 38 -1 -1 -1 11 -1 24 -1 28 -1 -1 32 12 -1 -1 39 -1 -1 4 5 -1 36 -1 -1 -1 19 1 0 -1 -1 -1 13 18 15 34 21 31 -1 16 27 -1 -1 -1 6 -1 -1 9 22 -1 -1 -1 20
38478 30 -1 23 -1 14 -1 38 -1 -1 -1 11 -1 24 -1 28 -1 -1 32 12 -1 -1 39 -1 -1 4 5 -1 36 -1 -1 -1 19 1 0 -1 -1 -1 13 18 15 34 21 31 -1 16 27 -1 -1 -1 6 -1 -1 9 22 -1 -1 -1 20
39284 30 -1 23 -1 14 -1 38 -1 -1 -1 11 -1 24 -1 28 -1 -1 32 12 -1 -1 39 -1 -1 4 5 -1 36 -1 -1 6 19 1 0 -1 -1 -1 13 18 15 34 21 31 -1 16 27 -1 -1 -1 41 -1 -1 9 22 -1 -1 -1 20
40182 30 -1 23 -1 14 -1 38 -1 -1 -1 11 -1 24 -1 28 -1 -1 32 12 -1 -1 19 -1 -1 22 5 -1 36 -1 -1 6 4 1 42 -1 -1 -1 13 18 15 0 21 31 -1 16 27 -1 -1 -1 41 -1 -1 9 34 -1 -1 -1 20
42218 30 -1 43 -1 14 -1 38 -1 -1 -1 11 -1 24 -1 28 -1 -1 32 12 -1 23 19 -1 -1 22 5 -1 36 -1 -1 6 4 1 42 -1 -1 -1 13 18 15 0 21 31 -1 16 27 -1 -1 -1 41 -1 -1 9 34 -1 -1 -1 20
42218 30 -1 43 -1 14 -1 38 -1 -1 -1 11 -1 24 -1 28 -1 -1 32 12 -1 23 19 -1 -1 22 5 -1 36 -1 -1 6 4 1 42 -1 -1 -1 13 18 15 0 21 31 -1 16 27 -1 -1 -1 41 -1 -1 9 34 -1 -1 -1 20
42742 30 -1 43 -1 14 -1 38 -1 -1 -1 45 -1 24 -1 28 -1 -1 32 12 -1 23 19 -1 -1 22 5 -1 36 -1 -1 6 4 16 42 -1 -1 -1 18 11 15 0 21 31 -1 13 27 -1 -1 -1 41 -1 -1 9 34 -1 -1 -1 20
42742 30 -1 43 -1 14 -1 38 -1 -1 -1 45 -1 24 -1 28 -1 -1 32 12 -1 23 19 -1 -1 22 5 -1 36 -1 -1 6 4 16 42 -1 -1 -1 18 11 15 0 21 31 -1 13 27 -1 -1 -1 41 -1 -1 9 34 -1 -1 -1 20
43461 30 -1 43 -1 14 -1 38 -1 -1 -1 45 -1 24 -1 28 -1 -1 32 12 -1 23 19 -1 -1 22 5 -1 36 -1 -1 6 4 47 42 -1 -1 -1 13 11 15 0 21 31 -1 16 27 -1 -1 -1 41 -1 -1 9 34 -1 -1 -1 20
43461 30 -1 43 -1 14 -1 38 -1 -1 -1 45 -1 24 -1 28 -1 -1 32 12 -1 23 19 -1 -1 22 5 -1 36 -1 -1 6 4 47 42 -1 -1 -1 13 11 15 0 21 31 -1 16 27 -1 -1 -1 41 -1 -1 9 34 -1 -1 -1 20
43461 30 -1 43 -1 14 -1 38 -1 -1 -1 45 -1 24 -1 28 -1 -1 32 12 -1 23 19 -1 -1 22 5 -1 36 -1 -1 6 4 47 42 -1 -1 -1 13 11 15 0 21 31 -1 16 27 -1 -1 -1 41 -1 -1 9 34 -1 -1 -1 20
44859 30 -1 50 27 14 -1 24 -1 -1 -1 43 -1 47 -1 28 -1 -1 32 12 -1 23 19 -1 -1 22 5 -1 36 -1 -1 6 4 16 42 -1 -1 -1 11 45 15 0 21 31 -1 13 20 -1 -1 -1 41 -1 -1 9 34 -1 -1 -1 38
44957 30 -1 50 27 14 -1 24 -1 -1 -1 43 -1 47 -1 28 -1 -1 32 12 -1 23 19 -1 -1 22 5 -1 36 -1 -1 6 4 16 42 -1 -1 -1 51 11 15 0 21 31 -1 13 20 -1 -1 -1 41 -1 -1 9 34 -1 45 -1 38
44957 30 -1 50 27 14 -1 24 -1 -1 -1 43 -1 47 -1 28 -1 -1 32 12 -1 23 19 -1 -1 22 5 -1 36 -1 -1 6 4 16 42 -1 -1 -1 51 11 15 0 21 31 -1 13 20 -1 -1 -1 41 -1 -1 9 34 -1 45 -1 38
46633 30 -1 50 27 14 -1 24 -1 -1 -1 53 -1 47 -1 28 -1 -1 32 12 -1 23 19 -1 -1 22 5 -1 36 -1 -1 6 4 16 42 -1 -1 -1 51 45 15 0 21 31 -1 13 20 -1 -1 -1 41 -1 -1 9 34 -1 43 -1 38
47015 30 -1 50 27 14 -1 24 -1 -1 -1 53 -1 47 -1 28 -1 -1 32 12 -1 23 19 -1 -1 22 5 -1 36 -1 -1 6 4 16 0 -1 42 -1 51 45 15 34 21 31 -1 13 20 -1 -1 -1 41 -1 -1 9 54 -1 43 -1 38
47896 30 -1 53 27 14 -1 24 -1 -1 -1 43 -1 47 -1 28 -1 50 32 12 -1 23 19 -1 -1 22 5 -1 36 -1 -1 6 4 55 0 -1 42 -1 13 51 15 34 21 31 -1 16 20 -1 -1 -1 41 -1 -1 9 54 -1 45 -1 38
47896 30 -1 53 27 14 -1 24 -1 -1 -1 43 -1 47 -1 28 -1 50 32 12 -1 23 19 -1 -1 22 5 -1 36 -1 -1 6 4 55 0 -1 42 -1 13 51 15 34 21 31 -1 16 20 -1 -1 -1 41 -1 -1 9 54 -1 45 -1 38
47896 30 -1 53 27 14 -1 24 -1 -1 -1 43 -1 47 -1 28 -1 50 32 12 -1 23 19 -1 -1 22 5 -1 36 -1 -1 6 4 55 0 -1 42 -1 13 51 15 34 21 31 -1 16 20 -1 -1 -1 41 -1 -1 9 54 -1 45 -1 38
47896 30 -1 53 27 14 -1 24 -1 -1 -1 43 -1 47 -1 28 -1 50 32 12 -1 23 19 -1 -1 22 5 -1 36 -1 -1 6 4 55 0 -1 42 -1 13 51 15 34 21 31 -1 16 20 -1 -1 -1 41 -1 -1 9 54 -1 45 -1 38
47896 30 -1 53 27 14 -1 24 -1 -1 -1 43 -1 47 -1 28 -1 50 32 12 -1 23 19 -1 -1 22 5 -1 36 -1 -1 6 4 55 0 -1 42 -1 13 51 15 34 21 31 -1 16 20 -1 -1 -1 41 -1 -1 9 54 -1 45 -1 38
48239 30 -1 53 27 14 -1 24 -1 -1 -1 43 -1 47 -1 28 -1 50 32 12 -1 23 19 -1 -1 22 5 -1 36 -1 -1 6 4 60 0 -1 42 -1 13 51 15 34 21 31 -1 55 20 -1 -1 -1 41 -1 -1 9 54 -1 45 -1 38
48300 30 -1 53 27 14 -1 24 -1 -1 -1 43 -1 47 -1 28 -1 50 32 12 -1 23 4 -1 -1 22 5 -1 36 -1 -1 6 61 60 0 -1 42 -1 13 51 15 34 21 31 -1 55 20 -1 -1 19 41 -1 -1 9 54 -1 45 -1 38
48538 30 -1 53 27 14 -1 24 -1 -1 -1 43 -1 47 -1 28 -1 50 32 12 -1 23 4 -1 -1 22 5 -1 36 -1 -1 6 61 62 0 -1 42 -1 55 13 15 34 21 31 -1 60 20 -1 -1 19 41 -1 -1 9 54 -1 45 -1 38
48538 30 -1 53 27 14 -1 24 -1 -1 -1 43 -1 47 -1 28 -1 50 32 12 -1 23 4 -1 -1 22 5 -1 36 -1 -1 6 61 62 0 -1 42 -1 55 13 15 34 21 31 -1 60 20 -1 -1 19 41 -1 -1 9 54 -1 45 -1 38
48538 30 -1 53 27 14 -1 24 -1 -1 -1 43 -1 47 -1 28 -1 50 32 12 -1 23 4 -1 -1 22 5 -1 36 -1 -1 6 61 62 0 -1 42 -1 55 13 15 34 21 31 -1 60 20 -1 -1 19 41 -1 -1 9 54 -1 45 -1 38
50044 65 -1 53 27 14 -1 24 -1 -1 -1 43 -1 47 -1 28 -1 50 32 12 -1 23 19 -1 -1 22 5 -1 36 -1 -1 6 4 62 0 -1 42 -1 55 13 9 34 15 31 -1 60 20 -1 -1 21 41 -1 -1 30 54 -1 45 -1 38
50044 65 -1 53 27 14 -1 24 -1 -1 -1 43 -1 47 -1 28 -1 50 32 12 -1 23 19 -1 -1 22 5 -1 36 -1 -1 6 4 62 0 -1 42 -1 55 13 9 34 15 31 -1 60 20 -1 -1 21 41 -1 -1 30 54 -1 45 -1 38
50044 65 -1 53 27 14 -1 24 -1 -1 -1 43 -1 47 -1 28 -1 50 32 12 -1 23 19 -1 -1 22 5 -1 36 -1 -1 6 4 62 0 -1 42 -1 55 13 9 34 15 31 -1 60 20 -1 -1 21 41 -1 -1 30 54 -1 45 -1 38
50044 65 -1 53 27 14 -1 24 -1 -1 -1 43 -1 47 -1 28 -1 50 32 12 -1 23 19 -1 -1 22 5 -1 36 -1 -1 6 4 62 0 -1 42 -1 55 13 9 34 15 31 -1 60 20 -1 -1 21 41 -1 -1 30 54 -1 45 -1 38
51283 65 -1 53 27 14 -1 24 -1 -1 -1 43 -1 47 -1 28 -1 50 32 12 -1 23 19 -1 -1 22 69 -1 36 -1 -1 5 4 62 42 -1 41 -1 55 13 9 0 15 31 -1 60 20 -1 -1 21 6 -1 -1 30 54 -1 45 -1 38
51283 65 -1 53 27 14 -1 24 -1 -1 -1 43 -1 47 -1 28 -1 50 32 12 -1 23 19 -1 -1 22 69 -1 36 -1 -1 5 4 62 42 -1 41 -1 55 13 9 0 15 31 -1 60 20 -1 -1 21 6 -1 -1 30 54 -1 45 -1 38
51842 65 -1 53 71 14 -1 38 -1 -1 -1 43 -1 47 -1 28 -1 50 32 12 -1 23 19 -1 -1 22 69 24 36 -1 -1 5 4 62 42 -1 41 -1 55 13 9 0 15 31 -1 60 27 -1 -1 21 6 -1 -1 30 54 -1 45 -1 20
51842 65 -1 53 71 14 -1 38 -1 -1 -1 43 -1 47 -1 28 -1 50 32 12 -1 23 19 -1 -1 22 69 24 36 -1 -1 5 4 62 42 -1 41 -1 55 13 9 0 15 31 -1 60 27 -1 -1 21 6 -1 -1 30 54 -1 45 -1 20
52300 65 -1 53 71 14 -1 73 -1 -1 -1 43 -1 47 -1 28 -1 50 32 12 -1 23 19 -1 -1 22 69 38 36 -1 -1 5 4 62 42 -1 41 -1 55 13 9 0 15 31 -1 60 27 -1 -1 21 6 -1 -1 30 54 -1 45 -1 20
52300 65 -1 53 71 14 -1 73 -1 -1 -1 43 -1 47 -1 28 -1 50 32 12 -1 23 19 -1 -1 22 69 38 36 -1 -1 5 4 62 42 -1 41 -1 55 13 9 0 15 31 -1 60 27 -1 -1 21 6 -1 -1 30 54 -1 45 -1 20
53694 65 -1 53 71 14 -1 73 -1 -1 -1 43 -1 47 -1 28 -1 50 32 12 -1 23 4 -1 -1 22 69 38 36 -1 -1 5 75 62 42 -1 41 -1 55 13 15 0 21 31 -1 60 27 -1 -1 19 6 -1 -1 30 54 -1 45 -1 20
53694 65 -1 53 71 14 -1 73 -1 -1 -1 43 -1 47 -1 28 -1 50 32 12 -1 23 4 -1 -1 22 69 38 36 -1 -1 5 75 62 42 -1 41 -1 55 13 15 0 21 31 -1 60 27 -1 -1 19 6 -1 -1 30 54 -1 45 -1 20
54262 65 -1 53 71 14 -1 73 -1 -1 31 43 -1 47 -1 28 -1 50 32 12 -1 23 4 -1 -1 22 5 38 69 -1 -1 6 75 62 77 -1 42 -1 55 13 15 0 21 36 -1 60 27 -1 -1 19 41 -1 -1 30 54 -1 45 -1 20
54752 65 -1 53 71 14 -1 73 -1 -1 31 43 -1 47 -1 28 -1 50 32 12 -1 23 4 -1 -1 22 69 38 36 -1 -1 5 75 62 42 0 41 -1 55 13 15 77 21 78 -1 60 27 -1 -1 19 6 -1 -1 30 54 -1 45 -1 20
54752 65 -1 53 71 14 -1 73 -1 -1 31 43 -1 47 -1 28 -1 50 32 12 -1 23 4 -1 -1 22 69 38 36 -1 -1 5 75 62 42 0 41 -1 55 13 15 77 21 78 -1 60 27 -1 -1 19 6 -1 -1 30 54 -1 45 -1 20
54817 65 -1 53 71 14 -1 73 -1 -1 31 43 -1 47 -1 28 -1 50 32 12 -1 23 80 -1 -1 22 69 38 36 -1 -1 5 75 62 42 0 41 -1 55 13 21 77 19 78 -1 60 27 -1 -1 4 6 -1 -1 30 54 -1 45 -1 20
55548 65 -1 53 71 14 0 73 -1 -1 31 43 -1 47 -1 28 -1 50 32 12 -1 23 4 -1 -1 75 69 38 36 -1 -1 5 80 62 42 22 41 -1 55 13 21 77 81 78 -1 60 27 -1 -1 19 6 -1 -1 30 54 -1 45 -1 20
56312 65 -1 53 31 14 0 73 -1 -1 78 43 -1 47 -1 28 -1 50 32 12 71 23 4 -1 -1 75 69 38 36 -1 -1 5 80 62 42 22 41 -1 55 13 21 77 81 82 -1 60 27 -1 -1 19 6 -1 -1 30 54 -1 45 -1 20
56312 65 -1 53 31 14 0 73 -1 -1 78 43 -1 47 -1 28 -1 50 32 12 71 23 4 -1 -1 75 69 38 36 -1 -1 5 80 62 42 22 41 -1 55 13 21 77 81 82 -1 60 27 -1 -1 19 6 -1 -1 30 54 -1 45 -1 20
56797 65 -1 53 71 14 0 73 -1 -1 31 43 -1 47 -1 28 -1 50 42 12 27 23 4 -1 -1 75 36 38 82 -1 -1 69 80 62 41 22 6 -1 55 13 21 77 81 78 -1 60 84 -1 -1 19 5 -1 -1 30 54 -1 45 -1 20
56797 65 -1 53 71 14 0 73 -1 -1 31 43 -1 47 -1 28 -1 50 42 12 27 23 4 -1 -1 75 36 38 82 -1 -1 69 80 62 41 22 6 -1 55 13 21 77 81 78 -1 60 84 -1 -1 19 5 -1 -1 30 54 -1 45 -1 20
56797 65 -1 53 71 14 0 73 -1 -1 31 43 -1 47 -1 28 -1 50 42 12 27 23 4 -1 -1 75 36 38 82 -1 -1 69 80 62 41 22 6 -1 55 13 21 77 81 78 -1 60 84 -1 -1 19 5 -1 -1 30 54 -1 45 -1 20
56797 65 -1 53 71 14 0 73 -1 -1 31 43 -1 47 -1 28 -1 50 42 12 27 23 4 -1 -1 75 36 38 82 -1 -1 69 80 62 41 22 6 -1 55 13 21 77 81 78 -1 60 84 -1 -1 19 5 -1 -1 30 54 -1 45 -1 20
57432 65 -1 53 71 14 0 73 -1 -1 31 43 -1 47 -1 28 -1 50 42 12 27 23 4 -1 -1 75 36 38 82 -1 -1 69 80 60 41 22 6 -1 13 88 21 77 81 78 -1 55 84 -1 -1 19 5 -1 -1 30 54 -1 45 -1 20
59106 65 89 53 71 14 0 73 -1 -1 31 43 -1 47 -1 28 -1 50 42 12 27 23 4 -1 -1 75 36 38 82 -1 -1 69 80 60 41 22 6 -1 13 88 21 77 81 78 -1 55 84 -1 -1 19 5 -1 -1 30 54 -1 45 -1 20
59106 65 89 53 71 14 0 73 -1 -1 31 43 -1 47 -1 28 -1 50 42 12 27 23 4 -1 -1 75 36 38 82 -1 -1 69 80 60 41 22 6 -1 13 88 21 77 81 78 -1 55 84 -1 -1 19 5 -1 -1 30 54 -1 45 -1 20
59106 65 89 53 71 14 0 73 -1 -1 31 43 -1 47 -1 28 -1 50 42 12 27 23 4 -1 -1 75 36 38 82 -1 -1 69 80 60 41 22 6 -1 13 88 21 77 81 78 -1 55 84 -1 -1 19 5 -1 -1 30 54 -1 45 -1 20
59106 65 89 53 71 14 0 73 -1 -1 31 43 -1 47 -1 28 -1 50 42 12 27 23 4 -1 -1 75 36 38 82 -1 -1 69 80 60 41 22 6 -1 13 88 21 77 81 78 -1 55 84 -1 -1 19 5 -1 -1 30 54 -1 45 -1 20
60367 65 89 53 71 14 0 73 -1 -1 31 93 -1 47 45 28 -1 50 42 12 27 23 4 -1 -1 75 36 38 82 -1 -1 69 80 60 41 22 6 -1 13 88 21 77 81 78 -1 55 84 -1 -1 19 5 -1 -1 30 54 -1 43 -1 20
60367 65 89 53 71 14 0 73 -1 -1 31 93 -1 47 45 28 -1 50 42 12 27 23 4 -1 -1 75 36 38 82 -1 -1 69 80 60 41 22 6 -1 13 88 21 77 81 78 -1 55 84 -1 -1 19 5 -1 -1 30 54 -1 43 -1 20
60367 65 89 53 71 14 0 73 -1 -1 31 93 -1 47 45 28 -1 50 42 12 27 23 4 -1 -1 75 36 38 82 -1 -1 69 80 60 41 22 6 -1 13 88 21 77 81 78 -1 55 84 -1 -1 19 5 -1 -1 30 54 -1 43 -1 20
60367 65 89 53 71 14 0 73 -1 -1 31 93 -1 47 45 28 -1 50 42 12 27 23 4 -1 -1 75 36 38 82 -1 -1 69 80 60 41 22 6 -1 13 88 21 77 81 78 -1 55 84 -1 -1 19 5 -1 -1 30 54 -1 43 -1 20
60367 65 89 53 71 14 0 73 -1 -1 31 93 -1 47 45 28 -1 50 42 12 27 23 4 -1 -1 75 36 38 82 -1 -1 69 80 60 41 22 6 -1 13 88 21 77 81 78 -1 55 84 -1 -1 19 5 -1 -1 30 54 -1 43 -1 20
60472 65 89 53 71 14 0 73 -1 -1 31 93 -1 38 45 28 -1 50 42 12 98 23 4 88 -1 75 36 20 82 -1 -1 69 80 47 41 22 6 -1 55 13 21 77 81 78 -1 60 84 -1 -1 19 5 -1 -1 30 54 -1 43 -1 27
60932 65 89 53 71 14 77 73 -1 -1 31 93 -1 38 45 28 -1 50 99 12 98 23 4 88 -1 22 36 20 82 -1 -1 69 75 47 41 0 6 -1 55 13 21 42 81 78 -1 60 84 -1 -1 19 5 -1 -1 30 54 -1 43 -1 27
60991 65 89 53 71 14 77 73 -1 -1 31 93 -1 38 45 28 -1 50 99 12 98 23 4 88 -1 22 36 20 82 -1 -1 69 75 47 41 0 6 -1 55 13 21 42 81 78 -1 100 84 -1 -1 19 5 -1 -1 30 54 -1 43 -1 27
60991 65 89 53 71 14 77 73 -1 -1 31 93 -1 38 45 28 -1 50 99 12 98 23 4 88 -1 22 36 20 82 -1 -1 69 75 47 41 0 6 -1 55 13 21 42 81 78 -1 100 84 -1 -1 19 5 -1 -1 30 54 -1 43 -1 27
60991 65 89 53 71 14 77 73 -1 -1 31 93 -1 38 45 28 -1 50 99 12 98 23 4 88 -1 22 36 20 82 -1 -1 69 75 47 41 0 6 -1 55 13 21 42 81 78 -1 100 84 -1 -1 19 5 -1 -1 30 54 -1 43 -1 27
60991 65 89 53 71 14 77 73 -1 -1 31 93 -1 38 45 28 -1 50 99 12 98 23 4 88 -1 22 36 20 82 -1 -1 69 75 47 41 0 6 -1 55 13 21 42 81 78 -1 100 84 -1 -1 19 5 -1 -1 30 54 -1 43 -1 27
60991 65 89 53 71 14 77 73 -1 -1 31 93 -1 38 45 28 -1 50 99 12 98 23 4 88 -1 22 36 20 82 -1 -1 69 75 47 41 0 6 -1 55 13 21 42 81 78 -1 100 84 -1 -1 19 5 -1 -1 30 54 -1 43 -1 27
60991 65 89 53 71 14 77 73 -1 -1 31 93 -1 38 45 28 -1 50 99 12 98 23 4 88 -1 22 36 20 82 -1 -1 69 75 47 41 0 6 -1 55 13 21 42 81 78 -1 100 84 -1 -1 19 5 -1 -1 30 54 -1 43 -1 27
60991 65 89 53 71 14 77 73 -1 -1 31 93 -1 38 45 28 -1 50 99 12 98 23 4 88 -1 22 36 20 82 -1 -1 69 75 47 41 0 6 -1 55 13 21 42 81 78 -1 100 84 -1 -1 19 5 -1 -1 30 54 -1 43 -1 27
60991 65 89 53 71 14 77 73 -1 -1 31 93 -1 38 45 28 -1 50 99 12 98 23 4 88 -1 22 36 20 82 -1 -1 69 75 47 41 0 6 -1 55 13 21 42 81 78 -1 100 84 -1 -1 19 5 -1 -1 30 54 -1 43 -1 27
61585 65 89 53 71 14 77 73 -1 -1 78 93 -1 38 45 28 -1 50 99 12 98 23 4 88 -1 22 108 20 36 -1 -1 69 75 47 41 0 6 -1 55 13 21 42 81 82 -1 100 84 -1 -1 19 5 -1 -1 30 54 -1 43 -1 27
61585 65 89 53 71 14 77 73 -1 -1 78 93 -1 38 45 28 -1 50 99 12 98 23 4 88 -1 22 108 20 36 -1 -1 69 75 47 41 0 6 -1 55 13 21 42 81 82 -1 100 84 -1 -1 19 5 -1 -1 30 54 -1 43 -1 27
61585 65 89 53 71 14 77 73 -1 -1 78 93 -1 38 45 28 -1 50 99 12 98 23 4 88 -1 22 108 20 36 -1 -1 69 75 47 41 0 6 -1 55 13 21 42 81 82 -1 100 84 -1 -1 19 5 -1 -1 30 54 -1 43 -1 27
61585 65 89 53 71 14 77 73 -1 -1 78 93 -1 38 45 28 -1 50 99 12 98 23 4 88 -1 22 108 20 36 -1 -1 69 75 47 41 0 6 -1 55 13 21 42 81 82 -1 100 84 -1 -1 19 5 -1 -1 30 54 -1 43 -1 27
61901 65 89 53 98 14 42 73 -1 -1 71 93 -1 38 45 28 -1 50 41 12 27 23 4 88 -1 22 36 112 82 -1 -1 108 75 47 6 0 5 -1 55 13 21 99 81 78 -1 100 84 -1 -1 19 69 -1 -1 30 77 -1 43 -1 20
62886 65 89 53 71 38 77 73 -1 -1 78 93 -1 112 45 28 -1 50 99 12 98 23 4 88 -1 22 108 20 36 -1 -1 69 75 47 41 113 6 -1 55 13 21 42 81 82 -1 100 84 -1 -1 19 5 -1 -1 30 0 -1 43 -1 27
63205 65 89 50 71 38 77 73 -1 -1 78 53 -1 112 43 28 -1 114 99 12 98 23 4 45 -1 22 108 20 36 -1 -1 69 75 47 41 113 6 -1 13 88 21 42 81 82 -1 55 84 -1 -1 19 5 -1 -1 30 0 -1 93 -1 27
63625 65 89 50 71 38 42 73 -1 -1 78 53 -1 112 43 28 -1 114 41 12 98 23 75 45 -1 113 115 20 36 -1 -1 108 22 47 6 0 5 -1 13 88 21 99 81 82 -1 55 84 -1 -1 19 69 -1 -1 30 77 -1 93 -1 27
63625 65 89 50 71 38 42 73 -1 -1 78 53 -1 112 43 28 -1 114 41 12 98 23 75 45 -1 113 115 20 36 -1 -1 108 22 47 6 0 5 -1 13 88 21 99 81 82 -1 55 84 -1 -1 19 69 -1 -1 30 77 -1 93 -1 27
64108 65 89 50 71 38 42 73 -1 -1 78 53 -1 112 43 28 -1 114 41 12 27 23 75 45 -1 113 115 20 36 -1 -1 108 22 47 6 0 5 -1 13 88 21 99 81 82 -1 55 84 -1 -1 19 69 -1 -1 30 77 -1 93 -1 117
65665 118 30 50 71 38 77 73 -1 -1 78 53 -1 112 43 28 -1 114 99 12 27 23 19 45 -1 22 115 20 36 -1 -1 108 75 47 41 113 6 -1 13 88 89 42 21 82 5 55 84 -1 -1 81 69 -1 -1 65 0 -1 93 -1 117
66668 118 30 50 71 38 77 73 -1 -1 78 53 -1 112 43 28 -1 114 99 12 27 23 19 88 -1 22 115 20 36 -1 -1 108 75 47 41 113 6 -1 55 13 89 42 21 82 5 119 84 -1 -1 81 69 -1 -1 65 0 -1 93 -1 117
67035 118 30 50 71 38 77 73 -1 -1 78 53 -1 112 43 28 -1 114 99 12 27 23 19 88 -1 22 115 20 36 -1 -1 108 75 47 41 113 6 -1 55 13 89 42 21 82 5 120 84 -1 -1 81 69 119 -1 65 0 -1 93 -1 117
67035 118 30 50 71 38 77 73 -1 -1 78 53 -1 112 43 28 -1 114 99 12 27 23 19 88 -1 22 115 20 36 -1 -1 108 75 47 41 113 6 -1 55 13 89 42 21 82 5 120 84 -1 -1 81 69 119 -1 65 0 -1 93 -1 117
67844 118 30 50 71 38 77 73 -1 -1 78 53 -1 112 43 28 -1 114 99 12 27 23 122 88 -1 22 115 20 36 -1 -1 108 75 47 41 113 6 -1 55 13 89 42 81 82 5 120 84 -1 -1 19 69 119 -1 65 0 -1 93 -1 117
67844 118 30 50 71 38 77 73 -1 -1 78 53 -1 112 43 28 -1 114 99 12 27 23 122 88 -1 22 115 20 36 -1 -1 108 75 47 41 113 6 -1 55 13 89 42 81 82 5 120 84 -1 -1 19 69 119 -1 65 0 -1 93 -1 117
68308 118 30 50 78 38 77 73 -1 -1 82 53 -1 112 43 28 -1 114 99 12 71 23 122 88 -1 22 115 20 108 -1 -1 69 75 47 41 113 6 -1 55 13 89 42 81 36 124 120 84 -1 27 19 5 119 -1 65 0 -1 93 -1 117
68314 118 30 125 71 47 42 73 -1 -1 78 50 -1 38 93 28 -1 114 41 12 27 23 122 43 -1 113 115 112 36 -1 -1 108 75 119 6 0 124 -1 13 88 89 99 81 82 5 55 84 -1 117 19 69 120 -1 65 77 -1 53 -1 20
68314 118 30 125 71 47 42 73 -1 -1 78 50 -1 38 93 28 -1 114 41 12 27 23 122 43 -1 113 115 112 36 -1 -1 108 75 119 6 0 124 -1 13 88 89 99 81 82 5 55 84 -1 117 19 69 120 -1 65 77 -1 53 -1 20
68314 118 30 125 71 47 42 73 -1 -1 78 50 -1 38 93 28 -1 114 41 12 27 23 122 43 -1 113 115 112 36 -1 -1 108 75 119 6 0 124 -1 13 88 89 99 81 82 5 55 84 -1 117 19 69 120 -1 65 77 -1 53 -1 20
68391 118 30 50 71 47 42 73 -1 -1 78 53 -1 38 43 28 -1 114 41 12 27 23 122 88 -1 113 115 112 36 -1 -1 108 75 119 6 0 124 -1 55 13 89 99 81 82 5 120 84 -1 117 19 69 128 -1 65 77 -1 93 -1 20
69096 118 30 50 71 119 42 73 -1 -1 78 53 -1 38 43 28 -1 114 41 12 27 23 122 129 -1 113 115 112 36 -1 -1 108 75 128 6 0 124 -1 13 88 89 99 81 82 5 55 84 -1 117 19 69 120 -1 65 77 -1 93 -1 20
69096 118 30 50 71 119 42 73 -1 -1 78 53 -1 38 43 28 -1 114 41 12 27 23 122 129 -1 113 115 112 36 -1 -1 108 75 128 6 0 124 -1 13 88 89 99 81 82 5 55 84 -1 117 19 69 120 -1 65 77 -1 93 -1 20
69638 118 30 50 71 119 42 73 69 -1 78 53 -1 38 43 28 -1 114 41 12 27 23 122 129 -1 113 115 112 36 -1 -1 108 75 128 6 0 124 -1 13 88 89 99 81 82 5 55 84 -1 117 19 131 120 -1 65 77 -1 93 -1 20
69638 118 30 50 71 119 42 73 69 -1 78 53 -1 38 43 28 -1 114 41 12 27 23 122 129 -1 113 115 112 36 -1 -1 108 75 128 6 0 124 -1 13 88 89 99 81 82 5 55 84 -1 117 19 131 120 -1 65 77 -1 93 -1 20
69638 118 30 50 71 119 42 73 69 -1 78 53 -1 38 43 28 -1 114 41 12 27 23 122 129 -1 113 115 112 36 -1 -1 108 75 128 6 0 124 -1 13 88 89 99 81 82 5 55 84 -1 117 19 131 120 -1 65 77 -1 93 -1 20
70120 118 30 50 71 119 42 73 69 -1 78 53 -1 38 43 28 -1 114 41 12 27 23 122 129 -1 113 115 112 36 -1 -1 108 75 134 6 0 124 -1 13 88 89 99 81 82 5 55 84 -1 117 19 131 120 -1 65 77 -1 93 -1 20
70120 118 30 50 71 119 42 73 69 -1 78 53 -1 38 43 28 -1 114 41 12 27 23 122 129 -1 113 115 112 36 -1 -1 108 75 134 6 0 124 -1 13 88 89 99 81 82 5 55 84 -1 117 19 131 120 -1 65 77 -1 93 -1 20
