29
17 134
27 354
30 949
13 51
7 725
6 724
8 625
18 1002
28 632
24 612
26 160
23 961
4 966
18 79
19 747
4 67
16 702
4 717
18 272
31 409
5 740
12 332
20 190
21 111
21 236
19 207
12 585
15 559
14 896
3
2 736 42
3
1 802 12
3
2 198 37
3
2 469 35
3
2 441 6
3
2 772 25
3
1 57 11
3
1 292 28
3
2 687 34
3
1 222 28
3
2 859 14
3
1 827 3
3
1 473 6
3
1 745 15
3
2 400 1
3
2 163 5
3
1 115 6
3
2 888 32
3
1 842 18
3
2 939 44
3
2 906 6
3
1 467 14
3
2 499 25
3
2 696 1
3
2 798 16
3
2 522 51
3
2 206 37
3
2 985 28
3
2 509 38
3
1 386 3
3
2 117 25
3
1 437 2
3
2 99 30
3
2 325 21
3
2 559 50
3
2 218 59
3
2 72 8
3
2 179 32
3
2 829 28
3
2 661 29
3
2 920 17
3
2 416 5
3
1 999 27
3
2 71 44
3
2 422 27
3
2 405 52
3
2 182 59
3
1 892 12
3
1 349 2
3
2 419 61
3
1 1016 18
3
1 997 9
3
2 829 26
3
1 1010 6
3
2 187 5
3
2 182 26
3
1 491 0
3
2 295 10
3
2 579 38
3
1 827 27
3
1 399 11
3
1 435 26
3
2 348 32
3
