46
-27 908
-8 -7
23 981
27 -719
26 558
22 192
27 -564
-1 303
-23 -29
-9 848
-32 -362
-13 368
13 -397
-19 -876
3 -608
-20 18
-3 894
14 -493
-14 -17
16 -502
-31 474
-5 -941
-11 114
24 -373
-22 307
-1 787
29 249
6 -636
19 -902
18 -648
26 -572
32 839
1 -106
15 659
-6 -355
-30 418
-28 -152
-8 29
-8 888
28 559
0 131
18 628
-18 451
-23 233
-18 529
-7 88
3
2 1004 10
3
1 -639 21
3
2 775 -42
3
2 -344 -56
3
2 158 -20
3
2 21 18
3
1 191 27
3
1 -206 10
3
1 -726 29
3
2 827 49
3
2 272 -10
3
2 37 18
3
2 974 -60
3
2 -1005 9
3
2 -63 12
3
2 329 50
3
2 -770 23
3
1 -523 18
3
1 687 26
3
2 934 12
3
2 244 33
3
1 -31 26
3
2 -58 -13
3
2 831 -64
3
1 -830 16
3
1 622 44
3
1 234 43
3
2 -839 29
3
2 -680 16
3
2 -593 -44
3
1 32 22
3
2 -364 47
3
2 655 -28
3
2 -234 -11
3
1 209 41
3
2 607 -12
3
2 -558 -31
3
1 492 38
3
1 -547 14
3
2 721 38
3
2 -511 62
3
2 638 -51
3
2 -917 30
3
2 -104 61
3
2 -488 -22
3
2 -596 -23
3
1 -612 39
3
2 -792 -25
3
1 -637 27
3
2 -995 -35
3
2 -934 22
3
1 816 7
3
2 -899 -2
3
2 10 30
3
2 -237 18
3
2 91 -18
3
2 80 -64
3
2 -550 0
3
2 -75 1
3
2 -712 36
3
1 20 3
3
2 -922 -42
3
2 709 -38
3
2 957 18
3
1 -411 42
3
2 -113 -58
3
2 -616 24
3
2 -941 -64
3
2 940 -38
3
2 383 -1
3
1 -354 10
3
2 -758 -4
3
1 833 21
3
2 -84 -6
3
2 -27 -30
3
1 3 32
3
1 -591 27
3
2 -882 -45
3
1 384 12
3
2 -1014 -32
3
2 588 -63
3
2 -868 13
3
2 -466 50
3
1 382 42
3
2 150 18
3
2 -888 -28
3
2 434 36
3
2 -927 58
3
2 -912 -35
3
2 406 -34
3
1 -247 44
3
1 222 38
3
2 -646 -7
3
1 -606 30
3
1 788 45
3
2 562 24
3
2 -883 -23
3
2 447 44
3
1 -1000 12
3
2 -185 16
3
1 712 16
3
1 -710 13
3
2 -599 -47
3
2 342 -15
3
2 1003 10
3
2 334 -51
3
2 385 29
3
2 -458 -54
3
1 508 6
3
2 -432 48
3
1 -705 36
3
2 -748 46
3
2 619 37
3
2 370 32
3
2 -89 54
3
2 929 63
3
2 -25 -34
3
2 43 -30
3
