27
18 -945
8 -611
18 -217
-2 -548
-11 596
30 381
-26 -875
-26 185
13 812
17 2
-12 1010
-30 -291
10 133
17 -575
-25 497
-9 -834
-13 -661
11 -885
0 1020
29 60
-31 140
25 -472
-20 -962
-11 729
-18 849
-32 106
-20 -662
3
2 139 -32
3
2 77 8
3
1 -891 5
3
1 -528 6
3
2 130 -39
3
1 -835 4
3
2 -907 8
3
2 -845 50
3
1 542 14
3
1 -889 10
3
2 463 28
3
2 -404 -20
3
2 251 -24
3
1 -54 12
3
1 -731 9
3
2 744 -60
3
1 822 16
3
2 -346 1
3
2 -274 -29
3
2 17 -17
3
1 158 25
3
2 -743 46
3
2 713 -43
3
2 616 1
3
2 -941 -41
3
2 -890 -10
3
1 848 25
3
2 217 30
3
2 -510 4
3
2 542 29
3
2 108 -24
3
2 -136 14
3
2 -625 63
3
2 -202 33
3
1 95 7
3
2 394 20
3
2 -651 50
3
2 150 -7
3
2 417 -29
3
2 -847 5
3
2 593 12
3
2 77 -53
3
2 273 -17
3
2 -615 23
3
2 944 -10
3
2 121 44
3
2 -292 60
3
2 528 44
3
2 -840 52
3
