46
3 983
8 356
5 411
11 94
9 150
19 453
6 454
20 434
18 711
24 624
31 307
23 35
25 408
4 870
6 654
6 808
4 877
11 489
8 21
6 464
11 888
20 1008
29 776
2 175
14 217
30 12
12 372
14 356
11 721
9 657
30 718
24 962
27 579
10 834
23 1007
17 769
6 164
17 162
11 146
16 376
10 109
4 885
32 433
24 235
2 416
27 479
3
2 306 32
3
2 884 9
3
1 459 22
3
1 203 15
3
2 955 62
3
2 76 13
3
2 438 58
3
1 298 18
3
2 514 3
3
2 929 61
3
1 14 40
3
1 693 31
3
1 157 45
3
2 917 55
3
2 817 49
3
2 631 61
3
1 820 25
3
2 373 27
3
2 358 28
3
1 472 24
3
1 40 5
3
2 24 63
3
1 849 30
3
2 448 48
3
2 714 32
3
2 786 22
3
2 998 9
3
2 435 61
3
2 600 34
3
2 704 57
3
2 613 33
3
2 631 56
3
1 619 29
3
2 11 7
3
2 32 17
3
2 614 34
3
2 808 7
3
2 27 57
3
2 617 16
3
1 18 25
3
2 183 52
3
2 101 42
3
1 466 6
3
1 409 4
3
2 847 62
3
2 548 36
3
2 142 11
3
2 448 38
3
2 815 14
3
2 576 31
3
1 201 30
3
2 754 57
3
1 210 11
3
1 442 3
3
2 873 48
3
1 167 0
3
2 135 32
3
2 748 32
3
2 394 14
3
2 695 13
3
2 307 21
3
2 866 6
3
2 954 24
3
2 167 17
3
2 561 57
3
1 121 31
3
2 484 38
3
2 410 17
3
2 948 26
3
2 668 16
3
2 609 2
3
1 955 36
3
2 781 29
3
1 552 26
3
2 677 51
3
2 978 44
3
1 977 26
3
2 815 40
3
2 941 28
3
2 120 55
3
2 975 23
3
1 635 4
3
2 877 29
3
2 885 5
3
2 78 41
3
2 352 58
3
2 848 10
3
2 678 57
3
1 588 32
3
2 971 28
3
2 474 42
3
1 427 0
3
1 670 8
3
2 109 5
3
2 958 19
3
2 705 50
3
2 496 1
3
1 813 15
3
1 17 34
3
1 81 29
3
2 646 21
3
2 274 63
3
2 943 28
3
2 360 8
3
2 101 5
3
2 842 6
3
1 489 22
3
2 18 33
3
2 242 49
3
2 55 1
3
2 598 7
3
2 799 24
3
2 268 6
3
1 905 38
3
1 523 38
3
1 222 16
3
2 355 3
3
2 744 20
3
2 18 6
3
2 813 60
3
2 3 17
3
1 110 29
3
1 535 34
3
2 923 4
3
