41
-9 844
-22 817
26 -962
27 -382
25 411
-31 439
5 -297
24 2
-9 335
21 630
-16 -368
-5 -840
-13 -752
21 -986
-19 494
1 919
23 -690
-13 863
9 -43
-18 -877
11 -931
-31 -83
-23 586
17 -110
-26 775
10 347
15 587
-5 -550
-16 -750
6 492
8 -27
-30 -968
24 -440
-19 -320
6 375
-31 397
15 926
5 -760
32 -793
-6 895
31 161
3
2 388 42
3
2 863 -18
3
2 -674 29
3
1 -189 26
3
2 631 47
3
2 -714 42
3
1 138 2
3
2 40 21
3
2 -1010 31
3
2 398 -40
3
1 -922 29
3
2 339 28
3
2 -174 -13
3
2 593 55
3
2 904 48
3
2 598 27
3
2 -357 58
3
2 180 -29
3
2 470 -25
3
1 -622 27
3
2 -529 -49
3
1 -713 22
3
1 198 12
3
2 -378 12
3
2 1017 30
3
2 -667 -48
3
1 -790 39
3
2 -1006 9
3
2 -488 -46
3
2 -30 20
3
2 350 12
3
2 -497 44
3
2 -683 11
3
1 -370 25
3
2 -771 2
3
2 -744 -64
3
2 534 51
3
2 640 40
3
2 -898 -21
3
2 -480 -52
3
2 -782 -13
3
2 -164 -37
3
2 687 -30
3
2 574 57
3
2 -937 -58
3
2 -891 3
3
2 797 -56
3
2 -840 -7
3
2 525 -58
3
1 -274 20
3
1 753 29
3
1 1 6
3
1 -680 20
3
2 -68 -24
3
2 -78 -8
3
1 -718 16
3
2 -93 -53
3
1 -19 35
3
1 -989 27
3
2 94 -29
3
2 -898 59
3
2 -30 60
3
2 152 -40
3
2 -9 -51
3
2 -372 -11
3
1 -172 40
3
2 -664 -2
3
2 734 -55
3
2 -974 -44
3
2 -25 58
3
2 27 13
3
1 962 17
3
2 -971 9
3
2 38 -17
3
2 977 20
3
1 -116 35
3
2 992 -17
3
2 999 -23
3
2 -935 29
3
1 -187 36
3
2 -105 -38
3
2 -448 1
3
2 834 -48
3
1 500 37
3
1 530 1
3
2 847 -56
3
1 221 11
3
2 95 42
3
1 962 33
3
2 296 40
3
