54
20 429
31 139
16 291
7 868
9 963
30 141
25 800
7 350
25 525
24 407
12 652
16 743
3 496
10 815
5 940
24 440
24 886
2 871
24 776
10 769
10 808
13 291
7 211
32 831
31 343
22 970
2 325
16 900
20 313
19 472
4 778
15 571
32 465
1 791
24 107
23 930
18 419
4 472
21 835
22 339
25 491
28 123
16 972
30 611
4 688
27 488
26 969
2 57
25 451
15 625
13 358
18 446
8 725
21 381
3
2 170 15
3
2 661 43
3
1 452 37
3
2 38 57
3
2 96 32
3
2 41 2
3
2 449 4
3
2 49 48
3
2 578 45
3
2 278 1
3
2 812 42
3
1 475 21
3
2 259 1
3
2 41 39
3
2 511 6
3
2 397 46
3
1 340 6
3
2 105 31
3
2 227 33
3
2 100 54
3
2 354 34
3
2 302 60
3
2 228 62
3
2 79 39
3
2 114 37
3
2 821 49
3
2 185 4
3
1 704 13
3
2 886 14
3
2 152 50
3
1 442 12
3
2 902 64
3
1 143 52
3
2 664 49
3
1 456 45
3
1 637 38
3
1 223 16
3
1 688 36
3
2 31 4
3
2 878 28
3
2 434 21
3
1 536 39
3
2 632 40
3
2 982 64
3
2 602 7
3
2 2 3
3
1 603 16
3
2 695 16
3
2 382 46
3
1 915 34
3
2 345 13
3
1 49 35
3
2 328 27
3
2 385 49
3
1 298 53
3
2 181 12
3
1 853 1
3
1 452 31
3
1 705 6
3
2 450 44
3
1 861 29
3
1 333 6
3
2 791 60
3
2 328 61
3
2 632 38
3
2 110 26
3
2 422 47
3
2 766 50
3
2 806 51
3
2 572 52
3
2 940 16
3
2 296 29
3
2 199 51
3
1 256 49
3
1 426 6
3
2 285 30
3
2 859 3
3
2 702 64
3
2 508 38
3
2 658 33
3
1 20 53
3
2 985 51
3
2 530 57
3
2 6 56
3
2 823 33
3
2 205 61
3
2 380 23
3
2 154 20
3
2 1001 15
3
2 554 33
3
2 286 52
3
2 33 12
3
2 129 29
3
2 338 34
3
2 989 24
3
2 663 36
3
2 495 32
3
2 904 57
3
2 609 33
3
1 415 13
3
1 893 4
3
2 934 7
3
2 833 7
3
2 788 25
3
2 31 53
3
2 10 11
3
2 1009 57
3
2 815 1
3
2 129 33
3
2 481 64
3
2 481 60
3
1 148 49
3
2 466 34
3
2 940 54
3
2 551 20
3
2 122 29
3
1 881 22
3
1 134 17
3
1 84 9
3
2 705 28
3
1 504 9
3
2 788 15
3
1 567 41
3
2 993 11
3
2 354 49
3
2 664 43
3
2 536 27
3
2 464 32
3
2 329 51
3
1 738 27
3
2 58 43
3
2 205 62
3
1 66 18
3
2 472 21
3
2 163 54
3
2 193 13
3
1 571 13
3
2 257 52
3
2 67 60
3
1 127 0
3
2 919 22
3
2 873 34
3
2 138 35
3
2 201 58
3
2 979 28
3
