34
18 -791
14 133
-22 -105
18 -199
2 608
-10 831
-13 490
25 -994
31 576
-14 764
19 896
15 -450
14 -462
21 507
-32 -885
17 -29
25 110
0 -127
5 -50
-10 433
-10 -477
-22 -843
-29 222
3 127
-12 1015
2 977
28 1011
6 -382
-18 -364
5 213
-5 432
-32 -876
23 800
-6 -991
3
2 -305 44
3
2 -270 13
3
2 -258 -10
3
1 382 29
3
1 761 23
3
2 235 -32
3
2 271 7
3
1 -541 4
3
1 -869 9
3
1 444 6
3
2 681 7
3
2 452 -21
3
1 403 26
3
2 54 52
3
2 719 62
3
2 222 -50
3
1 879 24
3
2 636 -34
3
2 -199 52
3
1 -1006 3
3
1 782 4
3
2 988 57
3
2 -149 -52
3
2 -357 13
3
1 648 23
3
2 259 -44
3
2 537 -58
3
2 -417 4
3
2 -268 35
3
2 -917 -60
3
1 732 2
3
2 275 -50
3
1 -1021 25
3
2 -341 11
3
1 137 18
3
2 -876 10
3
2 952 63
3
2 769 14
3
2 -940 -43
3
2 77 -57
3
2 166 -38
3
2 -1015 62
3
2 57 44
3
2 713 62
3
2 1007 -24
3
2 -905 40
3
2 -701 -5
3
2 -66 -11
3
2 -411 61
3
1 626 9
3
2 -12 -14
3
2 -4 43
3
1 -412 11
3
1 665 1
3
2 -717 28
3
2 -836 -53
3
2 -970 63
3
2 -70 -13
3
2 935 28
3
1 -272 28
3
2 513 10
3
2 438 22
3
2 800 -40
3
2 -957 -18
3
1 459 17
3
2 -961 -34
3
2 -459 -30
3
2 868 45
3
