662 -1 -1 -1 -1 -1 -1 -1 -1 -1 -1 -1 -1 -1 -1 -1 -1 -1 -1 -1 -1 -1 -1 -1 -1 -1 -1 -1 -1 -1 -1 -1
4031 -1 -1 -1 -1 -1 -1 -1 0 -1 -1 -1 -1 -1 -1 -1 -1 -1 -1 -1 -1 -1 -1 -1 -1 -1 -1 -1 -1 -1 -1 -1
5955 -1 -1 1 -1 -1 -1 -1 0 -1 -1 -1 -1 -1 -1 -1 -1 -1 -1 -1 -1 -1 -1 -1 -1 -1 -1 -1 -1 -1 -1 -1
7651 -1 -1 1 -1 -1 -1 -1 0 -1 -1 -1 -1 -1 -1 -1 -1 2 -1 -1 -1 -1 -1 -1 -1 -1 -1 -1 -1 -1 -1 -1
9877 -1 -1 1 -1 -1 -1 -1 0 -1 -1 -1 -1 -1 -1 -1 -1 2 3 -1 -1 -1 -1 -1 -1 -1 -1 -1 -1 -1 -1 -1
10175 -1 -1 1 -1 -1 -1 -1 0 -1 -1 -1 -1 -1 -1 -1 -1 2 3 -1 -1 -1 -1 4 -1 -1 -1 -1 -1 -1 -1 -1
11913 -1 -1 1 -1 -1 -1 -1 0 -1 -1 -1 -1 -1 -1 -1 -1 2 3 -1 -1 -1 -1 4 -1 -1 -1 -1 -1 5 -1 -1
12231 6 -1 1 -1 -1 -1 -1 0 -1 -1 -1 -1 -1 -1 -1 -1 2 3 -1 -1 -1 -1 4 -1 -1 -1 -1 -1 5 -1 -1
13083 6 -1 1 -1 -1 -1 -1 0 -1 -1 -1 7 -1 -1 -1 -1 2 3 -1 -1 -1 -1 4 -1 -1 -1 -1 -1 5 -1 -1
14315 6 -1 1 -1 3 -1 -1 8 -1 -1 -1 7 -1 -1 -1 -1 2 0 -1 -1 -1 -1 4 -1 -1 -1 -1 -1 5 -1 -1
14485 7 -1 9 -1 3 -1 -1 8 -1 -1 -1 4 -1 -1 -1 -1 2 0 -1 -1 -1 -1 1 -1 -1 -1 -1 -1 5 -1 -1
14981 7 10 9 -1 3 -1 -1 8 -1 -1 -1 4 -1 -1 -1 -1 2 0 -1 -1 -1 -1 1 -1 -1 -1 -1 -1 5 -1 -1
14981 7 10 9 -1 3 -1 -1 8 -1 -1 -1 4 -1 -1 -1 -1 2 0 -1 -1 -1 -1 1 -1 -1 -1 -1 -1 5 -1 -1
15250 7 10 12 -1 3 -1 5 8 -1 -1 -1 4 -1 -1 -1 -1 9 0 -1 -1 -1 -1 1 -1 -1 -1 -1 -1 2 -1 -1
16154 3 10 12 -1 0 -1 5 8 -1 -1 -1 7 -1 -1 -1 -1 9 13 -1 -1 -1 -1 1 -1 -1 4 -1 -1 2 -1 -1
16154 3 10 12 -1 0 -1 5 8 -1 -1 -1 7 -1 -1 -1 -1 9 13 -1 -1 -1 -1 1 -1 -1 4 -1 -1 2 -1 -1
16154 3 10 12 -1 0 -1 5 8 -1 -1 -1 7 -1 -1 -1 -1 9 13 -1 -1 -1 -1 1 -1 -1 4 -1 -1 2 -1 -1
16881 16 10 12 -1 0 3 5 8 -1 -1 -1 7 -1 -1 -1 -1 9 13 -1 -1 -1 -1 1 -1 -1 4 -1 -1 2 -1 -1
18482 16 10 12 -1 0 3 5 8 -1 -1 -1 7 -1 -1 -1 -1 17 13 -1 -1 -1 -1 1 -1 -1 4 -1 -1 2 -1 -1
19872 16 10 12 -1 0 3 5 18 -1 -1 -1 7 -1 -1 -1 -1 17 13 -1 -1 -1 -1 1 -1 8 4 -1 -1 2 -1 -1
20343 16 10 12 -1 0 19 5 18 -1 -1 -1 3 -1 -1 -1 -1 17 13 -1 -1 -1 -1 1 -1 8 7 -1 -1 2 -1 -1
20573 16 10 12 -1 0 19 5 18 -1 -1 -1 3 -1 -1 -1 -1 17 13 -1 -1 -1 -1 1 -1 8 7 -1 -1 2 20 -1
20573 16 10 12 -1 0 19 5 18 -1 -1 -1 3 -1 -1 -1 -1 17 13 -1 -1 -1 -1 1 -1 8 7 -1 -1 2 20 -1
20573 16 10 12 -1 0 19 5 18 -1 -1 -1 3 -1 -1 -1 -1 17 13 -1 -1 -1 -1 1 -1 8 7 -1 -1 2 20 -1
21225 16 10 12 7 0 19 5 18 -1 -1 -1 3 -1 -1 -1 -1 17 13 -1 -1 -1 -1 1 -1 8 23 -1 -1 2 20 -1
21225 16 10 12 7 0 19 5 18 -1 -1 -1 3 -1 -1 -1 -1 17 13 -1 -1 -1 -1 1 -1 8 23 -1 -1 2 20 -1
22510 16 10 25 7 0 19 5 18 -1 -1 -1 3 -1 -1 -1 -1 17 13 -1 -1 -1 -1 1 -1 8 23 -1 -1 2 20 -1
22954 16 10 25 7 0 19 5 18 -1 26 -1 3 -1 -1 -1 -1 17 13 -1 -1 -1 -1 1 -1 8 23 -1 -1 2 20 -1
23033 16 10 25 7 0 19 5 18 -1 26 -1 3 -1 -1 -1 -1 17 13 -1 -1 2 -1 1 -1 8 23 -1 -1 27 20 -1
23251 16 10 25 7 0 19 5 18 -1 28 -1 3 -1 -1 -1 26 17 13 -1 -1 2 -1 1 -1 8 23 -1 -1 27 20 -1
23641 16 10 25 7 0 19 5 18 -1 28 -1 3 -1 -1 -1 26 17 13 -1 -1 29 -1 1 -1 8 23 -1 -1 2 20 -1
24320 16 10 25 23 0 19 5 18 -1 28 -1 3 -1 -1 -1 26 17 13 -1 -1 29 -1 1 -1 8 30 -1 7 2 20 -1
24320 16 10 25 23 0 19 5 18 -1 28 -1 3 -1 -1 -1 26 17 13 -1 -1 29 -1 1 -1 8 30 -1 7 2 20 -1
25174 16 10 17 23 0 19 5 18 -1 1 -1 3 -1 -1 -1 26 32 13 -1 -1 29 -1 25 -1 8 30 -1 7 2 20 -1
25531 16 10 17 23 0 19 5 18 -1 1 -1 7 -1 -1 -1 26 32 13 -1 -1 29 -1 25 -1 8 30 -1 33 2 3 -1
26356 16 10 17 23 0 19 5 18 -1 1 -1 7 -1 -1 -1 26 32 13 -1 -1 29 -1 25 -1 8 34 -1 33 2 3 30
26356 16 10 17 23 0 19 5 18 -1 1 -1 7 -1 -1 -1 26 32 13 -1 -1 29 -1 25 -1 8 34 -1 33 2 3 30
26356 16 10 17 23 0 19 5 18 -1 1 -1 7 -1 -1 -1 26 32 13 -1 -1 29 -1 25 -1 8 34 -1 33 2 3 30
26356 16 10 17 23 0 19 5 18 -1 1 -1 7 -1 -1 -1 26 32 13 -1 -1 29 -1 25 -1 8 34 -1 33 2 3 30
26373 16 10 17 23 0 7 5 18 -1 1 -1 38 -1 -1 -1 26 32 13 -1 -1 29 -1 25 -1 8 34 -1 33 2 3 30
26373 16 10 17 23 0 7 5 18 -1 1 -1 38 -1 -1 -1 26 32 13 -1 -1 29 -1 25 -1 8 34 -1 33 2 3 30
27019 16 10 40 23 0 7 5 18 -1 1 -1 38 -1 -1 -1 26 17 13 -1 -1 2 -1 25 -1 8 34 -1 33 32 3 30
27019 16 10 40 23 0 7 5 18 -1 1 -1 38 -1 -1 -1 26 17 13 -1 -1 2 -1 25 -1 8 34 -1 33 32 3 30
27598 16 10 40 34 0 7 5 18 -1 1 -1 23 -1 -1 -1 26 17 13 -1 -1 2 -1 25 -1 8 42 -1 33 32 3 30
27598 16 10 40 34 0 7 5 18 -1 1 -1 23 -1 -1 -1 26 17 13 -1 -1 2 -1 25 -1 8 42 -1 33 32 3 30
27986 16 10 40 34 0 7 5 18 -1 1 44 23 -1 -1 -1 26 17 13 -1 -1 2 -1 25 -1 8 42 -1 33 32 3 30
28468 16 10 40 42 0 23 5 18 -1 1 44 34 -1 -1 -1 45 17 13 -1 -1 2 -1 25 -1 8 30 -1 33 32 3 26
28468 16 10 40 42 0 23 5 18 -1 1 44 34 -1 -1 -1 45 17 13 -1 -1 2 -1 25 -1 8 30 -1 33 32 3 26
28746 16 10 40 42 0 23 5 18 -1 47 44 34 -1 -1 -1 45 17 13 -1 -1 2 -1 1 -1 8 30 25 33 32 3 26
28746 16 10 40 42 0 23 5 18 -1 47 44 34 -1 -1 -1 45 17 13 -1 -1 2 -1 1 -1 8 30 25 33 32 3 26
28746 16 10 40 42 0 23 5 18 -1 47 44 34 -1 -1 -1 45 17 13 -1 -1 2 -1 1 -1 8 30 25 33 32 3 26
28746 16 10 40 42 0 23 5 18 -1 47 44 34 -1 -1 -1 45 17 13 -1 -1 2 -1 1 -1 8 30 25 33 32 3 26
28746 16 10 40 42 0 23 5 18 -1 47 44 34 -1 -1 -1 45 17 13 -1 -1 2 -1 1 -1 8 30 25 33 32 3 26
29549 16 10 17 42 0 23 5 18 -1 1 44 34 -1 -1 -1 45 32 13 -1 -1 52 -1 25 -1 8 30 40 33 2 3 47
29852 3 10 17 42 0 53 5 18 -1 1 44 34 -1 -1 -1 45 32 13 -1 -1 52 -1 25 -1 8 30 40 33 2 23 47
29852 3 10 17 42 0 53 5 18 -1 1 44 34 -1 -1 -1 45 32 13 -1 -1 52 -1 25 -1 8 30 40 33 2 23 47
29852 3 10 17 42 0 53 5 18 -1 1 44 34 -1 -1 -1 45 32 13 -1 -1 52 -1 25 -1 8 30 40 33 2 23 47
30746 3 10 17 42 0 53 5 18 -1 1 44 34 -1 -1 -1 45 32 56 -1 -1 52 -1 25 -1 8 30 40 33 2 23 47
30858 3 10 17 57 0 53 5 18 -1 1 44 34 -1 -1 -1 45 32 56 -1 -1 52 -1 25 -1 8 30 40 42 2 23 47
31183 3 2 17 57 0 53 5 18 -1 1 44 34 -1 -1 -1 45 32 56 -1 -1 58 -1 25 -1 8 30 40 42 52 23 47
31230 3 2 17 57 0 53 5 18 -1 1 44 34 -1 -1 -1 45 32 56 -1 59 58 -1 25 -1 8 30 40 42 52 23 47
31230 3 2 17 57 0 53 5 18 -1 1 44 34 -1 -1 -1 45 32 56 -1 59 58 -1 25 -1 8 30 40 42 52 23 47
31852 3 52 17 57 0 53 5 18 -1 1 44 34 -1 -1 -1 45 32 56 -1 59 58 -1 25 -1 8 30 40 42 61 23 47
31852 3 52 17 57 0 53 5 18 -1 1 44 34 -1 -1 -1 45 32 56 -1 59 58 -1 25 -1 8 30 40 42 61 23 47
