30857 -1 -1 -1 -1 -1 -1 -1 -1 -1 -1 -1 -1 -1 -1 -1 -1 -1 -1 -1 -1 -1 -1 -1 -1 -1 -1 -1 -1 -1 -1 -1 -1 -1 -1 -1 -1 -1 -1 -1 -1 -1 -1 -1 -1 -1 -1 -1 -1 -1 -1 -1 -1 -1 -1
31353 -1 0 -1 -1 -1 -1 -1 -1 -1 -1 -1 -1 -1 -1 -1 -1 -1 -1 -1 -1 -1 -1 -1 -1 -1 -1 -1 -1 -1 -1 -1 -1 -1 -1 -1 -1 -1 -1 -1 -1 -1 -1 -1 -1 -1 -1 -1 -1 -1 -1 -1 -1 -1 -1
33191 -1 1 -1 -1 -1 0 -1 -1 -1 -1 -1 -1 -1 -1 -1 -1 -1 -1 -1 -1 -1 -1 -1 -1 -1 -1 -1 -1 -1 -1 -1 -1 -1 -1 -1 -1 -1 -1 -1 -1 -1 -1 -1 -1 -1 -1 -1 -1 -1 -1 -1 -1 -1 -1
33191 -1 1 -1 -1 -1 0 -1 -1 -1 -1 -1 -1 -1 -1 -1 -1 -1 -1 -1 -1 -1 -1 -1 -1 -1 -1 -1 -1 -1 -1 -1 -1 -1 -1 -1 -1 -1 -1 -1 -1 -1 -1 -1 -1 -1 -1 -1 -1 -1 -1 -1 -1 -1 -1
34800 -1 3 -1 -1 -1 1 -1 -1 -1 -1 -1 -1 -1 -1 -1 -1 -1 -1 -1 -1 -1 -1 -1 -1 -1 -1 -1 -1 -1 -1 -1 -1 -1 -1 -1 -1 -1 -1 -1 -1 -1 0 -1 -1 -1 -1 -1 -1 -1 -1 -1 -1 -1 -1
35625 -1 3 -1 -1 -1 1 -1 -1 -1 -1 -1 -1 -1 -1 -1 -1 -1 -1 -1 -1 -1 -1 -1 -1 -1 -1 -1 -1 -1 -1 -1 -1 -1 -1 0 -1 -1 -1 -1 -1 -1 4 -1 -1 -1 -1 -1 -1 -1 -1 -1 -1 -1 -1
35625 -1 3 -1 -1 -1 1 -1 -1 -1 -1 -1 -1 -1 -1 -1 -1 -1 -1 -1 -1 -1 -1 -1 -1 -1 -1 -1 -1 -1 -1 -1 -1 -1 -1 0 -1 -1 -1 -1 -1 -1 4 -1 -1 -1 -1 -1 -1 -1 -1 -1 -1 -1 -1
36025 -1 3 -1 -1 -1 1 -1 -1 -1 -1 -1 -1 -1 -1 -1 -1 -1 -1 -1 -1 -1 -1 -1 -1 -1 -1 -1 -1 -1 -1 -1 -1 -1 -1 0 -1 -1 -1 -1 -1 -1 4 -1 -1 -1 -1 -1 6 -1 -1 -1 -1 -1 -1
37219 -1 7 -1 -1 -1 1 -1 -1 -1 -1 -1 -1 -1 -1 -1 -1 -1 -1 -1 -1 -1 -1 -1 -1 3 -1 -1 -1 -1 -1 -1 -1 -1 -1 0 -1 -1 -1 -1 -1 -1 4 -1 -1 -1 -1 -1 6 -1 -1 -1 -1 -1 -1
38784 -1 8 -1 -1 -1 1 -1 -1 -1 -1 -1 -1 -1 -1 -1 -1 -1 -1 -1 -1 -1 -1 -1 -1 7 -1 -1 -1 -1 -1 -1 -1 3 -1 0 -1 -1 -1 -1 -1 -1 4 -1 -1 -1 -1 -1 6 -1 -1 -1 -1 -1 -1
38873 -1 8 -1 -1 -1 1 -1 -1 -1 -1 -1 -1 -1 -1 -1 -1 -1 -1 -1 -1 -1 -1 6 -1 7 -1 -1 -1 -1 -1 -1 -1 3 -1 0 -1 -1 -1 -1 -1 -1 4 -1 -1 -1 -1 -1 9 -1 -1 -1 -1 -1 -1
40364 -1 8 -1 -1 -1 1 -1 -1 -1 -1 -1 -1 -1 -1 -1 -1 -1 -1 -1 -1 -1 -1 6 -1 7 -1 -1 -1 -1 -1 -1 -1 3 -1 4 -1 -1 -1 -1 0 -1 10 -1 -1 -1 -1 -1 9 -1 -1 -1 -1 -1 -1
40548 -1 8 -1 -1 -1 1 -1 -1 -1 -1 -1 -1 -1 -1 -1 -1 -1 -1 -1 -1 -1 11 6 -1 7 -1 -1 -1 -1 -1 -1 -1 3 -1 4 -1 -1 -1 -1 0 -1 10 -1 -1 -1 -1 -1 9 -1 -1 -1 -1 -1 -1
40559 -1 8 6 -1 -1 1 -1 -1 -1 -1 -1 -1 -1 -1 -1 -1 -1 -1 -1 -1 -1 11 9 -1 7 -1 -1 -1 -1 -1 -1 -1 3 -1 4 -1 -1 -1 -1 0 -1 10 -1 -1 -1 -1 -1 12 -1 -1 -1 -1 -1 -1
41165 -1 8 6 -1 -1 1 -1 -1 -1 -1 -1 -1 -1 -1 -1 -1 -1 -1 -1 -1 -1 11 9 -1 7 -1 -1 -1 -1 -1 -1 -1 3 -1 4 -1 -1 -1 -1 0 -1 10 -1 -1 -1 13 -1 12 -1 -1 -1 -1 -1 -1
41483 -1 8 6 -1 -1 1 -1 -1 -1 -1 -1 -1 -1 -1 -1 -1 -1 -1 -1 -1 -1 11 9 -1 7 -1 -1 -1 14 -1 -1 -1 3 -1 4 -1 -1 -1 -1 0 -1 10 -1 -1 -1 13 -1 12 -1 -1 -1 -1 -1 -1
42650 -1 15 6 -1 -1 1 -1 -1 -1 -1 -1 -1 -1 -1 -1 -1 -1 -1 -1 -1 -1 11 9 -1 7 -1 -1 -1 14 -1 -1 -1 3 -1 4 -1 -1 -1 -1 0 -1 10 -1 8 -1 13 -1 12 -1 -1 -1 -1 -1 -1
42650 -1 15 6 -1 -1 1 -1 -1 -1 -1 -1 -1 -1 -1 -1 -1 -1 -1 -1 -1 -1 11 9 -1 7 -1 -1 -1 14 -1 -1 -1 3 -1 4 -1 -1 -1 -1 0 -1 10 -1 8 -1 13 -1 12 -1 -1 -1 -1 -1 -1
43092 -1 15 6 -1 -1 1 -1 -1 -1 17 -1 -1 -1 -1 -1 -1 -1 -1 -1 -1 -1 11 9 -1 7 -1 -1 -1 14 -1 -1 -1 3 -1 4 -1 -1 -1 -1 0 -1 10 -1 8 -1 13 -1 12 -1 -1 -1 -1 -1 -1
43693 -1 15 6 -1 -1 1 -1 -1 -1 17 -1 -1 -1 -1 -1 -1 -1 -1 -1 -1 -1 11 9 -1 7 -1 -1 -1 14 -1 -1 -1 3 -1 4 -1 -1 -1 -1 0 -1 10 -1 8 -1 13 -1 12 18 -1 -1 -1 -1 -1
44764 -1 7 14 -1 -1 8 -1 -1 -1 4 -1 -1 -1 -1 -1 -1 -1 -1 -1 -1 -1 11 6 -1 19 -1 -1 -1 0 -1 -1 -1 3 -1 18 -1 -1 -1 -1 17 -1 1 -1 15 -1 10 -1 9 13 -1 -1 -1 -1 -1
45494 -1 7 14 -1 -1 8 -1 -1 -1 4 -1 -1 -1 -1 -1 18 -1 -1 -1 -1 -1 11 6 -1 19 -1 -1 -1 0 -1 -1 -1 3 -1 20 -1 -1 -1 -1 17 -1 1 -1 15 -1 10 -1 9 13 -1 -1 -1 -1 -1
46903 -1 19 14 -1 -1 15 -1 -1 -1 4 -1 -1 -1 -1 -1 18 -1 -1 -1 -1 -1 11 6 -1 3 -1 -1 -1 0 -1 -1 -1 21 -1 20 -1 -1 -1 -1 17 13 8 -1 7 -1 1 -1 9 10 -1 -1 -1 -1 -1
48284 -1 19 14 -1 -1 15 -1 -1 -1 4 -1 -1 -1 -1 -1 18 -1 -1 -1 -1 -1 11 6 21 3 -1 -1 -1 0 -1 -1 -1 22 -1 20 -1 -1 -1 -1 17 13 8 -1 7 -1 1 -1 9 10 -1 -1 -1 -1 -1
48823 -1 19 14 -1 -1 15 -1 -1 -1 18 -1 -1 -1 -1 -1 20 -1 -1 -1 -1 -1 11 6 21 3 -1 -1 -1 0 -1 -1 -1 22 -1 23 -1 -1 -1 -1 4 13 8 -1 7 -1 1 -1 9 10 -1 -1 -1 -1 17
49339 -1 19 14 -1 -1 15 -1 -1 23 18 -1 -1 -1 -1 -1 20 -1 -1 -1 -1 -1 11 6 21 3 -1 -1 -1 0 -1 -1 -1 22 -1 24 -1 -1 -1 -1 4 13 8 -1 7 -1 1 -1 9 10 -1 -1 -1 -1 17
50825 -1 19 0 -1 -1 7 -1 -1 13 20 -1 -1 -1 -1 -1 24 -1 -1 -1 -1 -1 11 14 21 3 -1 -1 -1 17 -1 -1 -1 22 -1 23 -1 -1 -1 -1 18 10 15 -1 25 -1 8 -1 6 1 -1 -1 -1 -1 4
50825 -1 19 0 -1 -1 7 -1 -1 13 20 -1 -1 -1 -1 -1 24 -1 -1 -1 -1 -1 11 14 21 3 -1 -1 -1 17 -1 -1 -1 22 -1 23 -1 -1 -1 -1 18 10 15 -1 25 -1 8 -1 6 1 -1 -1 -1 -1 4
50825 -1 19 0 -1 -1 7 -1 -1 13 20 -1 -1 -1 -1 -1 24 -1 -1 -1 -1 -1 11 14 21 3 -1 -1 -1 17 -1 -1 -1 22 -1 23 -1 -1 -1 -1 18 10 15 -1 25 -1 8 -1 6 1 -1 -1 -1 -1 4
51566 0 19 28 -1 -1 7 -1 -1 13 20 -1 -1 -1 -1 -1 24 -1 -1 -1 -1 -1 11 14 21 3 -1 -1 -1 17 -1 -1 -1 22 -1 23 -1 -1 -1 -1 18 10 15 -1 25 -1 8 -1 6 1 -1 -1 -1 -1 4
52365 17 19 28 -1 -1 25 -1 -1 10 24 -1 -1 -1 -1 -1 23 -1 -1 -1 -1 -1 11 14 21 3 -1 -1 -1 4 -1 -1 -1 22 -1 13 -1 0 -1 -1 20 1 7 -1 29 -1 15 -1 6 8 -1 -1 -1 -1 18
52365 17 19 28 -1 -1 25 -1 -1 10 24 -1 -1 -1 -1 -1 23 -1 -1 -1 -1 -1 11 14 21 3 -1 -1 -1 4 -1 -1 -1 22 -1 13 -1 0 -1 -1 20 1 7 -1 29 -1 15 -1 6 8 -1 -1 -1 -1 18
54288 4 3 0 -1 -1 29 -1 -1 1 23 -1 -1 -1 -1 -1 13 -1 -1 -1 -1 -1 11 14 22 21 -1 -1 -1 18 -1 -1 -1 31 -1 10 -1 17 -1 -1 24 8 25 -1 19 -1 7 -1 6 15 -1 28 -1 -1 20
54288 4 3 0 -1 -1 29 -1 -1 1 23 -1 -1 -1 -1 -1 13 -1 -1 -1 -1 -1 11 14 22 21 -1 -1 -1 18 -1 -1 -1 31 -1 10 -1 17 -1 -1 24 8 25 -1 19 -1 7 -1 6 15 -1 28 -1 -1 20
55483 18 3 0 -1 -1 29 -1 -1 8 13 -1 -1 -1 -1 -1 10 -1 -1 -1 -1 -1 11 14 22 21 -1 -1 -1 20 4 -1 -1 31 -1 1 -1 17 -1 -1 23 15 25 -1 19 -1 33 -1 6 7 -1 28 -1 -1 24
55483 18 3 0 -1 -1 29 -1 -1 8 13 -1 -1 -1 -1 -1 10 -1 -1 -1 -1 -1 11 14 22 21 -1 -1 -1 20 4 -1 -1 31 -1 1 -1 17 -1 -1 23 15 25 -1 19 -1 33 -1 6 7 -1 28 -1 -1 24
55483 18 3 0 -1 -1 29 -1 -1 8 13 -1 -1 -1 -1 -1 10 -1 -1 -1 -1 -1 11 14 22 21 -1 -1 -1 20 4 -1 -1 31 -1 1 -1 17 -1 -1 23 15 25 -1 19 -1 33 -1 6 7 -1 28 -1 -1 24
55483 18 3 0 -1 -1 29 -1 -1 8 13 -1 -1 -1 -1 -1 10 -1 -1 -1 -1 -1 11 14 22 21 -1 -1 -1 20 4 -1 -1 31 -1 1 -1 17 -1 -1 23 15 25 -1 19 -1 33 -1 6 7 -1 28 -1 -1 24
55725 18 3 0 -1 -1 29 -1 -1 8 13 -1 -1 -1 -1 -1 10 -1 -1 -1 -1 -1 11 14 22 21 -1 -1 -1 20 4 -1 -1 31 -1 1 -1 37 -1 -1 23 15 25 -1 19 -1 33 -1 6 7 -1 28 17 -1 24
55725 18 3 0 -1 -1 29 -1 -1 8 13 -1 -1 -1 -1 -1 10 -1 -1 -1 -1 -1 11 14 22 21 -1 -1 -1 20 4 -1 -1 31 -1 1 -1 37 -1 -1 23 15 25 -1 19 -1 33 -1 6 7 -1 28 17 -1 24
56641 18 3 39 -1 -1 29 -1 -1 8 13 -1 -1 -1 -1 -1 10 -1 -1 -1 -1 -1 11 14 22 21 -1 -1 -1 20 4 -1 -1 31 -1 1 -1 37 -1 -1 23 15 25 -1 19 -1 33 -1 6 7 -1 28 17 -1 24
56922 4 3 40 -1 -1 29 1 -1 8 23 -1 -1 -1 -1 -1 13 -1 -1 -1 -1 -1 11 14 22 21 -1 -1 -1 18 17 -1 -1 31 -1 10 -1 37 -1 -1 24 15 25 -1 19 -1 33 -1 6 7 -1 28 39 -1 20
56922 4 3 40 -1 -1 29 1 -1 8 23 -1 -1 -1 -1 -1 13 -1 -1 -1 -1 -1 11 14 22 21 -1 -1 -1 18 17 -1 -1 31 -1 10 -1 37 -1 -1 24 15 25 -1 19 -1 33 -1 6 7 -1 28 39 -1 20
57749 18 3 39 -1 -1 29 1 14 8 13 -1 -1 -1 -1 -1 42 -1 -1 -1 -1 -1 11 28 22 21 -1 -1 -1 20 4 -1 -1 31 -1 10 -1 37 -1 -1 23 15 25 -1 19 -1 33 -1 6 7 -1 40 17 -1 24
59594 18 21 39 -1 -1 19 8 14 15 13 -1 -1 -1 -1 -1 42 -1 -1 10 -1 -1 11 28 43 22 -1 -1 -1 20 4 -1 -1 31 -1 1 -1 37 -1 -1 23 7 29 -1 3 -1 25 -1 6 33 -1 40 17 -1 24
59890 18 21 39 -1 -1 19 8 44 15 13 -1 -1 -1 -1 -1 42 -1 -1 10 -1 -1 11 28 43 22 -1 6 -1 20 4 -1 -1 31 -1 1 -1 37 -1 -1 23 7 29 -1 3 -1 25 -1 14 33 -1 40 17 -1 24
59890 18 21 39 -1 -1 19 8 44 15 13 -1 -1 -1 -1 -1 42 -1 -1 10 -1 -1 11 28 43 22 -1 6 -1 20 4 -1 -1 31 -1 1 -1 37 -1 -1 23 7 29 -1 3 -1 25 -1 14 33 -1 40 17 -1 24
59890 18 21 39 -1 -1 19 8 44 15 13 -1 -1 -1 -1 -1 42 -1 -1 10 -1 -1 11 28 43 22 -1 6 -1 20 4 -1 -1 31 -1 1 -1 37 -1 -1 23 7 29 -1 3 -1 25 -1 14 33 -1 40 17 -1 24
60318 18 21 39 -1 -1 19 8 44 15 13 -1 -1 -1 -1 -1 42 -1 -1 10 -1 -1 47 28 43 22 -1 6 -1 20 4 -1 -1 31 -1 1 -1 37 -1 -1 23 7 29 -1 3 -1 25 -1 14 33 -1 40 17 -1 24
60930 18 21 39 -1 -1 19 8 44 48 13 -1 -1 -1 -1 -1 42 -1 -1 10 -1 -1 47 28 43 22 -1 6 -1 20 4 -1 -1 31 -1 1 -1 37 -1 -1 23 15 29 -1 3 -1 25 33 14 7 -1 40 17 -1 24
60965 20 21 17 -1 -1 19 8 44 48 42 -1 -1 -1 -1 -1 10 -1 -1 1 -1 -1 47 28 43 22 -1 6 -1 24 18 -1 39 31 -1 49 -1 37 -1 -1 13 15 29 -1 3 -1 25 33 14 7 -1 40 4 -1 23
60965 20 21 17 -1 -1 19 8 44 48 42 -1 -1 -1 -1 -1 10 -1 -1 1 -1 -1 47 28 43 22 -1 6 -1 24 18 -1 39 31 -1 49 -1 37 -1 -1 13 15 29 -1 3 -1 25 33 14 7 -1 40 4 -1 23
60965 20 21 17 -1 -1 19 8 44 48 42 -1 -1 -1 -1 -1 10 -1 -1 1 -1 -1 47 28 43 22 -1 6 -1 24 18 -1 39 31 -1 49 -1 37 -1 -1 13 15 29 -1 3 -1 25 33 14 7 -1 40 4 -1 23
61125 20 21 39 -1 -1 19 8 44 48 42 -1 -1 -1 -1 -1 10 -1 -1 1 -1 -1 47 28 43 22 -1 6 -1 24 18 -1 52 31 -1 49 -1 37 -1 -1 13 15 29 -1 3 -1 25 33 14 7 -1 40 4 -1 23
61804 20 21 39 -1 -1 19 48 44 15 42 -1 -1 -1 -1 -1 10 1 -1 8 -1 -1 47 28 43 22 -1 6 -1 24 18 -1 52 31 -1 49 -1 37 -1 -1 13 7 29 -1 3 -1 25 33 14 53 -1 40 4 -1 23
61804 20 21 39 -1 -1 19 48 44 15 42 -1 -1 -1 -1 -1 10 1 -1 8 -1 -1 47 28 43 22 -1 6 -1 24 18 -1 52 31 -1 49 -1 37 -1 -1 13 7 29 -1 3 -1 25 33 14 53 -1 40 4 -1 23
61804 20 21 39 -1 -1 19 48 44 15 42 -1 -1 -1 -1 -1 10 1 -1 8 -1 -1 47 28 43 22 -1 6 -1 24 18 -1 52 31 -1 49 -1 37 -1 -1 13 7 29 -1 3 -1 25 33 14 53 -1 40 4 -1 23
61804 20 21 39 -1 -1 19 48 44 15 42 -1 -1 -1 -1 -1 10 1 -1 8 -1 -1 47 28 43 22 -1 6 -1 24 18 -1 52 31 -1 49 -1 37 -1 -1 13 7 29 -1 3 -1 25 33 14 53 -1 40 4 -1 23
61804 20 21 39 -1 -1 19 48 44 15 42 -1 -1 -1 -1 -1 10 1 -1 8 -1 -1 47 28 43 22 -1 6 -1 24 18 -1 52 31 -1 49 -1 37 -1 -1 13 7 29 -1 3 -1 25 33 14 53 -1 40 4 -1 23
61804 20 21 39 -1 -1 19 48 44 15 42 -1 -1 -1 -1 -1 10 1 -1 8 -1 -1 47 28 43 22 -1 6 -1 24 18 -1 52 31 -1 49 -1 37 -1 -1 13 7 29 -1 3 -1 25 33 14 53 -1 40 4 -1 23
62413 24 21 39 -1 -1 19 48 44 15 10 -1 -1 -1 -1 -1 1 59 -1 8 -1 -1 47 28 43 22 -1 6 -1 23 20 -1 52 31 -1 49 -1 37 -1 -1 42 7 29 -1 3 -1 25 33 14 53 -1 40 18 -1 13
62552 24 21 39 -1 -1 19 48 44 15 10 -1 -1 -1 -1 -1 1 59 -1 8 -1 -1 47 28 43 22 -1 6 -1 23 60 -1 52 31 -1 49 -1 18 -1 -1 42 7 29 -1 3 -1 25 33 14 53 -1 40 20 -1 13
62552 24 21 39 -1 -1 19 48 44 15 10 -1 -1 -1 -1 -1 1 59 -1 8 -1 -1 47 28 43 22 -1 6 -1 23 60 -1 52 31 -1 49 -1 18 -1 -1 42 7 29 -1 3 -1 25 33 14 53 -1 40 20 -1 13
63926 24 21 39 -1 -1 3 15 44 7 10 -1 -1 -1 -1 -1 1 59 -1 8 -1 -1 47 28 43 22 -1 6 -1 23 60 -1 52 31 -1 48 -1 18 -1 -1 42 53 19 -1 62 -1 29 25 14 33 -1 40 20 -1 13
64816 23 63 18 -1 -1 62 7 44 53 1 -1 -1 -1 -1 -1 59 8 -1 48 -1 -1 47 28 43 22 -1 6 -1 13 60 -1 52 31 -1 15 -1 20 -1 -1 10 33 3 -1 21 -1 19 29 14 25 39 40 24 -1 42
65412 64 63 18 -1 -1 62 7 44 53 1 -1 -1 -1 -1 -1 59 8 -1 48 -1 -1 47 28 43 22 -1 6 -1 23 60 -1 52 31 -1 15 -1 20 -1 13 10 33 3 -1 21 -1 19 29 14 25 39 40 24 -1 42
65412 64 63 18 -1 -1 62 7 44 53 1 -1 -1 -1 -1 -1 59 8 -1 48 -1 -1 47 28 43 22 -1 6 -1 23 60 -1 52 31 -1 15 -1 20 -1 13 10 33 3 -1 21 -1 19 29 14 25 39 40 24 -1 42
65989 64 63 18 -1 -1 62 7 44 53 59 -1 -1 -1 -1 -1 8 48 -1 15 -1 -1 47 28 43 22 -1 6 -1 23 60 -1 52 31 -1 66 1 20 -1 13 10 33 3 -1 21 -1 19 29 14 25 39 40 24 -1 42
66970 23 63 20 -1 -1 62 53 28 33 8 -1 -1 -1 -1 -1 48 15 -1 66 -1 -1 40 47 43 22 -1 14 -1 13 60 -1 39 31 -1 7 59 24 -1 42 1 25 3 -1 21 -1 19 29 44 67 18 52 64 -1 10
68010 23 63 20 -1 -1 62 33 28 25 48 -1 -1 -1 -1 -1 15 66 -1 7 -1 -1 40 47 43 22 -1 14 -1 42 60 -1 39 31 -1 53 8 24 -1 10 59 67 3 -1 21 -1 19 68 44 29 18 52 64 -1 1
68799 42 63 20 -1 -1 62 25 28 67 15 -1 -1 -1 -1 -1 66 7 -1 53 -1 -1 40 47 43 22 -1 14 -1 10 60 -1 39 31 -1 33 48 64 -1 1 8 29 3 -1 21 -1 19 69 44 68 18 52 23 -1 59
69337 42 63 20 -1 -1 62 25 70 67 15 -1 -1 -1 -1 -1 66 7 -1 53 -1 -1 40 47 43 22 -1 14 -1 10 60 -1 39 31 -1 33 48 64 28 1 8 29 3 -1 21 -1 19 69 44 68 18 52 23 -1 59
69388 42 63 18 -1 -1 62 25 70 67 15 -1 -1 -1 -1 -1 66 7 -1 53 -1 -1 40 47 43 22 -1 14 -1 10 60 -1 39 31 -1 33 48 20 28 1 8 29 3 -1 21 -1 19 69 44 68 71 52 64 -1 59
69751 42 63 18 -1 -1 62 67 70 29 66 -1 -1 -1 -1 -1 7 53 -1 33 -1 -1 40 47 43 22 8 14 -1 10 60 -1 39 31 -1 25 15 20 28 1 48 72 3 -1 21 -1 19 69 44 68 71 52 64 -1 59
69751 42 63 18 -1 -1 62 67 70 29 66 -1 -1 -1 -1 -1 7 53 -1 33 -1 -1 40 47 43 22 8 14 -1 10 60 -1 39 31 -1 25 15 20 28 1 48 72 3 -1 21 -1 19 69 44 68 71 52 64 -1 59
69751 42 63 18 -1 -1 62 67 70 29 66 -1 -1 -1 -1 -1 7 53 -1 33 -1 -1 40 47 43 22 8 14 -1 10 60 -1 39 31 -1 25 15 20 28 1 48 72 3 -1 21 -1 19 69 44 68 71 52 64 -1 59
69773 42 63 75 -1 -1 62 67 70 29 66 -1 18 -1 -1 -1 7 53 -1 33 -1 -1 40 47 43 22 8 14 -1 10 60 -1 39 31 -1 25 15 20 28 1 48 72 3 -1 21 -1 19 69 44 68 71 52 64 -1 59
70149 42 63 75 -1 -1 62 67 70 29 66 -1 18 44 -1 -1 7 53 -1 33 -1 -1 40 47 43 22 8 76 -1 10 60 -1 39 31 -1 25 15 20 28 1 48 72 3 -1 21 -1 19 69 14 68 71 52 64 -1 59
71359 10 22 75 -1 -1 21 29 70 72 7 -1 18 44 -1 -1 53 33 -1 25 -1 -1 40 47 43 77 48 76 -1 1 42 -1 39 31 -1 67 66 20 28 59 15 68 62 -1 63 -1 3 19 14 69 71 52 64 -1 8
71728 10 22 75 -1 -1 21 29 70 72 7 -1 20 44 -1 -1 53 33 -1 25 -1 -1 40 47 43 77 48 76 -1 1 42 -1 39 31 -1 67 66 78 28 59 15 68 62 -1 63 -1 3 19 14 69 71 52 64 -1 8
72155 10 22 79 -1 -1 21 29 70 72 7 40 20 44 -1 -1 53 33 -1 25 -1 -1 52 47 43 77 48 76 -1 1 42 -1 71 31 -1 67 66 78 28 59 15 68 62 -1 63 -1 3 19 14 69 75 39 64 -1 8
72155 10 22 79 -1 -1 21 29 70 72 7 40 20 44 -1 -1 53 33 -1 25 -1 -1 52 47 43 77 48 76 -1 1 42 -1 71 31 -1 67 66 78 28 59 15 68 62 -1 63 -1 3 19 14 69 75 39 64 -1 8
73258 1 22 20 -1 -1 21 81 70 72 53 40 78 44 -1 -1 33 25 -1 67 -1 -1 52 47 43 77 15 76 -1 59 10 -1 75 31 -1 29 7 64 28 8 66 68 62 -1 63 -1 3 19 14 69 79 39 42 -1 48
74047 59 22 78 -1 -1 21 72 70 68 33 40 64 44 -1 -1 25 67 -1 29 -1 -1 52 47 43 77 66 76 -1 8 1 -1 79 31 -1 81 53 42 28 48 7 69 62 -1 63 -1 3 82 14 19 20 39 10 -1 15
74261 8 22 64 -1 -1 21 68 70 69 25 40 42 44 -1 -1 67 29 -1 81 -1 -1 39 47 43 77 7 76 -1 48 59 -1 20 31 -1 72 33 10 28 15 53 19 62 -1 63 -1 3 82 14 83 78 79 1 -1 66
74799 8 22 64 -1 -1 21 68 70 69 25 39 42 44 -1 -1 67 29 -1 81 -1 -1 84 47 43 77 7 76 -1 48 59 -1 20 31 -1 72 33 10 28 15 53 19 62 -1 63 -1 3 82 14 83 78 79 1 -1 66
75286 8 22 64 -1 -1 85 69 70 19 67 39 42 44 -1 -1 29 81 -1 72 -1 -1 84 47 43 77 53 76 -1 48 59 -1 20 31 -1 68 25 10 28 15 33 83 21 -1 63 -1 62 3 14 82 78 79 1 -1 66
75286 8 22 64 -1 -1 85 69 70 19 67 39 42 44 -1 -1 29 81 -1 72 -1 -1 84 47 43 77 53 76 -1 48 59 -1 20 31 -1 68 25 10 28 15 33 83 21 -1 63 -1 62 3 14 82 78 79 1 -1 66
75286 8 22 64 -1 -1 85 69 70 19 67 39 42 44 -1 -1 29 81 -1 72 -1 -1 84 47 43 77 53 76 -1 48 59 -1 20 31 -1 68 25 10 28 15 33 83 21 -1 63 -1 62 3 14 82 78 79 1 -1 66
75803 8 22 64 -1 -1 85 69 70 19 67 39 42 28 -1 -1 29 81 -1 72 -1 -1 84 47 43 77 53 76 -1 48 59 -1 20 31 -1 68 25 10 88 15 33 83 21 -1 63 -1 62 3 44 82 78 79 1 -1 66
75990 8 22 78 -1 -1 85 69 70 19 67 39 64 28 -1 -1 29 81 -1 72 -1 -1 89 47 43 77 53 76 42 48 59 -1 79 31 -1 68 25 10 88 15 33 83 21 -1 63 -1 62 3 44 82 20 84 1 -1 66
76255 48 22 64 -1 -1 85 69 70 19 29 39 42 28 -1 -1 81 72 -1 68 -1 -1 89 47 43 77 33 76 10 15 8 -1 79 31 -1 90 67 1 88 66 25 83 21 -1 63 -1 62 3 44 82 78 84 59 -1 53
76255 48 22 64 -1 -1 85 69 70 19 29 39 42 28 -1 -1 81 72 -1 68 -1 -1 89 47 43 77 33 76 10 15 8 -1 79 31 -1 90 67 1 88 66 25 83 21 -1 63 -1 62 3 44 82 78 84 59 -1 53
76255 48 22 64 -1 -1 85 69 70 19 29 39 42 28 -1 -1 81 72 -1 68 -1 -1 89 47 43 77 33 76 10 15 8 -1 79 31 -1 90 67 1 88 66 25 83 21 -1 63 -1 62 3 44 82 78 84 59 -1 53
76255 48 22 64 -1 -1 85 69 70 19 29 39 42 28 -1 -1 81 72 -1 68 -1 -1 89 47 43 77 33 76 10 15 8 -1 79 31 -1 90 67 1 88 66 25 83 21 -1 63 -1 62 3 44 82 78 84 59 -1 53
76719 48 22 64 -1 -1 85 69 47 19 29 39 42 88 -1 -1 81 72 -1 68 -1 -1 89 94 43 77 33 76 10 15 8 -1 79 31 -1 90 67 1 70 66 25 83 21 -1 63 -1 62 3 28 82 78 84 59 -1 53
76998 48 22 64 -1 -1 85 69 47 19 29 89 42 88 -1 -1 81 72 -1 68 39 -1 84 94 43 77 33 76 10 15 8 -1 95 31 -1 90 67 1 70 66 25 83 21 -1 63 -1 62 3 28 82 78 79 59 -1 53
77042 48 22 78 -1 -1 85 69 47 19 29 96 64 88 -1 -1 81 72 -1 68 39 -1 89 94 43 77 33 76 42 15 8 -1 79 31 -1 90 67 1 70 66 25 83 21 10 63 -1 62 3 28 82 95 84 59 -1 53
77967 48 22 78 -1 -1 85 19 47 83 81 96 64 88 -1 -1 72 68 -1 90 39 -1 89 94 43 77 33 76 42 15 8 -1 79 31 -1 69 67 1 70 66 25 97 21 10 63 -1 62 3 28 82 95 84 59 -1 53
78127 48 22 78 -1 -1 85 19 47 83 81 98 64 88 -1 -1 72 68 -1 90 96 -1 89 94 43 77 33 76 42 15 8 -1 79 31 -1 69 67 1 70 66 25 97 21 10 63 -1 62 3 28 82 95 84 59 39 53
78127 48 22 78 -1 -1 85 19 47 83 81 98 64 88 -1 -1 72 68 -1 90 96 -1 89 94 43 77 33 76 42 15 8 -1 79 31 -1 69 67 1 70 66 25 97 21 10 63 -1 62 3 28 82 95 84 59 39 53
78127 48 22 78 -1 -1 85 19 47 83 81 98 64 88 -1 -1 72 68 -1 90 96 -1 89 94 43 77 33 76 42 15 8 -1 79 31 -1 69 67 1 70 66 25 97 21 10 63 -1 62 3 28 82 95 84 59 39 53
78444 8 22 95 -1 -1 85 69 70 19 67 96 78 28 -1 -1 81 72 -1 68 39 -1 98 47 43 77 53 76 64 48 59 -1 84 31 -1 90 25 10 88 15 33 97 21 42 63 -1 62 3 101 82 79 89 1 94 66
78624 8 22 95 -1 -1 85 69 70 19 67 96 78 101 -1 -1 81 72 -1 68 39 -1 98 47 43 77 53 76 64 48 59 -1 84 31 -1 90 25 10 28 15 33 97 21 42 63 88 62 3 102 82 79 89 1 94 66
78854 8 22 95 -1 -1 85 69 70 19 67 96 78 101 -1 -1 81 72 -1 68 103 39 98 47 43 77 53 76 64 48 59 -1 84 31 -1 90 25 10 28 15 33 97 21 42 63 88 62 3 102 82 79 89 1 94 66
78854 8 22 95 -1 -1 85 69 70 19 67 96 78 101 -1 -1 81 72 -1 68 103 39 98 47 43 77 53 76 64 48 59 -1 84 31 -1 90 25 10 28 15 33 97 21 42 63 88 62 3 102 82 79 89 1 94 66
78854 8 22 95 -1 -1 85 69 70 19 67 96 78 101 -1 -1 81 72 -1 68 103 39 98 47 43 77 53 76 64 48 59 -1 84 31 -1 90 25 10 28 15 33 97 21 42 63 88 62 3 102 82 79 89 1 94 66
79855 48 22 78 -1 -1 85 19 70 106 81 98 64 101 -1 -1 72 68 -1 90 103 39 89 47 43 77 33 76 42 15 8 -1 79 31 -1 69 67 1 28 66 25 97 21 10 63 88 62 3 102 82 95 84 59 94 53
79980 48 22 78 -1 -1 85 19 88 106 81 98 64 102 94 -1 72 68 -1 90 103 39 89 70 43 77 33 107 42 15 8 -1 79 31 -1 69 67 1 101 66 25 97 21 10 63 28 62 3 76 82 95 84 59 47 53
79980 48 22 78 -1 -1 85 19 88 106 81 98 64 102 94 -1 72 68 -1 90 103 39 89 70 43 77 33 107 42 15 8 -1 79 31 -1 69 67 1 101 66 25 97 21 10 63 28 62 3 76 82 95 84 59 47 53
80634 48 109 78 -1 -1 63 106 88 97 81 98 64 102 94 -1 72 68 -1 90 103 39 89 70 43 77 33 107 42 15 8 -1 79 31 -1 69 67 1 101 66 25 82 85 10 22 28 21 62 76 3 95 84 59 47 53
81152 48 109 78 -1 -1 63 106 88 97 81 98 64 102 94 -1 72 68 -1 90 103 39 89 70 43 77 33 107 42 15 8 -1 79 31 -1 69 67 1 101 66 25 82 85 10 22 28 21 62 76 110 95 84 59 47 53
81152 48 109 78 -1 -1 63 106 88 97 81 98 64 102 94 -1 72 68 -1 90 103 39 89 70 43 77 33 107 42 15 8 -1 79 31 -1 69 67 1 101 66 25 82 85 10 22 28 21 62 76 110 95 84 59 47 53
81152 48 109 78 -1 -1 63 106 88 97 81 98 64 102 94 -1 72 68 -1 90 103 39 89 70 43 77 33 107 42 15 8 -1 79 31 -1 69 67 1 101 66 25 82 85 10 22 28 21 62 76 110 95 84 59 47 53
81965 48 109 78 -1 -1 63 106 88 97 81 98 64 102 94 -1 68 90 -1 69 103 39 89 70 43 77 33 107 42 15 8 -1 79 31 -1 113 67 1 101 66 25 82 85 10 22 28 21 62 76 110 95 84 59 47 53
81965 48 109 78 -1 -1 63 106 88 97 81 98 64 102 94 -1 68 90 -1 69 103 39 89 70 43 77 33 107 42 15 8 -1 79 31 -1 113 67 1 101 66 25 82 85 10 22 28 21 62 76 110 95 84 59 47 53
81965 48 109 78 -1 -1 63 106 88 97 81 98 64 102 94 -1 68 90 -1 69 103 39 89 70 43 77 33 107 42 15 8 -1 79 31 -1 113 67 1 101 66 25 82 85 10 22 28 21 62 76 110 95 84 59 47 53
82039 48 109 78 -1 -1 63 106 88 97 81 98 64 102 94 -1 68 90 -1 69 103 39 89 116 43 77 33 107 42 15 8 -1 79 31 -1 113 67 1 101 66 25 82 85 10 22 28 21 62 76 110 95 84 59 70 53
82039 48 109 78 -1 -1 63 106 88 97 81 98 64 102 94 -1 68 90 -1 69 103 39 89 116 43 77 33 107 42 15 8 -1 79 31 -1 113 67 1 101 66 25 82 85 10 22 28 21 62 76 110 95 84 59 70 53
82039 48 109 78 -1 -1 63 106 88 97 81 98 64 102 94 -1 68 90 -1 69 103 39 89 116 43 77 33 107 42 15 8 -1 79 31 -1 113 67 1 101 66 25 82 85 10 22 28 21 62 76 110 95 84 59 70 53
82137 48 109 78 -1 -1 63 106 70 97 81 98 64 102 103 -1 68 90 -1 69 119 39 89 116 43 77 33 107 42 15 8 101 79 31 -1 113 67 1 28 66 25 82 85 10 22 88 21 62 76 110 95 84 59 94 53
82137 48 109 78 -1 -1 63 106 70 97 81 98 64 102 103 -1 68 90 -1 69 119 39 89 116 43 77 33 107 42 15 8 101 79 31 -1 113 67 1 28 66 25 82 85 10 22 88 21 62 76 110 95 84 59 94 53
82200 48 109 78 -1 -1 63 106 88 97 81 39 64 102 94 -1 68 90 -1 69 103 119 98 116 43 77 33 107 42 15 8 101 79 31 -1 113 67 1 28 66 25 82 85 10 22 121 21 62 76 110 95 84 59 70 53
82200 48 109 78 -1 -1 63 106 88 97 81 39 64 102 94 -1 68 90 -1 69 103 119 98 116 43 77 33 107 42 15 8 101 79 31 -1 113 67 1 28 66 25 82 85 10 22 121 21 62 76 110 95 84 59 70 53
82431 48 109 78 -1 -1 63 106 88 97 81 39 64 101 94 -1 68 90 -1 69 103 119 98 116 43 77 33 76 42 15 8 123 79 31 107 113 67 1 28 66 25 82 85 10 22 121 21 62 102 110 95 84 59 70 53
82474 15 109 64 -1 -1 63 106 88 97 81 39 42 101 94 -1 68 90 -1 69 103 119 98 116 43 77 33 76 10 66 48 123 79 31 107 113 67 59 28 124 25 82 85 1 22 121 21 62 102 110 95 84 8 70 53
82701 15 109 42 88 -1 63 106 70 97 81 98 10 101 103 -1 68 90 -1 69 119 39 84 116 43 77 33 76 125 66 48 123 95 31 107 113 67 59 28 124 25 82 85 1 22 121 21 62 102 110 64 79 8 94 53
82701 15 109 42 88 -1 63 106 70 97 81 98 10 101 103 -1 68 90 -1 69 119 39 84 116 43 77 33 76 125 66 48 123 95 31 107 113 67 59 28 124 25 82 85 1 22 121 21 62 102 110 64 79 8 94 53
82701 15 109 42 88 -1 63 106 70 97 81 98 10 101 103 -1 68 90 -1 69 119 39 84 116 43 77 33 76 125 66 48 123 95 31 107 113 67 59 28 124 25 82 85 1 22 121 21 62 102 110 64 79 8 94 53
82753 66 109 42 88 -1 63 106 70 97 81 98 10 101 103 -1 68 90 -1 69 119 39 84 116 43 77 25 76 125 124 15 123 95 31 107 113 128 59 28 53 67 82 85 1 22 121 21 62 102 110 64 79 8 94 33
82753 66 109 42 88 -1 63 106 70 97 81 98 10 101 103 -1 68 90 -1 69 119 39 84 116 43 77 25 76 125 124 15 123 95 31 107 113 128 59 28 53 67 82 85 1 22 121 21 62 102 110 64 79 8 94 33
82753 66 109 42 88 -1 63 106 70 97 81 98 10 101 103 -1 68 90 -1 69 119 39 84 116 43 77 25 76 125 124 15 123 95 31 107 113 128 59 28 53 67 82 85 1 22 121 21 62 102 110 64 79 8 94 33
82940 124 109 42 88 -1 131 97 70 82 68 98 10 101 103 -1 90 69 -1 113 119 39 84 116 43 77 67 76 125 53 66 123 95 31 107 106 81 59 28 33 128 110 63 1 22 121 85 21 102 62 64 79 8 94 25
82940 124 109 42 88 -1 131 97 70 82 68 98 10 101 103 -1 90 69 -1 113 119 39 84 116 43 77 67 76 125 53 66 123 95 31 107 106 81 59 28 33 128 110 63 1 22 121 85 21 102 62 64 79 8 94 25
82940 124 109 42 88 -1 131 97 70 82 68 98 10 101 103 -1 90 69 -1 113 119 39 84 116 43 77 67 76 125 53 66 123 95 31 107 106 81 59 28 33 128 110 63 1 22 121 85 21 102 62 64 79 8 94 25
82940 124 109 42 88 -1 131 97 70 82 68 98 10 101 103 -1 90 69 -1 113 119 39 84 116 43 77 67 76 125 53 66 123 95 31 107 106 81 59 28 33 128 110 63 1 22 121 85 21 102 62 64 79 8 94 25
82940 124 109 42 88 -1 131 97 70 82 68 98 10 101 103 -1 90 69 -1 113 119 39 84 116 43 77 67 76 125 53 66 123 95 31 107 106 81 59 28 33 128 110 63 1 22 121 85 21 102 62 64 79 8 94 25
82940 124 109 42 88 -1 131 97 70 82 68 98 10 101 103 -1 90 69 -1 113 119 39 84 116 43 77 67 76 125 53 66 123 95 31 107 106 81 59 28 33 128 110 63 1 22 121 85 21 102 62 64 79 8 94 25
82940 124 109 42 88 -1 131 97 70 82 68 98 10 101 103 -1 90 69 -1 113 119 39 84 116 43 77 67 76 125 53 66 123 95 31 107 106 81 59 28 33 128 110 63 1 22 121 85 21 102 62 64 79 8 94 25
82940 124 109 42 88 -1 131 97 70 82 68 98 10 101 103 -1 90 69 -1 113 119 39 84 116 43 77 67 76 125 53 66 123 95 31 107 106 81 59 28 33 128 110 63 1 22 121 85 21 102 62 64 79 8 94 25
82940 124 109 42 88 -1 131 97 70 82 68 98 10 101 103 -1 90 69 -1 113 119 39 84 116 43 77 67 76 125 53 66 123 95 31 107 106 81 59 28 33 128 110 63 1 22 121 85 21 102 62 64 79 8 94 25
83134 124 109 42 88 -1 131 97 70 82 68 39 10 101 94 -1 90 69 -1 113 103 119 84 116 43 77 67 76 125 53 66 123 95 31 107 106 81 59 28 33 128 110 63 1 22 121 85 21 102 62 64 79 8 140 25
83409 124 109 42 88 -1 131 97 70 82 68 84 10 101 103 -1 90 69 -1 113 119 39 79 140 43 77 67 76 125 53 66 123 95 31 107 106 81 59 28 33 128 110 63 1 22 121 85 21 102 62 64 141 8 94 25
83409 124 109 42 88 -1 131 97 70 82 68 84 10 101 103 -1 90 69 -1 113 119 39 79 140 43 77 67 76 125 53 66 123 95 31 107 106 81 59 28 33 128 110 63 1 22 121 85 21 102 62 64 141 8 94 25
83469 124 109 42 88 -1 131 82 70 143 68 84 10 101 103 -1 69 113 -1 106 119 39 79 140 43 77 67 76 125 53 66 123 95 31 107 97 81 59 28 33 128 110 63 1 22 121 85 21 102 62 64 141 8 94 25
83772 124 109 42 70 -1 131 82 140 143 68 84 10 123 144 -1 69 113 -1 106 119 39 79 94 43 77 67 102 125 53 66 28 95 31 76 97 81 59 121 33 128 110 63 1 22 88 85 21 101 62 64 141 8 103 25
