780 -1 -1 -1 -1 -1 -1 -1 -1 -1 -1 -1 -1 -1 -1 -1 -1 -1 -1 -1 -1 -1 -1 -1 -1 -1 -1 -1 -1 -1 -1 -1 -1 -1 -1 -1 -1 -1 -1 -1 -1
964 -1 -1 -1 -1 0 -1 -1 -1 -1 -1 -1 -1 -1 -1 -1 -1 -1 -1 -1 -1 -1 -1 -1 -1 -1 -1 -1 -1 -1 -1 -1 -1 -1 -1 -1 -1 -1 -1 -1 -1
1123 -1 -1 -1 -1 1 -1 -1 -1 -1 0 -1 -1 -1 -1 -1 -1 -1 -1 -1 -1 -1 -1 -1 -1 -1 -1 -1 -1 -1 -1 -1 -1 -1 -1 -1 -1 -1 -1 -1 -1
1564 -1 -1 -1 -1 2 -1 -1 -1 -1 1 -1 -1 -1 -1 0 -1 -1 -1 -1 -1 -1 -1 -1 -1 -1 -1 -1 -1 -1 -1 -1 -1 -1 -1 -1 -1 -1 -1 -1 -1
1999 -1 -1 -1 -1 3 -1 -1 -1 -1 2 -1 -1 -1 -1 1 -1 -1 -1 -1 0 -1 -1 -1 -1 -1 -1 -1 -1 -1 -1 -1 -1 -1 -1 -1 -1 -1 -1 -1 -1
2584 -1 -1 -1 4 3 -1 -1 -1 -1 2 -1 -1 -1 -1 1 -1 -1 -1 -1 0 -1 -1 -1 -1 -1 -1 -1 -1 -1 -1 -1 -1 -1 -1 -1 -1 -1 -1 -1 -1
2647 -1 -1 -1 4 5 -1 -1 -1 -1 3 -1 -1 -1 -1 2 -1 -1 -1 -1 1 -1 -1 -1 -1 0 -1 -1 -1 -1 -1 -1 -1 -1 -1 -1 -1 -1 -1 -1 -1
2890 -1 -1 -1 4 5 -1 -1 -1 6 3 -1 -1 -1 -1 2 -1 -1 -1 -1 1 -1 -1 -1 -1 0 -1 -1 -1 -1 -1 -1 -1 -1 -1 -1 -1 -1 -1 -1 -1
3312 -1 -1 4 7 5 -1 -1 -1 6 3 -1 -1 -1 -1 2 -1 -1 -1 -1 1 -1 -1 -1 -1 0 -1 -1 -1 -1 -1 -1 -1 -1 -1 -1 -1 -1 -1 -1 -1
3758 -1 -1 4 8 6 -1 -1 -1 7 5 -1 -1 -1 -1 3 -1 -1 -1 -1 2 -1 -1 -1 -1 1 -1 -1 -1 -1 0 -1 -1 -1 -1 -1 -1 -1 -1 -1 -1
4125 -1 -1 4 9 6 -1 -1 -1 8 5 -1 -1 -1 7 3 -1 -1 -1 -1 2 -1 -1 -1 -1 1 -1 -1 -1 -1 0 -1 -1 -1 -1 -1 -1 -1 -1 -1 -1
4707 -1 -1 4 9 6 -1 -1 -1 8 5 -1 -1 -1 7 10 -1 -1 -1 -1 3 -1 -1 -1 -1 2 -1 -1 -1 -1 1 -1 -1 -1 -1 0 -1 -1 -1 -1 -1
5105 -1 -1 4 9 6 -1 -1 -1 8 5 -1 -1 -1 7 10 -1 -1 -1 -1 3 -1 -1 -1 -1 2 -1 -1 -1 -1 1 -1 -1 -1 -1 0 -1 -1 -1 -1 11
5587 -1 12 4 9 6 -1 -1 -1 8 5 -1 -1 -1 7 10 -1 -1 -1 -1 3 -1 -1 -1 -1 2 -1 -1 -1 -1 1 -1 -1 -1 -1 0 -1 -1 -1 -1 11
5844 -1 12 4 13 6 -1 -1 -1 9 5 -1 -1 -1 8 10 -1 -1 -1 7 3 -1 -1 -1 -1 2 -1 -1 -1 -1 1 -1 -1 -1 -1 0 -1 -1 -1 -1 11
6007 -1 12 4 9 5 -1 -1 13 8 10 -1 -1 -1 7 3 -1 -1 -1 6 2 -1 -1 -1 -1 1 -1 -1 -1 -1 0 -1 -1 -1 -1 11 -1 -1 -1 -1 14
6428 -1 12 4 9 5 -1 -1 13 8 3 -1 -1 -1 7 2 -1 -1 -1 6 1 -1 -1 -1 10 0 -1 -1 -1 -1 11 -1 -1 -1 -1 15 -1 -1 -1 -1 14
7085 -1 12 4 8 10 -1 -1 13 7 2 -1 -1 9 6 1 -1 -1 -1 5 0 -1 -1 -1 3 11 -1 -1 -1 -1 16 -1 -1 -1 -1 15 -1 -1 -1 -1 14
7668 -1 12 4 8 10 -1 -1 13 7 2 -1 -1 9 6 0 -1 -1 -1 5 17 -1 -1 -1 3 11 -1 -1 -1 1 16 -1 -1 -1 -1 15 -1 -1 -1 -1 14
7825 12 4 18 8 10 -1 -1 13 7 2 -1 -1 9 6 0 -1 -1 -1 5 17 -1 -1 -1 3 11 -1 -1 -1 1 16 -1 -1 -1 -1 15 -1 -1 -1 -1 14
8237 12 4 18 8 10 -1 -1 13 7 2 -1 -1 9 6 0 -1 -1 -1 5 11 -1 -1 -1 3 16 -1 -1 -1 1 15 -1 -1 -1 17 14 -1 -1 -1 -1 19
8537 12 4 18 8 10 -1 -1 13 7 2 -1 -1 9 6 0 -1 -1 -1 5 20 -1 -1 -1 3 16 -1 -1 -1 1 15 -1 -1 -1 17 14 -1 -1 -1 11 19
8757 12 4 21 8 10 -1 -1 18 7 2 -1 -1 13 6 0 -1 -1 9 5 20 -1 -1 -1 3 16 -1 -1 -1 1 15 -1 -1 -1 17 14 -1 -1 -1 11 19
9304 12 4 18 7 3 -1 21 13 6 1 -1 -1 9 5 17 -1 -1 8 10 11 -1 -1 -1 2 15 -1 -1 -1 0 14 -1 -1 -1 20 22 -1 -1 -1 16 19
9713 23 12 21 8 3 -1 4 18 6 1 -1 -1 13 5 17 -1 -1 9 10 11 -1 -1 7 2 15 -1 -1 -1 0 14 -1 -1 -1 20 22 -1 -1 -1 16 19
9896 23 12 18 7 2 -1 4 13 5 0 -1 21 9 10 20 -1 -1 8 3 16 -1 -1 6 1 14 -1 -1 -1 17 24 -1 -1 -1 11 22 -1 -1 -1 15 19
10418 23 4 13 6 1 12 21 9 10 17 -1 18 8 3 11 -1 -1 7 2 15 -1 -1 5 0 24 -1 -1 -1 20 22 -1 -1 -1 16 19 -1 -1 -1 14 25
11041 23 4 13 6 0 12 21 9 10 20 -1 18 8 2 16 -1 -1 7 1 14 -1 -1 5 17 24 -1 -1 3 11 22 -1 -1 -1 15 19 -1 -1 -1 26 25
11071 27 12 13 6 0 23 4 9 10 20 -1 21 8 2 16 -1 18 7 1 14 -1 -1 5 17 24 -1 -1 3 11 22 -1 -1 -1 15 19 -1 -1 -1 26 25
11371 27 12 13 6 17 23 4 9 10 11 -1 21 8 2 15 -1 18 7 0 26 -1 -1 5 20 22 -1 -1 3 16 19 -1 -1 1 14 25 -1 -1 -1 24 28
11795 27 4 13 6 17 23 29 9 10 11 12 21 8 2 15 -1 18 7 0 26 -1 -1 5 20 22 -1 -1 3 16 19 -1 -1 1 14 25 -1 -1 -1 24 28
12067 27 4 13 6 20 23 29 9 10 16 12 21 8 2 14 -1 18 7 0 24 -1 -1 5 11 19 -1 -1 3 15 30 -1 -1 1 26 25 -1 -1 17 22 28
12607 27 4 13 5 11 23 29 8 3 15 12 21 7 1 26 -1 18 6 17 22 -1 9 10 16 30 -1 -1 2 14 25 -1 -1 0 24 31 -1 -1 20 19 28
13078 27 4 13 10 16 23 29 8 2 14 12 21 6 0 24 -1 18 5 20 19 -1 9 3 15 30 -1 7 1 26 25 -1 -1 17 22 31 -1 -1 11 32 28
13549 27 29 9 3 15 23 21 7 1 26 12 18 5 17 22 4 13 10 11 32 -1 8 2 14 25 -1 6 0 24 31 -1 -1 20 19 28 -1 -1 16 30 33
13944 27 29 9 2 14 23 21 7 0 26 12 18 5 20 22 4 13 3 16 32 -1 8 1 34 25 -1 6 17 24 31 -1 10 11 19 28 -1 -1 15 30 33
14363 27 29 8 1 35 23 18 6 17 26 12 13 10 11 22 4 9 2 15 32 21 7 0 34 25 -1 5 20 24 31 -1 3 16 19 28 -1 -1 14 30 33
15011 27 29 8 0 34 23 18 6 20 24 12 13 10 16 19 4 9 2 14 36 21 7 17 26 25 -1 5 11 22 31 -1 3 15 32 28 -1 1 35 30 33
15337 27 29 7 17 26 23 18 5 11 22 12 9 3 15 32 4 8 1 35 37 21 6 20 24 25 13 10 16 19 31 -1 2 14 36 28 -1 0 34 30 33
15674 27 29 6 20 24 23 18 10 16 19 12 9 2 14 36 4 7 0 34 30 21 5 11 22 31 13 3 15 32 28 8 1 35 37 38 -1 17 26 25 33
16163 27 29 5 11 22 23 18 3 15 32 12 9 1 35 37 4 7 17 26 25 21 10 16 19 28 13 2 14 36 38 8 0 34 30 33 6 20 24 31 39
16813 23 21 10 16 19 12 13 2 14 36 4 8 0 34 30 29 6 20 24 31 18 3 15 32 38 9 1 35 37 33 7 17 26 25 39 5 11 22 28 40
17356 23 21 3 15 19 12 13 1 35 36 4 8 17 41 30 29 6 11 24 31 18 2 14 32 38 9 0 34 37 33 7 20 26 25 39 10 16 22 28 40
17888 23 21 3 15 32 12 13 1 34 37 4 8 17 26 42 29 6 11 22 31 18 2 35 36 38 9 0 41 30 33 7 20 24 25 39 10 16 19 28 40
18285 23 21 3 35 36 12 13 0 41 30 4 8 20 24 25 29 6 16 19 28 18 2 34 37 38 9 17 26 42 33 7 11 22 31 39 10 15 32 43 40
19057 23 21 3 35 37 12 13 0 41 42 4 8 20 22 31 29 6 16 32 43 18 2 34 30 33 9 17 26 25 39 7 11 19 28 40 10 15 36 38 44
19342 23 21 3 35 37 12 13 17 41 42 4 8 20 22 31 29 6 16 32 43 18 2 34 30 33 9 45 26 25 39 7 11 19 28 40 10 15 36 38 44
19529 23 21 2 34 30 12 9 45 26 25 4 7 11 19 28 29 10 15 36 38 13 17 41 42 46 8 20 22 31 39 6 16 32 43 40 3 35 37 33 44
20079 23 21 2 34 42 12 9 45 26 31 4 7 11 19 43 29 10 15 36 33 13 17 41 25 46 8 20 22 28 39 6 16 32 38 40 3 35 37 47 44
20382 23 13 17 34 42 12 8 20 26 31 4 6 16 19 43 29 3 48 36 33 9 45 41 25 46 7 11 22 28 39 10 15 32 38 40 2 35 37 47 44
20717 23 13 17 34 42 12 8 20 26 31 4 6 16 19 38 29 3 48 36 49 9 45 41 25 46 7 11 22 43 39 10 15 32 33 40 2 35 37 47 44
21196 23 13 45 41 25 12 8 11 22 43 4 10 15 32 33 29 2 35 37 47 9 20 26 31 39 7 16 19 38 40 3 48 36 49 50 17 34 42 46 44
21277 23 9 20 41 25 12 7 16 22 43 4 3 48 32 33 29 17 34 37 47 8 11 26 31 39 10 15 19 38 40 2 35 36 49 50 45 51 42 46 44
21781 23 9 11 26 31 12 7 15 19 38 4 3 35 36 49 29 17 51 42 46 8 16 22 43 40 10 48 32 33 50 2 34 37 47 44 45 41 25 39 52
22191 23 9 11 26 31 12 7 15 19 33 4 3 35 36 47 29 17 51 42 39 8 16 22 43 50 10 48 32 49 53 2 34 37 46 44 45 41 25 40 52
22633 23 9 11 26 43 12 7 15 19 33 4 3 35 36 47 29 17 51 25 39 8 16 22 54 50 10 48 32 49 53 2 34 42 46 44 45 41 31 40 52
22836 23 9 11 26 43 12 7 15 19 33 4 3 35 36 47 29 17 51 25 40 8 16 22 54 50 10 48 32 49 53 2 34 42 39 44 45 41 31 55 52
23011 23 9 11 22 54 12 7 15 32 49 4 3 35 42 56 29 17 41 31 40 8 16 19 33 50 10 48 36 47 53 2 34 25 39 44 45 26 43 55 52
23615 23 9 11 22 33 12 7 15 36 47 4 3 35 25 39 29 17 41 43 55 8 16 32 49 53 10 48 42 56 44 2 34 31 40 57 45 26 54 50 52
23821 23 9 16 32 49 12 7 48 42 56 4 3 34 31 40 29 17 26 54 50 8 15 36 47 44 10 35 25 39 58 2 41 43 55 57 45 22 33 53 52
23821 23 9 16 32 49 12 7 48 42 56 4 3 34 31 40 29 17 26 54 50 8 15 36 47 44 10 35 25 39 58 2 41 43 55 57 45 22 33 53 52
23844 23 8 15 36 47 12 10 35 25 39 4 2 41 43 60 29 45 22 33 50 7 48 42 56 44 3 34 31 40 58 17 26 54 55 57 16 32 49 53 52
24023 23 29 16 32 47 12 7 48 42 39 4 3 34 31 60 61 17 26 54 50 8 15 36 56 44 10 35 25 40 58 2 41 43 55 57 45 22 49 53 52
24023 23 29 16 32 47 12 7 48 42 39 4 3 34 31 60 61 17 26 54 50 8 15 36 56 44 10 35 25 40 58 2 41 43 55 57 45 22 49 53 52
24023 23 29 16 32 47 12 7 48 42 39 4 3 34 31 60 61 17 26 54 50 8 15 36 56 44 10 35 25 40 58 2 41 43 55 57 45 22 49 53 52
24023 23 29 16 32 47 12 7 48 42 39 4 3 34 31 60 61 17 26 54 50 8 15 36 56 44 10 35 25 40 58 2 41 43 55 57 45 22 49 53 52
24023 23 29 16 32 47 12 7 48 42 39 4 3 34 31 60 61 17 26 54 50 8 15 36 56 44 10 35 25 40 58 2 41 43 55 57 45 22 49 53 52
24023 23 29 16 32 47 12 7 48 42 39 4 3 34 31 60 61 17 26 54 50 8 15 36 56 44 10 35 25 40 58 2 41 43 55 57 45 22 49 53 52
24023 23 29 16 32 47 12 7 48 42 39 4 3 34 31 60 61 17 26 54 50 8 15 36 56 44 10 35 25 40 58 2 41 43 55 57 45 22 49 53 52
24023 23 29 16 32 47 12 7 48 42 39 4 3 34 31 60 61 17 26 54 50 8 15 36 56 44 10 35 25 40 58 2 41 43 55 57 45 22 49 53 52
24023 23 29 16 32 47 12 7 48 42 39 4 3 34 31 60 61 17 26 54 50 8 15 36 56 44 10 35 25 40 58 2 41 43 55 57 45 22 49 53 52
24023 23 29 16 32 47 12 7 48 42 39 4 3 34 31 60 61 17 26 54 50 8 15 36 56 44 10 35 25 40 58 2 41 43 55 57 45 22 49 53 52
24023 23 29 16 32 47 12 7 48 42 39 4 3 34 31 60 61 17 26 54 50 8 15 36 56 44 10 35 25 40 58 2 41 43 55 57 45 22 49 53 52
24023 23 29 16 32 47 12 7 48 42 39 4 3 34 31 60 61 17 26 54 50 8 15 36 56 44 10 35 25 40 58 2 41 43 55 57 45 22 49 53 52
24023 23 29 16 32 47 12 7 48 42 39 4 3 34 31 60 61 17 26 54 50 8 15 36 56 44 10 35 25 40 58 2 41 43 55 57 45 22 49 53 52
24023 23 29 16 32 47 12 7 48 42 39 4 3 34 31 60 61 17 26 54 50 8 15 36 56 44 10 35 25 40 58 2 41 43 55 57 45 22 49 53 52
24023 23 29 16 32 47 12 7 48 42 39 4 3 34 31 60 61 17 26 54 50 8 15 36 56 44 10 35 25 40 58 2 41 43 55 57 45 22 49 53 52
24023 23 29 16 32 47 12 7 48 42 39 4 3 34 31 60 61 17 26 54 50 8 15 36 56 44 10 35 25 40 58 2 41 43 55 57 45 22 49 53 52
24047 23 29 16 36 47 12 7 35 25 39 4 3 41 77 60 61 17 22 54 50 8 48 42 56 44 10 34 31 40 58 2 26 43 55 57 45 32 49 53 52
24090 78 4 45 36 47 23 8 48 25 39 12 10 41 77 60 61 2 22 54 50 29 16 42 56 44 7 35 31 40 58 3 26 43 55 57 17 32 49 53 52
24090 78 4 45 36 47 23 8 48 25 39 12 10 41 77 60 61 2 22 54 50 29 16 42 56 44 7 35 31 40 58 3 26 43 55 57 17 32 49 53 52
24090 78 4 45 36 47 23 8 48 25 39 12 10 41 77 60 61 2 22 54 50 29 16 42 56 44 7 35 31 40 58 3 26 43 55 57 17 32 49 53 52
24090 78 4 45 36 47 23 8 48 25 39 12 10 41 77 60 61 2 22 54 50 29 16 42 56 44 7 35 31 40 58 3 26 43 55 57 17 32 49 53 52
24090 78 4 45 36 47 23 8 48 25 39 12 10 41 77 60 61 2 22 54 50 29 16 42 56 44 7 35 31 40 58 3 26 43 55 57 17 32 49 53 52
24090 78 4 45 36 47 23 8 48 25 39 12 10 41 77 60 61 2 22 54 50 29 16 42 56 44 7 35 31 40 58 3 26 43 55 57 17 32 49 53 52
24090 78 4 45 36 47 23 8 48 25 39 12 10 41 77 60 61 2 22 54 50 29 16 42 56 44 7 35 31 40 58 3 26 43 55 57 17 32 49 53 52
24090 78 4 45 36 47 23 8 48 25 39 12 10 41 77 60 61 2 22 54 50 29 16 42 56 44 7 35 31 40 58 3 26 43 55 57 17 32 49 53 52
24090 78 4 45 36 47 23 8 48 25 39 12 10 41 77 60 61 2 22 54 50 29 16 42 56 44 7 35 31 40 58 3 26 43 55 57 17 32 49 53 52
24111 78 4 45 36 49 23 8 48 25 56 12 10 41 77 60 61 2 22 43 50 29 16 42 47 44 7 35 87 40 58 3 26 31 55 57 17 32 54 53 52
24111 78 4 45 36 49 23 8 48 25 56 12 10 41 77 60 61 2 22 43 50 29 16 42 47 44 7 35 87 40 58 3 26 31 55 57 17 32 54 53 52
24111 78 4 45 36 49 23 8 48 25 56 12 10 41 77 60 61 2 22 43 50 29 16 42 47 44 7 35 87 40 58 3 26 31 55 57 17 32 54 53 52
24111 78 4 45 36 49 23 8 48 25 56 12 10 41 77 60 61 2 22 43 50 29 16 42 47 44 7 35 87 40 58 3 26 31 55 57 17 32 54 53 52
24111 78 4 45 36 49 23 8 48 25 56 12 10 41 77 60 61 2 22 43 50 29 16 42 47 44 7 35 87 40 58 3 26 31 55 57 17 32 54 53 52
24111 78 4 45 36 49 23 8 48 25 56 12 10 41 77 60 61 2 22 43 50 29 16 42 47 44 7 35 87 40 58 3 26 31 55 57 17 32 54 53 52
24111 78 4 45 36 49 23 8 48 25 56 12 10 41 77 60 61 2 22 43 50 29 16 42 47 44 7 35 87 40 58 3 26 31 55 57 17 32 54 53 52
24165 78 4 45 94 49 23 8 48 42 56 12 10 41 25 60 61 2 22 43 50 29 16 36 47 44 7 35 87 40 58 3 26 31 55 57 17 32 54 53 52
24165 78 4 45 94 49 23 8 48 42 56 12 10 41 25 60 61 2 22 43 50 29 16 36 47 44 7 35 87 40 58 3 26 31 55 57 17 32 54 53 52
24165 78 4 45 94 49 23 8 48 42 56 12 10 41 25 60 61 2 22 43 50 29 16 36 47 44 7 35 87 40 58 3 26 31 55 57 17 32 54 53 52
24165 78 4 45 94 49 23 8 48 42 56 12 10 41 25 60 61 2 22 43 50 29 16 36 47 44 7 35 87 40 58 3 26 31 55 57 17 32 54 53 52
24165 78 4 45 94 49 23 8 48 42 56 12 10 41 25 60 61 2 22 43 50 29 16 36 47 44 7 35 87 40 58 3 26 31 55 57 17 32 54 53 52
24165 78 4 45 94 49 23 8 48 42 56 12 10 41 25 60 61 2 22 43 50 29 16 36 47 44 7 35 87 40 58 3 26 31 55 57 17 32 54 53 52
