15670 -1 -1 -1 -1 -1 -1 -1 -1 -1 -1 -1 -1 -1 -1 -1 -1 -1 -1 -1 -1 -1 -1 -1 -1 -1 -1 -1 -1 -1
17869 -1 -1 -1 -1 -1 -1 0 -1 -1 -1 -1 -1 -1 -1 -1 -1 -1 -1 -1 -1 -1 -1 -1 -1 -1 -1 -1 -1 -1
18890 -1 -1 -1 -1 -1 -1 0 -1 -1 -1 -1 -1 -1 -1 -1 -1 -1 -1 -1 -1 -1 -1 1 -1 -1 -1 -1 -1 -1
19349 -1 -1 -1 -1 -1 -1 0 -1 -1 -1 -1 -1 -1 -1 -1 -1 2 -1 -1 -1 -1 -1 1 -1 -1 -1 -1 -1 -1
19864 -1 -1 -1 -1 -1 -1 1 -1 -1 -1 -1 -1 -1 -1 0 -1 2 -1 -1 -1 -1 -1 3 -1 -1 -1 -1 -1 -1
19864 -1 -1 -1 -1 -1 -1 1 -1 -1 -1 -1 -1 -1 -1 0 -1 2 -1 -1 -1 -1 -1 3 -1 -1 -1 -1 -1 -1
19946 -1 -1 -1 -1 2 -1 1 -1 -1 -1 -1 -1 -1 -1 0 -1 5 -1 -1 -1 -1 -1 3 -1 -1 -1 -1 -1 -1
20029 -1 -1 5 -1 6 -1 1 -1 -1 -1 -1 -1 -1 -1 0 -1 2 -1 -1 -1 -1 -1 3 -1 -1 -1 -1 -1 -1
20453 -1 -1 5 -1 6 -1 1 7 -1 -1 -1 -1 -1 -1 0 -1 2 -1 -1 -1 -1 -1 3 -1 -1 -1 -1 -1 -1
20855 -1 -1 2 -1 6 -1 1 7 -1 -1 -1 -1 -1 -1 0 -1 8 -1 -1 -1 -1 -1 3 -1 -1 -1 -1 -1 5
21528 -1 -1 2 -1 6 -1 9 7 -1 -1 -1 -1 1 -1 0 -1 8 -1 -1 -1 -1 -1 3 -1 -1 -1 -1 -1 5
21647 -1 -1 10 -1 6 -1 9 7 -1 -1 -1 -1 1 -1 0 -1 8 -1 -1 -1 -1 -1 3 -1 -1 -1 -1 -1 2
22988 -1 -1 10 -1 3 -1 9 7 -1 -1 -1 -1 1 -1 0 -1 8 -1 -1 -1 -1 -1 11 -1 -1 -1 -1 -1 2
22988 -1 -1 10 -1 3 -1 9 7 -1 -1 -1 -1 1 -1 0 -1 8 -1 -1 -1 -1 -1 11 -1 -1 -1 -1 -1 2
23128 -1 -1 10 -1 3 -1 9 7 -1 -1 13 -1 1 -1 0 -1 8 -1 -1 -1 -1 -1 11 -1 -1 -1 -1 -1 2
24282 -1 -1 10 -1 3 -1 9 7 -1 -1 13 -1 14 1 0 -1 8 -1 -1 -1 -1 -1 11 -1 -1 -1 -1 -1 2
24774 -1 -1 10 -1 3 -1 1 7 -1 11 13 -1 14 15 0 -1 8 -1 -1 -1 -1 -1 9 -1 -1 -1 -1 -1 2
25220 -1 -1 16 -1 3 -1 1 7 -1 11 13 -1 14 15 0 -1 8 -1 -1 -1 10 -1 9 -1 -1 -1 -1 -1 2
25220 -1 -1 16 -1 3 -1 1 7 -1 11 13 -1 14 15 0 -1 8 -1 -1 -1 10 -1 9 -1 -1 -1 -1 -1 2
25655 -1 -1 16 -1 13 -1 1 7 -1 11 18 -1 14 15 0 -1 3 -1 -1 -1 8 -1 9 -1 -1 -1 -1 -1 2
25655 -1 -1 16 -1 13 -1 1 7 -1 11 18 -1 14 15 0 -1 3 -1 -1 -1 8 -1 9 -1 -1 -1 -1 -1 2
26688 -1 -1 16 -1 13 -1 15 7 11 9 18 -1 0 14 20 -1 3 -1 -1 -1 8 -1 1 -1 -1 -1 -1 -1 2
28527 -1 -1 16 -1 13 -1 14 7 11 9 18 -1 20 0 21 -1 3 -1 -1 -1 8 -1 15 -1 -1 -1 1 -1 2
29355 -1 -1 16 -1 18 -1 14 7 11 9 22 -1 20 0 21 -1 3 -1 -1 -1 8 -1 15 -1 -1 -1 1 -1 2
30154 -1 -1 16 -1 22 -1 14 7 11 9 23 -1 20 0 21 8 18 -1 -1 -1 3 -1 15 -1 -1 -1 1 -1 2
30216 -1 -1 16 -1 22 -1 14 7 11 9 23 24 20 0 21 8 18 -1 -1 -1 3 -1 15 -1 -1 -1 1 -1 2
30586 -1 -1 16 -1 22 3 14 7 11 9 23 24 20 0 21 8 18 -1 -1 -1 25 -1 15 -1 -1 -1 1 -1 2
30586 -1 -1 16 -1 22 3 14 7 11 9 23 24 20 0 21 8 18 -1 -1 -1 25 -1 15 -1 -1 -1 1 -1 2
31415 -1 -1 16 -1 23 18 14 7 11 9 27 24 20 0 21 8 22 -1 -1 -1 25 -1 15 -1 -1 -1 1 -1 2
31448 -1 -1 16 -1 28 18 14 7 11 9 27 22 20 0 21 8 23 -1 -1 -1 25 -1 15 -1 -1 -1 1 -1 2
31898 -1 -1 16 -1 28 18 14 7 11 9 27 22 20 0 21 8 23 -1 -1 -1 25 -1 15 -1 29 -1 1 -1 2
32456 -1 -1 16 -1 28 18 0 7 11 1 27 22 20 30 21 8 23 -1 -1 -1 25 -1 14 -1 29 -1 15 -1 2
32668 -1 -1 16 -1 28 18 0 7 11 1 27 22 20 30 21 31 23 -1 -1 -1 25 -1 14 -1 29 -1 15 -1 8
32668 -1 -1 16 -1 28 18 0 7 11 1 27 22 20 30 21 31 23 -1 -1 -1 25 -1 14 -1 29 -1 15 -1 8
32808 33 -1 16 -1 28 18 0 7 11 1 27 22 20 30 21 31 23 -1 -1 -1 25 -1 14 -1 29 -1 15 -1 8
33466 33 -1 16 -1 28 18 0 7 11 34 27 22 20 30 21 31 23 -1 -1 -1 25 -1 14 1 29 -1 15 -1 8
34262 33 -1 16 -1 27 18 0 7 1 34 11 22 20 30 21 31 23 -1 -1 -1 25 -1 14 35 29 -1 15 -1 8
35406 33 -1 16 -1 27 18 30 7 1 34 11 22 36 20 21 31 23 -1 -1 -1 25 -1 0 35 29 -1 14 -1 8
35406 33 -1 16 -1 27 18 30 7 1 34 11 22 36 20 21 31 23 -1 -1 -1 25 -1 0 35 29 -1 14 -1 8
36168 33 -1 16 -1 38 18 30 7 11 34 27 22 36 20 21 31 23 -1 -1 -1 25 -1 0 35 29 -1 14 -1 8
36823 33 34 16 -1 38 18 30 7 11 39 27 22 36 20 21 31 23 -1 -1 -1 25 -1 0 35 29 -1 14 -1 8
36823 33 34 16 -1 38 18 30 7 11 39 27 22 36 20 21 31 23 -1 -1 -1 25 -1 0 35 29 -1 14 -1 8
37038 33 39 16 -1 27 18 30 7 35 14 11 23 36 20 21 31 38 -1 -1 22 25 -1 0 34 29 -1 41 -1 8
37643 33 39 16 -1 27 42 30 22 35 14 11 23 36 20 21 31 38 -1 -1 18 25 -1 0 34 29 -1 41 -1 8
37652 33 39 18 -1 27 43 30 22 35 14 11 23 36 20 21 31 38 -1 -1 42 25 -1 0 34 29 -1 41 -1 8
37652 33 39 18 -1 27 43 30 22 35 14 11 23 36 20 21 31 38 -1 -1 42 25 -1 0 34 29 -1 41 -1 8
37652 33 39 18 -1 27 43 30 22 35 14 11 23 36 20 21 31 38 -1 -1 42 25 -1 0 34 29 -1 41 -1 8
37665 33 39 22 -1 11 42 30 23 35 14 46 38 36 20 21 31 27 -1 -1 18 25 -1 0 34 29 -1 41 -1 8
37875 33 39 18 -1 27 42 30 22 35 14 11 23 36 20 21 31 38 -1 -1 47 25 -1 0 34 29 -1 41 -1 8
38017 33 39 22 -1 11 42 30 23 35 14 48 38 36 20 21 31 27 -1 -1 47 25 -1 0 34 29 -1 41 -1 8
38602 33 39 23 -1 11 47 30 38 35 14 48 49 36 20 21 25 27 -1 -1 22 42 -1 0 34 29 -1 41 -1 31
38833 33 14 38 -1 35 47 30 49 34 50 48 27 36 20 21 25 11 -1 -1 22 42 23 0 39 29 -1 41 -1 31
38845 33 14 38 -1 35 22 30 49 34 50 48 27 36 20 21 42 11 -1 -1 23 47 51 0 39 29 -1 41 31 25
38926 33 14 38 -1 35 22 30 49 34 52 48 27 36 20 21 42 11 -1 -1 23 47 51 0 39 29 -1 50 31 25
39549 33 52 49 -1 34 22 20 27 39 50 48 11 53 36 21 42 35 -1 -1 23 47 38 30 14 29 -1 0 31 25
40093 33 52 49 -1 35 22 20 54 39 50 34 27 53 36 21 42 11 -1 -1 23 47 38 30 14 29 -1 0 31 25
40093 33 52 49 -1 35 22 20 54 39 50 34 27 53 36 21 42 11 -1 -1 23 47 38 30 14 29 -1 0 31 25
40137 33 52 54 47 34 23 20 27 14 50 39 11 53 36 21 42 35 -1 -1 38 22 49 30 56 29 -1 0 31 25
40603 33 56 54 47 34 23 20 27 39 50 57 11 53 36 21 42 35 -1 -1 38 22 49 30 14 29 -1 0 31 25
40841 33 14 49 47 35 58 20 54 57 50 34 27 53 36 21 42 11 -1 -1 23 22 38 30 39 29 -1 0 31 25
40841 33 14 49 47 35 58 20 54 57 50 34 27 53 36 21 42 11 -1 -1 23 22 38 30 39 29 -1 0 31 25
40874 33 14 49 47 35 58 20 54 57 50 34 27 53 36 21 42 11 -1 -1 23 22 38 30 39 29 -1 0 25 60
40874 33 14 49 47 35 58 20 54 57 50 34 27 53 36 21 42 11 -1 -1 23 22 38 30 39 29 -1 0 25 60
41032 33 14 54 22 35 23 20 27 57 50 34 11 53 36 21 42 62 -1 -1 38 58 49 30 39 29 -1 0 25 60
41032 33 14 54 22 35 23 20 27 57 50 34 11 53 36 21 42 62 -1 -1 38 58 49 30 39 29 -1 0 25 60
41129 33 14 54 22 35 23 20 27 57 50 34 11 53 36 21 42 62 -1 -1 38 58 49 30 39 29 -1 0 25 64
41129 33 14 54 22 35 23 20 27 57 50 34 11 53 36 21 42 62 -1 -1 38 58 49 30 39 29 -1 0 25 64
41129 33 14 54 22 35 23 20 27 57 50 34 11 53 36 21 42 62 -1 -1 38 58 49 30 39 29 -1 0 25 64
41431 33 14 54 22 35 23 20 27 57 50 34 11 53 36 21 42 62 -1 -1 38 58 49 30 39 29 -1 0 64 67
41560 33 39 49 42 62 58 20 54 34 14 35 27 53 36 21 67 11 -1 -1 23 22 38 30 57 29 -1 0 68 64
41560 33 39 49 42 62 58 20 54 34 14 35 27 53 36 21 67 11 -1 -1 23 22 38 30 57 29 -1 0 68 64
41560 33 39 49 42 62 58 20 54 34 14 35 27 53 36 21 67 11 -1 -1 23 22 38 30 57 29 -1 0 68 64
41560 33 39 49 42 62 58 20 54 34 14 35 27 53 36 21 67 11 -1 -1 23 22 38 30 57 29 -1 0 68 64
42399 33 14 54 42 35 23 20 27 57 0 34 11 53 36 21 67 62 -1 58 38 22 49 72 39 29 -1 30 68 64
42955 33 14 54 42 35 23 20 27 57 0 34 11 53 36 21 67 62 -1 58 38 22 49 72 39 29 -1 73 68 64
42955 33 14 54 42 35 23 20 27 57 0 34 11 53 36 21 67 62 -1 58 38 22 49 72 39 29 -1 73 68 64
43590 33 75 27 22 34 38 20 11 39 0 57 62 53 36 21 42 35 -1 23 49 58 54 72 14 29 -1 73 68 67
