17403 -1 -1 -1 -1 -1 -1 -1 -1 -1 -1 -1 -1 -1 -1 -1 -1 -1 -1 -1 -1 -1 -1 -1 -1 -1 -1 -1 -1 -1 -1 -1 -1 -1 -1 -1 -1 -1
17821 -1 -1 -1 -1 -1 -1 -1 -1 -1 -1 -1 -1 -1 0 -1 -1 -1 -1 -1 -1 -1 -1 -1 -1 -1 -1 -1 -1 -1 -1 -1 -1 -1 -1 -1 -1 -1
19064 -1 -1 0 -1 -1 -1 -1 -1 -1 -1 -1 -1 -1 1 -1 -1 -1 -1 -1 -1 -1 -1 -1 -1 -1 -1 -1 -1 -1 -1 -1 -1 -1 -1 -1 -1 -1
20319 -1 -1 0 -1 -1 -1 -1 -1 -1 -1 -1 -1 -1 2 -1 -1 -1 -1 -1 -1 -1 -1 -1 -1 -1 1 -1 -1 -1 -1 -1 -1 -1 -1 -1 -1 -1
21177 -1 -1 0 -1 -1 -1 -1 -1 -1 -1 -1 -1 -1 3 -1 -1 -1 -1 -1 -1 -1 -1 -1 -1 -1 2 -1 -1 -1 -1 -1 -1 -1 -1 -1 -1 1
22012 -1 -1 0 -1 -1 -1 -1 -1 -1 -1 -1 -1 -1 4 -1 -1 -1 -1 -1 -1 -1 -1 -1 -1 -1 2 -1 -1 -1 -1 -1 -1 -1 3 -1 -1 1
23323 -1 -1 0 -1 -1 -1 -1 -1 5 -1 -1 -1 -1 4 -1 -1 -1 -1 -1 -1 -1 -1 -1 -1 -1 2 -1 -1 -1 -1 -1 -1 -1 3 -1 -1 1
24766 -1 -1 0 3 -1 -1 -1 -1 4 -1 -1 -1 -1 6 -1 -1 -1 -1 -1 -1 -1 -1 -1 -1 -1 2 -1 -1 -1 -1 -1 -1 -1 5 -1 -1 1
24766 -1 -1 0 3 -1 -1 -1 -1 4 -1 -1 -1 -1 6 -1 -1 -1 -1 -1 -1 -1 -1 -1 -1 -1 2 -1 -1 -1 -1 -1 -1 -1 5 -1 -1 1
25460 -1 -1 0 8 -1 6 -1 -1 5 -1 -1 -1 -1 4 -1 -1 -1 -1 -1 -1 -1 -1 -1 -1 -1 2 -1 -1 -1 -1 -1 -1 -1 3 -1 -1 1
25832 -1 -1 9 8 -1 6 -1 -1 5 -1 -1 -1 -1 4 -1 -1 0 -1 -1 -1 -1 -1 -1 -1 -1 2 -1 -1 -1 -1 -1 -1 -1 3 -1 -1 1
26231 -1 -1 9 8 -1 6 10 -1 5 -1 -1 -1 -1 4 -1 -1 0 -1 -1 -1 -1 -1 -1 -1 -1 2 -1 -1 -1 -1 -1 -1 -1 3 -1 -1 1
27060 -1 -1 9 8 -1 6 10 -1 5 -1 -1 -1 -1 4 -1 -1 0 -1 -1 -1 -1 -1 -1 -1 11 2 -1 -1 -1 -1 -1 -1 -1 3 -1 -1 1
28543 -1 -1 9 8 -1 2 10 -1 4 -1 3 -1 -1 6 -1 -1 0 -1 -1 -1 -1 -1 -1 -1 11 1 -1 -1 -1 -1 -1 -1 -1 5 -1 -1 12
29972 -1 -1 9 8 -1 2 10 -1 4 -1 3 -1 -1 13 -1 -1 0 -1 -1 -1 -1 -1 -1 -1 11 1 -1 -1 -1 -1 -1 -1 6 5 -1 -1 12
31463 -1 -1 9 8 -1 1 10 -1 6 -1 3 -1 -1 2 -1 -1 0 -1 -1 -1 -1 -1 -1 -1 11 14 -1 -1 -1 -1 -1 -1 13 5 4 -1 12
32443 -1 -1 9 15 8 1 10 -1 6 -1 3 -1 -1 2 -1 -1 0 -1 -1 -1 -1 -1 -1 -1 11 14 -1 -1 -1 -1 -1 -1 13 5 4 -1 12
33673 2 -1 9 15 8 14 10 -1 6 -1 3 -1 -1 1 -1 -1 0 -1 -1 -1 -1 -1 -1 -1 11 12 -1 -1 -1 -1 -1 -1 13 5 4 -1 16
34863 1 -1 8 3 15 14 10 -1 13 -1 5 -1 -1 17 -1 -1 0 -1 -1 -1 -1 -1 -1 -1 11 12 9 -1 -1 -1 -1 -1 2 4 6 -1 16
34863 1 -1 8 3 15 14 10 -1 13 -1 5 -1 -1 17 -1 -1 0 -1 -1 -1 -1 -1 -1 -1 11 12 9 -1 -1 -1 -1 -1 2 4 6 -1 16
36088 17 -1 8 3 15 19 10 -1 2 -1 5 13 -1 14 -1 -1 0 -1 -1 -1 -1 -1 -1 -1 11 12 9 -1 -1 -1 -1 -1 1 4 6 -1 16
36088 17 -1 8 3 15 19 10 -1 2 -1 5 13 -1 14 -1 -1 0 -1 -1 -1 -1 -1 -1 -1 11 12 9 -1 -1 -1 -1 -1 1 4 6 -1 16
36728 1 -1 8 3 15 14 10 -1 2 -1 5 13 -1 17 -1 -1 0 -1 -1 -1 -1 -1 -1 -1 11 19 9 -1 -1 -1 12 -1 21 4 6 -1 16
37006 1 -1 8 3 15 14 10 -1 2 -1 5 13 -1 17 -1 -1 22 -1 -1 -1 -1 -1 -1 -1 11 19 9 -1 -1 -1 12 -1 21 4 6 -1 16
37006 1 -1 8 3 15 14 10 -1 2 -1 5 13 -1 17 -1 -1 22 -1 -1 -1 -1 -1 -1 -1 11 19 9 -1 -1 -1 12 -1 21 4 6 -1 16
37047 1 -1 8 3 15 14 10 -1 2 -1 4 24 5 17 -1 -1 22 -1 -1 -1 -1 -1 -1 -1 11 19 9 -1 -1 -1 12 -1 21 6 13 -1 16
38798 17 -1 8 3 15 19 10 -1 21 -1 4 2 5 14 -1 -1 22 -1 -1 -1 -1 -1 -1 -1 11 12 9 -1 -1 -1 25 -1 1 6 13 -1 16
39882 14 -1 15 5 3 12 10 -1 1 -1 6 21 4 19 -1 -1 11 -1 -1 -1 -1 -1 22 -1 9 25 8 -1 -1 -1 26 -1 17 13 2 -1 16
40044 14 -1 15 5 3 12 10 -1 1 -1 6 21 4 19 -1 -1 11 -1 -1 -1 -1 -1 22 -1 27 25 8 -1 -1 -1 26 -1 17 13 2 -1 16
40044 14 -1 15 5 3 12 10 -1 1 -1 6 21 4 19 -1 -1 11 -1 -1 -1 -1 -1 22 -1 27 25 8 -1 -1 -1 26 -1 17 13 2 -1 16
40044 14 -1 15 5 3 12 10 -1 1 -1 6 21 4 19 -1 -1 11 -1 -1 -1 -1 -1 22 -1 27 25 8 -1 -1 -1 26 -1 17 13 2 -1 16
40590 14 -1 30 5 15 12 3 -1 1 -1 6 21 4 19 -1 -1 11 -1 -1 -1 -1 -1 22 -1 27 25 8 -1 -1 -1 26 -1 17 13 2 -1 16
41555 14 -1 30 5 15 12 3 6 17 -1 13 1 4 19 -1 -1 11 -1 -1 -1 -1 -1 22 -1 27 25 8 -1 -1 -1 26 -1 31 2 21 -1 16
42887 14 -1 15 4 3 12 5 13 31 22 2 17 6 19 -1 -1 27 -1 -1 -1 -1 -1 11 -1 8 25 30 -1 -1 -1 26 -1 32 21 1 -1 16
43237 14 -1 30 5 15 12 3 13 31 22 2 17 4 19 -1 -1 27 -1 -1 -1 -1 -1 11 6 33 25 8 -1 -1 -1 26 -1 32 21 1 -1 16
43296 14 -1 30 5 15 12 3 13 31 34 2 17 4 19 -1 -1 11 -1 -1 -1 -1 27 22 6 33 25 8 -1 -1 -1 26 -1 32 21 1 -1 16
44148 14 -1 30 5 15 12 3 2 35 34 21 31 6 19 -1 -1 11 -1 4 -1 -1 27 22 13 33 25 8 -1 -1 -1 26 -1 32 1 17 -1 16
44148 14 -1 30 5 15 12 3 2 35 34 21 31 6 19 -1 -1 11 -1 4 -1 -1 27 22 13 33 25 8 -1 -1 -1 26 -1 32 1 17 -1 16
44148 14 -1 30 5 15 12 3 2 35 34 21 31 6 19 -1 -1 11 -1 4 -1 -1 27 22 13 33 25 8 -1 -1 -1 26 -1 32 1 17 -1 16
44228 14 -1 8 3 30 12 15 2 35 34 21 31 6 19 -1 -1 11 -1 5 -1 -1 27 22 13 38 25 33 -1 -1 -1 26 -1 32 1 17 -1 16
44800 14 -1 8 3 30 12 15 2 35 34 21 31 39 19 -1 -1 11 -1 6 -1 -1 27 22 13 38 25 33 -1 -1 5 26 -1 32 1 17 -1 16
44800 14 -1 8 3 30 12 15 2 35 34 21 31 39 19 -1 -1 11 -1 6 -1 -1 27 22 13 38 25 33 -1 -1 5 26 -1 32 1 17 -1 16
44800 14 -1 8 3 30 12 15 2 35 34 21 31 39 19 -1 -1 11 -1 6 -1 -1 27 22 13 38 25 33 -1 -1 5 26 -1 32 1 17 -1 16
44800 14 -1 8 3 30 12 15 2 35 34 21 31 39 19 -1 -1 11 -1 6 -1 -1 27 22 13 38 25 33 -1 -1 5 26 -1 32 1 17 -1 16
45184 14 -1 30 43 15 12 3 2 35 22 21 31 39 19 -1 -1 27 -1 6 -1 -1 38 11 13 33 25 8 -1 -1 5 26 -1 32 1 17 -1 16
45490 14 -1 30 43 15 12 3 2 35 22 21 31 39 19 -1 -1 38 -1 6 -1 -1 44 11 13 33 25 8 -1 -1 5 26 -1 32 1 17 -1 16
46126 14 -1 15 43 3 12 45 2 35 22 21 31 39 19 -1 -1 44 -1 6 -1 -1 33 11 13 8 25 30 -1 -1 5 26 -1 32 1 17 -1 16
46126 14 -1 15 43 3 12 45 2 35 22 21 31 39 19 -1 -1 44 -1 6 -1 -1 33 11 13 8 25 30 -1 -1 5 26 -1 32 1 17 -1 16
46126 14 -1 15 43 3 12 45 2 35 22 21 31 39 19 -1 -1 44 -1 6 -1 -1 33 11 13 8 25 30 -1 -1 5 26 -1 32 1 17 -1 16
46228 14 -1 48 45 15 12 3 13 35 22 2 31 6 19 -1 -1 44 -1 5 -1 -1 33 11 39 8 25 30 -1 -1 43 26 -1 32 21 17 -1 16
46276 14 -1 30 45 48 12 15 13 35 22 2 31 6 19 -1 -1 44 -1 5 -1 -1 33 11 39 8 25 49 -1 -1 43 26 -1 32 21 17 -1 16
46276 14 -1 30 45 48 12 15 13 35 22 2 31 6 19 -1 -1 44 -1 5 -1 -1 33 11 39 8 25 49 -1 -1 43 26 -1 32 21 17 -1 16
46276 14 -1 30 45 48 12 15 13 35 22 2 31 6 19 -1 -1 44 -1 5 -1 -1 33 11 39 8 25 49 -1 -1 43 26 -1 32 21 17 -1 16
47449 19 -1 48 43 15 25 45 2 32 22 21 35 39 12 -1 44 33 -1 6 -1 -1 8 11 13 49 26 30 -1 -1 5 16 -1 14 17 31 -1 52
47449 19 -1 48 43 15 25 45 2 32 22 21 35 39 12 -1 44 33 -1 6 -1 -1 8 11 13 49 26 30 -1 -1 5 16 -1 14 17 31 -1 52
47610 19 -1 48 43 15 25 45 21 32 22 17 35 39 12 -1 44 33 -1 6 -1 -1 8 11 13 49 26 30 -1 -1 5 16 -1 14 31 54 -1 52
47610 19 -1 48 43 15 25 45 21 32 22 17 35 39 12 -1 44 33 -1 6 -1 -1 8 11 13 49 26 30 -1 -1 5 16 -1 14 31 54 -1 52
47610 19 -1 48 43 15 25 45 21 32 22 17 35 39 12 -1 44 33 -1 6 -1 -1 8 11 13 49 26 30 -1 -1 5 16 -1 14 31 54 -1 52
47610 19 -1 48 43 15 25 45 21 32 22 17 35 39 12 -1 44 33 -1 6 -1 -1 8 11 13 49 26 30 -1 -1 5 16 -1 14 31 54 -1 52
47788 19 -1 15 5 45 25 43 17 58 22 31 32 13 12 -1 44 33 -1 39 -1 -1 49 11 21 30 26 48 -1 -1 6 16 -1 14 54 35 -1 52
48304 19 -1 45 59 43 25 5 17 58 22 31 32 13 12 -1 44 33 -1 39 -1 -1 30 11 21 48 26 15 -1 -1 6 16 -1 14 54 35 -1 52
48304 19 -1 45 59 43 25 5 17 58 22 31 32 13 12 -1 44 33 -1 39 -1 -1 30 11 21 48 26 15 -1 -1 6 16 -1 14 54 35 -1 52
49462 12 -1 43 6 5 26 59 31 14 22 54 58 21 25 44 33 30 -1 13 -1 -1 48 11 17 15 16 45 -1 -1 39 61 -1 19 35 32 -1 52
49462 12 -1 43 6 5 26 59 31 14 22 54 58 21 25 44 33 30 -1 13 -1 -1 48 11 17 15 16 45 -1 -1 39 61 -1 19 35 32 -1 52
49757 12 -1 43 6 5 26 59 17 14 22 31 58 63 25 44 33 30 -1 13 -1 -1 48 11 21 15 16 45 -1 -1 39 61 -1 19 35 32 -1 52
50221 25 -1 5 39 59 16 6 31 19 22 35 14 21 26 44 33 30 -1 63 -1 -1 15 11 17 45 64 43 -1 -1 13 61 -1 12 32 58 -1 52
50485 25 -1 5 39 59 16 6 31 19 65 35 14 21 26 44 33 30 -1 63 -1 -1 15 11 17 45 64 43 -1 -1 13 61 -1 12 32 58 -1 52
51151 25 -1 5 13 59 16 39 31 19 65 35 14 21 26 44 33 30 -1 63 -1 -1 15 11 17 45 64 43 -1 -1 66 61 6 12 32 58 -1 52
51840 25 -1 5 13 59 16 39 31 19 65 67 14 21 26 44 33 30 -1 63 -1 -1 15 11 17 45 64 43 -1 -1 66 61 6 12 35 32 -1 52
52106 25 -1 5 13 59 16 39 31 19 65 67 14 63 26 44 33 30 -1 66 -1 -1 15 11 17 45 64 43 -1 -1 68 61 6 12 35 32 -1 52
52393 25 -1 5 13 59 16 39 31 19 65 67 14 63 26 44 33 69 -1 66 -1 -1 30 11 17 45 64 43 -1 15 68 61 6 12 35 32 -1 52
52924 25 44 59 68 6 16 13 67 12 65 35 19 17 26 33 69 30 -1 63 -1 -1 15 11 31 43 64 5 -1 45 66 61 39 70 32 14 -1 52
52924 25 44 59 68 6 16 13 67 12 65 35 19 17 26 33 69 30 -1 63 -1 -1 15 11 31 43 64 5 -1 45 66 61 39 70 32 14 -1 52
53400 25 44 59 66 6 16 13 35 12 65 32 19 31 26 33 69 30 -1 17 -1 -1 15 11 67 43 64 5 68 45 63 61 39 70 14 72 -1 52
53539 25 44 6 66 39 16 13 35 12 65 32 19 31 26 69 30 15 -1 17 -1 -1 45 11 67 5 64 59 68 43 63 61 73 70 14 72 -1 52
53539 25 44 6 66 39 16 13 35 12 65 32 19 31 26 69 30 15 -1 17 -1 -1 45 11 67 5 64 59 68 43 63 61 73 70 14 72 -1 52
53653 25 44 39 66 73 16 13 35 12 65 32 19 31 26 69 30 15 -1 17 -1 -1 45 11 67 59 64 6 68 5 63 61 75 70 14 72 -1 52
53653 25 44 39 66 73 16 13 35 12 65 32 19 31 26 69 30 15 -1 17 -1 -1 45 11 67 59 64 6 68 5 63 61 75 70 14 72 -1 52
53653 25 44 39 66 73 16 13 35 12 65 32 19 31 26 69 30 15 -1 17 -1 -1 45 11 67 59 64 6 68 5 63 61 75 70 14 72 -1 52
53918 25 69 39 66 73 16 13 35 12 65 32 19 31 26 30 15 45 -1 17 -1 -1 5 44 67 6 64 78 68 59 63 61 75 70 14 72 11 52
53918 25 69 39 66 73 16 13 35 12 65 32 19 31 26 30 15 45 -1 17 -1 -1 5 44 67 6 64 78 68 59 63 61 75 70 14 72 11 52
53918 25 69 39 66 73 16 13 35 12 65 32 19 31 26 30 15 45 -1 17 -1 -1 5 44 67 6 64 78 68 59 63 61 75 70 14 72 11 52
54072 25 69 78 68 39 16 75 67 19 65 35 72 17 26 81 30 15 -1 63 -1 -1 45 44 31 59 64 6 13 5 66 61 73 70 32 14 11 52
54072 25 69 78 68 39 16 75 67 19 65 35 72 17 26 81 30 15 -1 63 -1 -1 45 44 31 59 64 6 13 5 66 61 73 70 32 14 11 52
54072 25 69 78 68 39 16 75 67 19 65 35 72 17 26 81 30 15 -1 63 -1 -1 45 44 31 59 64 6 13 5 66 61 73 70 32 14 11 52
54072 25 69 78 68 39 16 75 67 19 65 35 72 17 26 81 30 15 -1 63 -1 -1 45 44 31 59 64 6 13 5 66 61 73 70 32 14 11 52
54072 25 69 78 68 39 16 75 67 19 65 35 72 17 26 81 30 15 -1 63 -1 -1 45 44 31 59 64 6 13 5 66 61 73 70 32 14 11 52
54072 25 69 78 68 39 16 75 67 19 65 35 72 17 26 81 30 15 -1 63 -1 -1 45 44 31 59 64 6 13 5 66 61 73 70 32 14 11 52
54072 25 69 78 68 39 16 75 67 19 65 35 72 17 26 81 30 15 -1 63 -1 -1 45 44 31 59 64 6 13 5 66 61 73 70 32 14 11 52
54091 25 81 39 66 73 16 13 67 19 65 35 72 31 26 30 15 45 -1 17 -1 -1 5 69 88 6 64 78 68 59 63 61 75 70 32 14 11 52
54329 25 81 39 66 73 16 13 35 89 65 32 19 31 26 30 15 45 -1 17 -1 -1 5 69 67 6 64 78 68 59 63 61 75 70 14 72 11 52
54602 25 81 39 66 73 16 13 35 89 65 32 19 90 26 30 15 45 -1 31 -1 -1 5 69 67 6 64 78 68 59 17 61 75 70 14 72 11 52
54602 25 81 39 66 73 16 13 35 89 65 32 19 90 26 30 15 45 -1 31 -1 -1 5 69 67 6 64 78 68 59 17 61 75 70 14 72 11 52
54602 25 81 39 66 73 16 13 35 89 65 32 19 90 26 30 15 45 -1 31 -1 -1 5 69 67 6 64 78 68 59 17 61 75 70 14 72 11 52
54602 25 81 39 66 73 16 13 35 89 65 32 19 90 26 30 15 45 -1 31 -1 -1 5 69 67 6 64 78 68 59 17 61 75 70 14 72 11 52
54684 25 81 39 94 75 16 68 35 89 65 32 19 90 26 30 15 45 -1 31 -1 -1 5 69 67 6 64 78 66 59 17 61 13 70 14 72 11 52
54684 25 81 39 94 75 16 68 35 89 65 32 19 90 26 30 15 45 -1 31 -1 -1 5 69 67 6 64 78 66 59 17 61 13 70 14 72 11 52
