2120 -1 -1 -1 -1 -1 -1 -1 -1 -1 -1 -1 -1 -1 -1 -1 -1 -1 -1 -1 -1 -1 -1 -1 -1 -1 -1 -1 -1 -1 -1 -1 -1 -1 -1
3909 -1 -1 -1 -1 -1 -1 -1 0 -1 -1 -1 -1 -1 -1 -1 -1 -1 -1 -1 -1 -1 -1 -1 -1 -1 -1 -1 -1 -1 -1 -1 -1 -1 -1
4664 1 -1 -1 -1 -1 -1 -1 0 -1 -1 -1 -1 -1 -1 -1 -1 -1 -1 -1 -1 -1 -1 -1 -1 -1 -1 -1 -1 -1 -1 -1 -1 -1 -1
5611 1 -1 -1 -1 -1 -1 -1 0 -1 -1 -1 -1 -1 -1 2 -1 -1 -1 -1 -1 -1 -1 -1 -1 -1 -1 -1 -1 -1 -1 -1 -1 -1 -1
5780 1 -1 -1 -1 -1 -1 -1 0 -1 -1 -1 -1 -1 -1 2 -1 -1 -1 -1 -1 -1 -1 -1 -1 -1 -1 -1 -1 -1 3 -1 -1 -1 -1
6414 1 -1 -1 -1 -1 -1 -1 0 -1 -1 -1 -1 -1 -1 2 -1 -1 -1 -1 -1 -1 -1 -1 4 -1 -1 -1 -1 -1 3 -1 -1 -1 -1
8549 1 -1 -1 -1 -1 -1 -1 0 -1 -1 -1 -1 -1 -1 5 -1 -1 -1 -1 -1 -1 -1 -1 4 -1 -1 -1 -1 -1 3 -1 2 -1 -1
9769 1 -1 -1 -1 -1 -1 -1 0 -1 -1 -1 -1 -1 -1 5 -1 -1 -1 -1 -1 -1 -1 -1 4 -1 -1 -1 -1 -1 3 -1 2 -1 6
9769 1 -1 -1 -1 -1 -1 -1 0 -1 -1 -1 -1 -1 -1 5 -1 -1 -1 -1 -1 -1 -1 -1 4 -1 -1 -1 -1 -1 3 -1 2 -1 6
9769 1 -1 -1 -1 -1 -1 -1 0 -1 -1 -1 -1 -1 -1 5 -1 -1 -1 -1 -1 -1 -1 -1 4 -1 -1 -1 -1 -1 3 -1 2 -1 6
9769 1 -1 -1 -1 -1 -1 -1 0 -1 -1 -1 -1 -1 -1 5 -1 -1 -1 -1 -1 -1 -1 -1 4 -1 -1 -1 -1 -1 3 -1 2 -1 6
11139 1 -1 -1 -1 -1 -1 -1 0 -1 -1 -1 -1 -1 -1 5 -1 -1 -1 -1 -1 -1 10 -1 4 -1 -1 -1 -1 -1 3 -1 2 -1 6
12877 1 -1 -1 -1 -1 -1 -1 0 -1 -1 -1 -1 6 -1 5 -1 -1 -1 -1 -1 -1 2 -1 4 -1 -1 -1 -1 -1 3 -1 11 -1 10
12877 1 -1 -1 -1 -1 -1 -1 0 -1 -1 -1 -1 6 -1 5 -1 -1 -1 -1 -1 -1 2 -1 4 -1 -1 -1 -1 -1 3 -1 11 -1 10
14334 0 -1 -1 -1 -1 -1 -1 13 -1 -1 -1 1 6 -1 5 -1 -1 -1 -1 -1 -1 2 -1 4 -1 -1 -1 -1 -1 3 -1 11 -1 10
16493 0 -1 -1 -1 -1 -1 -1 13 -1 -1 -1 1 6 -1 5 -1 14 -1 -1 -1 -1 2 -1 4 -1 -1 -1 -1 -1 3 -1 11 -1 10
18462 0 -1 -1 -1 -1 -1 -1 13 -1 -1 -1 1 6 -1 15 -1 14 -1 -1 -1 2 11 -1 4 -1 -1 -1 -1 -1 3 -1 5 -1 10
18462 0 -1 -1 -1 -1 -1 -1 13 -1 -1 -1 1 6 -1 15 -1 14 -1 -1 -1 2 11 -1 4 -1 -1 -1 -1 -1 3 -1 5 -1 10
20146 0 -1 -1 -1 -1 -1 -1 13 -1 -1 -1 1 6 -1 15 -1 14 -1 -1 -1 2 5 -1 4 -1 -1 -1 -1 11 3 -1 17 -1 10
21082 0 -1 -1 18 -1 -1 -1 13 -1 -1 -1 1 6 -1 15 -1 14 -1 -1 -1 2 5 -1 4 -1 -1 -1 -1 11 3 -1 17 -1 10
21082 0 -1 -1 18 -1 -1 -1 13 -1 -1 -1 1 6 -1 15 -1 14 -1 -1 -1 2 5 -1 4 -1 -1 -1 -1 11 3 -1 17 -1 10
21256 0 -1 -1 18 20 -1 -1 13 -1 -1 -1 1 6 -1 15 -1 14 -1 -1 -1 2 5 -1 4 -1 -1 -1 -1 11 3 -1 17 -1 10
23486 18 -1 -1 13 20 -1 -1 21 -1 -1 -1 0 1 -1 15 -1 14 -1 -1 -1 2 5 -1 4 -1 -1 -1 6 11 3 -1 17 -1 10
24770 0 -1 -1 18 20 -1 -1 13 14 -1 -1 1 6 -1 22 -1 21 -1 -1 -1 11 17 -1 4 -1 -1 -1 10 5 3 -1 15 -1 2
24896 0 -1 17 18 20 -1 -1 13 14 -1 -1 1 23 -1 22 -1 21 -1 -1 -1 2 5 -1 4 -1 -1 -1 6 11 3 -1 15 -1 10
24896 0 -1 17 18 20 -1 -1 13 14 -1 -1 1 23 -1 22 -1 21 -1 -1 -1 2 5 -1 4 -1 -1 -1 6 11 3 -1 15 -1 10
26209 0 -1 17 18 20 -1 -1 13 14 -1 -1 1 23 -1 22 -1 21 -1 -1 -1 2 5 25 4 -1 -1 -1 6 11 3 -1 15 -1 10
28123 0 -1 25 18 20 -1 -1 13 14 -1 -1 1 6 -1 26 -1 21 -1 -1 -1 11 17 15 4 -1 -1 -1 10 5 3 -1 22 -1 2
28123 0 -1 25 18 20 -1 -1 13 14 -1 -1 1 6 -1 26 -1 21 -1 -1 -1 11 17 15 4 -1 -1 -1 10 5 3 -1 22 -1 2
28479 0 -1 25 18 20 -1 -1 13 14 -1 -1 1 6 -1 26 28 21 -1 -1 -1 11 17 15 4 -1 -1 -1 10 5 3 -1 22 -1 2
28698 0 -1 15 18 20 -1 -1 13 14 -1 -1 1 6 -1 29 28 21 -1 -1 -1 5 25 22 4 -1 -1 -1 10 17 3 -1 26 -1 11
28933 0 -1 30 18 20 -1 -1 13 14 -1 -1 1 6 -1 26 28 21 -1 -1 -1 5 25 15 4 -1 -1 -1 10 17 3 -1 22 -1 11
29733 0 -1 30 18 20 -1 -1 13 14 -1 -1 1 6 -1 26 28 21 11 -1 -1 17 15 31 4 -1 -1 -1 10 25 3 -1 22 -1 5
29733 0 -1 30 18 20 -1 -1 13 14 -1 -1 1 6 -1 26 28 21 11 -1 -1 17 15 31 4 -1 -1 -1 10 25 3 -1 22 -1 5
29733 0 -1 30 18 20 -1 -1 13 14 -1 -1 1 6 -1 26 28 21 11 -1 -1 17 15 31 4 -1 -1 -1 10 25 3 -1 22 -1 5
29920 0 -1 30 18 20 -1 -1 13 14 -1 -1 1 6 -1 26 28 21 11 34 -1 17 15 31 4 -1 -1 -1 10 25 3 -1 22 -1 5
29920 0 -1 30 18 20 -1 -1 13 14 -1 -1 1 6 -1 26 28 21 11 34 -1 17 15 31 4 -1 -1 -1 10 25 3 -1 22 -1 5
32050 18 -1 30 13 20 -1 -1 21 36 -1 -1 28 6 -1 26 0 14 11 34 -1 17 15 31 4 -1 -1 -1 10 25 3 -1 22 -1 5
32887 18 -1 15 13 20 -1 -1 21 36 -1 -1 28 37 -1 26 0 14 10 34 -1 5 25 31 4 -1 -1 -1 6 17 3 -1 22 -1 11
32887 18 -1 15 13 20 -1 -1 21 36 -1 -1 28 37 -1 26 0 14 10 34 -1 5 25 31 4 -1 -1 -1 6 17 3 -1 22 -1 11
33545 18 6 31 13 20 -1 -1 21 36 -1 -1 28 37 -1 26 0 14 11 34 -1 17 15 22 4 -1 -1 -1 10 25 3 -1 39 -1 5
33715 18 6 31 13 20 -1 40 21 36 -1 -1 28 37 -1 26 0 14 11 34 -1 17 15 22 4 -1 -1 -1 10 25 3 -1 39 -1 5
33715 18 6 31 13 20 -1 40 21 36 -1 -1 28 37 -1 26 0 14 11 34 -1 17 15 22 4 -1 -1 -1 10 25 3 -1 39 -1 5
34213 0 6 31 18 20 -1 40 21 36 -1 -1 28 37 13 26 42 14 11 34 -1 17 15 22 4 -1 -1 -1 10 25 3 -1 39 -1 5
35725 18 37 31 13 20 -1 40 43 36 -1 -1 42 28 21 26 0 14 11 10 -1 17 15 22 4 -1 -1 -1 6 25 3 -1 39 -1 5
36571 18 37 31 13 20 -1 40 43 36 -1 -1 42 28 21 26 0 14 11 10 17 5 15 22 4 -1 -1 -1 6 25 3 -1 39 -1 44
36571 18 37 31 13 20 -1 40 43 36 -1 -1 42 28 21 26 0 14 11 10 17 5 15 22 4 -1 -1 -1 6 25 3 -1 39 -1 44
36571 18 37 31 13 20 -1 40 43 36 -1 -1 42 28 21 26 0 14 11 10 17 5 15 22 4 -1 -1 -1 6 25 3 -1 39 -1 44
36571 18 37 31 13 20 -1 40 43 36 -1 -1 42 28 21 26 0 14 11 10 17 5 15 22 4 -1 -1 -1 6 25 3 -1 39 -1 44
36864 13 37 31 21 20 -1 40 43 36 -1 -1 0 42 48 26 18 14 11 10 17 5 15 22 4 -1 -1 -1 6 25 3 -1 39 -1 44
36864 13 37 31 21 20 -1 40 43 36 -1 -1 0 42 48 26 18 14 11 10 17 5 15 22 4 -1 -1 -1 6 25 3 -1 39 -1 44
36864 13 37 31 21 20 -1 40 43 36 -1 -1 0 42 48 26 18 14 11 10 17 5 15 22 4 -1 -1 -1 6 25 3 -1 39 -1 44
37236 18 37 31 13 20 -1 40 48 36 -1 -1 42 51 21 26 0 43 11 10 17 5 15 22 4 -1 -1 14 6 25 3 -1 39 -1 44
37236 18 37 31 13 20 -1 40 48 36 -1 -1 42 51 21 26 0 43 11 10 17 5 15 22 4 -1 -1 14 6 25 3 -1 39 -1 44
37589 18 53 31 13 20 -1 40 48 36 -1 -1 51 37 21 26 42 43 11 10 17 5 15 22 4 -1 -1 14 6 25 3 -1 39 -1 44
37589 18 53 31 13 20 -1 40 48 36 -1 -1 51 37 21 26 42 43 11 10 17 5 15 22 4 -1 -1 14 6 25 3 -1 39 -1 44
37589 18 53 31 13 20 -1 40 48 36 -1 -1 51 37 21 26 42 43 11 10 17 5 15 22 4 -1 -1 14 6 25 3 -1 39 -1 44
37589 18 53 31 13 20 -1 40 48 36 -1 -1 51 37 21 26 42 43 11 10 17 5 15 22 4 -1 -1 14 6 25 3 -1 39 -1 44
37589 18 53 31 13 20 -1 40 48 36 -1 -1 51 37 21 26 42 43 11 10 17 5 15 22 4 -1 -1 14 6 25 3 -1 39 -1 44
38544 42 53 31 18 20 -1 40 48 36 -1 -1 58 37 13 26 51 43 11 10 17 5 15 22 4 -1 -1 14 6 25 3 -1 39 21 44
38544 42 53 31 18 20 -1 40 48 36 -1 -1 58 37 13 26 51 43 11 10 17 5 15 22 4 -1 -1 14 6 25 3 -1 39 21 44
38804 42 53 31 18 20 -1 40 48 36 -1 -1 58 37 13 26 51 43 11 10 17 5 15 22 4 -1 -1 14 60 25 3 -1 39 21 44
39074 42 53 15 18 20 -1 17 48 36 -1 -1 58 61 13 26 51 43 10 60 5 44 25 31 4 -1 -1 14 37 40 3 -1 39 21 11
39753 42 53 15 18 20 -1 40 48 36 -1 -1 58 61 13 26 51 43 10 60 17 5 25 31 4 -1 -1 14 37 62 3 11 39 21 44
39753 42 53 15 18 20 -1 40 48 36 -1 -1 58 61 13 26 51 43 10 60 17 5 25 31 4 -1 -1 14 37 62 3 11 39 21 44
39865 42 53 15 18 20 -1 40 48 36 -1 -1 58 61 13 26 51 43 64 10 17 5 25 31 4 -1 -1 14 37 62 60 11 39 21 44
39865 42 53 15 18 20 -1 40 48 36 -1 -1 58 61 13 26 51 43 64 10 17 5 25 31 4 -1 -1 14 37 62 60 11 39 21 44
39865 42 53 15 18 20 -1 40 48 36 -1 -1 58 61 13 26 51 43 64 10 17 5 25 31 4 -1 -1 14 37 62 60 11 39 21 44
40806 42 53 15 67 20 -1 40 48 36 -1 -1 58 61 13 26 51 43 64 10 17 5 25 31 4 -1 -1 14 37 62 60 11 39 21 44
