13284 -1 -1 -1 -1 -1 -1 -1 -1 -1 -1 -1 -1 -1 -1 -1 -1 -1 -1 -1 -1 -1 -1 -1 -1 -1 -1
14154 -1 -1 -1 -1 -1 -1 -1 -1 -1 -1 -1 -1 -1 -1 -1 -1 -1 -1 -1 -1 -1 -1 0 -1 -1 -1
14514 -1 -1 -1 -1 -1 -1 -1 -1 -1 -1 -1 -1 -1 -1 -1 -1 -1 -1 -1 1 -1 -1 0 -1 -1 -1
15640 -1 -1 -1 -1 -1 -1 -1 -1 -1 -1 -1 -1 -1 -1 -1 -1 -1 -1 0 1 -1 -1 2 -1 -1 -1
15770 -1 -1 -1 -1 -1 -1 -1 -1 -1 -1 -1 -1 -1 -1 -1 -1 0 -1 3 1 -1 -1 2 -1 -1 -1
16285 -1 -1 -1 -1 -1 -1 -1 -1 -1 -1 -1 -1 -1 -1 -1 -1 0 -1 4 1 -1 -1 2 -1 -1 -1
16311 -1 -1 -1 -1 -1 -1 -1 -1 -1 -1 -1 -1 -1 -1 -1 -1 0 -1 4 1 -1 -1 2 -1 -1 5
18442 -1 -1 -1 -1 -1 -1 -1 -1 -1 -1 -1 -1 -1 -1 -1 -1 4 -1 2 1 -1 -1 6 -1 0 5
19206 -1 -1 -1 -1 -1 -1 -1 -1 -1 -1 -1 -1 -1 -1 -1 -1 4 -1 2 1 -1 -1 6 -1 7 0
20879 -1 -1 -1 -1 -1 -1 -1 4 -1 -1 -1 -1 -1 -1 -1 -1 2 -1 8 1 -1 -1 6 -1 7 0
22056 -1 -1 -1 -1 -1 -1 -1 4 -1 -1 -1 -1 -1 -1 -1 6 2 -1 9 1 -1 -1 8 -1 7 0
22056 -1 -1 -1 -1 -1 -1 -1 4 -1 -1 -1 -1 -1 -1 -1 6 2 -1 9 1 -1 -1 8 -1 7 0
22056 -1 -1 -1 -1 -1 -1 -1 4 -1 -1 -1 -1 -1 -1 -1 6 2 -1 9 1 -1 -1 8 -1 7 0
22517 -1 -1 -1 -1 -1 -1 -1 4 -1 -1 -1 -1 -1 -1 -1 6 2 -1 9 1 -1 12 8 -1 7 0
22827 13 -1 -1 -1 -1 -1 -1 4 -1 -1 -1 -1 -1 -1 -1 6 2 -1 9 1 -1 12 8 -1 7 0
24349 13 -1 4 -1 -1 -1 -1 2 -1 -1 -1 -1 -1 -1 -1 6 9 -1 12 1 -1 14 8 -1 7 0
26169 13 -1 2 -1 -1 -1 -1 9 -1 -1 0 -1 -1 -1 -1 15 12 -1 14 1 -1 8 6 -1 4 7
26918 13 -1 2 -1 -1 -1 -1 9 -1 -1 0 -1 -1 -1 -1 15 12 -1 14 1 -1 8 6 16 4 7
26918 13 -1 2 -1 -1 -1 -1 9 -1 -1 0 -1 -1 -1 -1 15 12 -1 14 1 -1 8 6 16 4 7
27676 13 -1 9 -1 -1 -1 -1 12 -1 -1 7 -1 -1 -1 0 15 14 -1 16 1 -1 18 6 8 2 4
28140 13 8 9 -1 -1 -1 -1 12 -1 -1 7 -1 -1 -1 0 15 19 -1 14 1 -1 18 6 16 2 4
28845 13 8 12 -1 -1 -1 -1 19 -1 -1 7 -1 -1 -1 0 15 20 9 14 1 -1 18 6 16 2 4
28845 13 8 12 -1 -1 -1 -1 19 -1 -1 7 -1 -1 -1 0 15 20 9 14 1 -1 18 6 16 2 4
29992 13 18 19 -1 -1 -1 -1 20 -1 -1 7 -1 -1 -1 0 15 14 12 16 1 -1 22 6 8 9 2
30302 13 18 19 -1 -1 -1 -1 20 -1 -1 7 9 -1 -1 0 15 14 12 16 1 -1 22 6 8 23 2
30381 13 18 12 -1 -1 -1 19 20 -1 -1 0 2 -1 -1 24 15 14 23 16 1 -1 22 6 8 9 7
31369 24 18 19 -1 -1 -1 20 25 -1 -1 7 9 13 -1 0 15 14 12 16 1 -1 22 6 8 23 2
31369 24 18 19 -1 -1 -1 20 25 -1 -1 7 9 13 -1 0 15 14 12 16 1 -1 22 6 8 23 2
31369 24 18 19 -1 -1 -1 20 25 -1 -1 7 9 13 -1 0 15 14 12 16 1 -1 22 6 8 23 2
32357 24 18 19 -1 -1 28 20 25 -1 -1 7 9 13 -1 0 15 14 12 16 1 -1 22 6 8 23 2
32357 24 18 19 -1 -1 28 20 25 -1 -1 7 9 13 -1 0 15 14 12 16 1 -1 22 6 8 23 2
32668 24 18 19 -1 -1 28 20 25 -1 -1 7 9 13 -1 0 15 14 30 16 1 -1 22 6 8 23 2
32668 24 18 19 -1 -1 28 20 25 -1 -1 7 9 13 -1 0 15 14 30 16 1 -1 22 6 8 23 2
32668 24 18 19 -1 -1 28 20 25 -1 -1 7 9 13 -1 0 15 14 30 16 1 -1 22 6 8 23 2
33586 24 18 33 -1 -1 28 20 25 -1 -1 2 23 13 -1 7 15 14 19 16 1 -1 22 6 8 30 9
33586 24 18 33 -1 -1 28 20 25 -1 -1 2 23 13 -1 7 15 14 19 16 1 -1 22 6 8 30 9
34506 24 18 20 19 -1 25 28 14 -1 -1 2 23 13 -1 7 15 35 33 16 1 -1 22 6 8 30 9
34710 36 18 20 19 -1 25 28 14 -1 -1 2 23 13 -1 7 15 35 33 16 1 -1 22 6 8 30 9
34710 36 18 20 19 -1 25 28 14 -1 -1 2 23 13 -1 7 15 35 33 16 1 -1 22 6 8 30 9
34952 36 18 20 19 -1 25 28 14 -1 -1 2 23 13 -1 7 15 35 33 16 1 38 22 6 8 30 9
34952 36 18 20 19 -1 25 28 14 -1 -1 2 23 13 -1 7 15 35 33 16 1 38 22 6 8 30 9
34961 7 18 20 19 -1 25 28 14 -1 -1 40 23 36 -1 2 15 35 33 16 1 38 22 6 8 30 9
34961 7 18 20 19 -1 25 28 14 -1 -1 40 23 36 -1 2 15 35 33 16 1 38 22 6 8 30 9
35199 36 18 20 19 -1 25 28 14 -1 -1 2 23 42 -1 7 15 35 33 16 1 38 22 6 8 30 9
35199 36 18 20 19 -1 25 28 14 -1 -1 2 23 42 -1 7 15 35 33 16 1 38 22 6 8 30 9
35199 36 18 20 19 -1 25 28 14 -1 -1 2 23 42 -1 7 15 35 33 16 1 38 22 6 8 30 9
35199 36 18 20 19 -1 25 28 14 -1 -1 2 23 42 -1 7 15 35 33 16 1 38 22 6 8 30 9
35199 36 18 20 19 -1 25 28 14 -1 -1 2 23 42 -1 7 15 35 33 16 1 38 22 6 8 30 9
