-600 -1 -1 -1 -1 -1 -1 -1 -1 -1 -1 -1 -1 -1 -1 -1 -1 -1 -1 -1 -1 -1 -1 -1 -1 -1 -1 -1 -1 -1 -1 -1 -1 -1 -1 -1 -1 -1 -1 -1 -1 -1 -1 -1 -1 -1 -1 -1 -1 -1 -1 -1 -1 -1 -1 -1 -1 -1 -1 -1 -1
-600 -1 -1 -1 -1 -1 -1 -1 -1 -1 -1 -1 -1 -1 -1 -1 -1 -1 -1 -1 -1 -1 -1 -1 -1 -1 -1 -1 -1 -1 -1 -1 -1 -1 -1 -1 -1 -1 -1 -1 -1 -1 -1 -1 -1 -1 -1 -1 -1 -1 -1 -1 -1 -1 -1 -1 -1 -1 -1 -1 -1
1400 -1 -1 -1 -1 -1 -1 -1 -1 -1 -1 -1 -1 -1 -1 -1 -1 1 -1 -1 -1 -1 -1 -1 -1 -1 -1 -1 -1 -1 -1 -1 -1 -1 -1 -1 -1 -1 -1 -1 -1 -1 -1 -1 -1 -1 -1 -1 -1 -1 -1 -1 -1 -1 -1 -1 -1 -1 -1 -1 -1
2340 -1 -1 -1 -1 -1 -1 -1 -1 -1 -1 -1 -1 -1 -1 -1 -1 1 -1 -1 -1 -1 -1 2 -1 -1 -1 -1 -1 -1 -1 -1 -1 -1 -1 -1 -1 -1 -1 -1 -1 -1 -1 -1 -1 -1 -1 -1 -1 -1 -1 -1 -1 -1 -1 -1 -1 -1 -1 -1 -1
4675 -1 -1 -1 -1 -1 -1 -1 -1 -1 -1 -1 -1 -1 -1 -1 -1 1 -1 -1 -1 -1 -1 2 -1 -1 -1 -1 -1 -1 -1 -1 3 -1 -1 -1 -1 -1 -1 -1 -1 -1 -1 -1 -1 -1 -1 -1 -1 -1 -1 -1 -1 -1 -1 -1 -1 -1 -1 -1 -1
4905 -1 -1 -1 -1 -1 -1 -1 -1 -1 -1 -1 4 -1 -1 -1 -1 1 -1 -1 -1 -1 -1 2 -1 -1 -1 -1 -1 -1 -1 -1 3 -1 -1 -1 -1 -1 -1 -1 -1 -1 -1 -1 -1 -1 -1 -1 -1 -1 -1 -1 -1 -1 -1 -1 -1 -1 -1 -1 -1
4905 -1 -1 -1 -1 -1 -1 -1 -1 -1 -1 -1 4 -1 -1 -1 -1 1 -1 -1 -1 -1 -1 2 -1 -1 -1 -1 -1 -1 -1 -1 3 -1 -1 -1 -1 -1 -1 -1 -1 -1 -1 -1 -1 -1 -1 -1 -1 -1 -1 -1 -1 -1 -1 -1 -1 -1 -1 -1 -1
4905 -1 -1 -1 -1 -1 -1 -1 -1 -1 -1 -1 4 -1 -1 -1 -1 1 -1 -1 -1 -1 -1 2 -1 -1 -1 -1 -1 -1 -1 -1 3 -1 -1 -1 -1 -1 -1 -1 -1 -1 -1 -1 -1 -1 -1 -1 -1 -1 -1 -1 -1 -1 -1 -1 -1 -1 -1 -1 -1
6852 -1 -1 -1 -1 -1 -1 -1 -1 -1 -1 -1 4 -1 -1 -1 -1 1 -1 -1 -1 -1 -1 2 -1 -1 -1 -1 -1 7 -1 -1 3 -1 -1 -1 -1 -1 -1 -1 -1 -1 -1 -1 -1 -1 -1 -1 -1 -1 -1 -1 -1 -1 -1 -1 -1 -1 -1 -1 -1
7521 -1 -1 -1 -1 -1 -1 -1 -1 -1 -1 -1 4 -1 -1 -1 -1 1 -1 -1 -1 -1 -1 2 -1 -1 -1 -1 -1 7 -1 -1 3 -1 -1 -1 -1 -1 -1 -1 -1 -1 -1 -1 8 -1 -1 -1 -1 -1 -1 -1 -1 -1 -1 -1 -1 -1 -1 -1 -1
8106 -1 -1 -1 -1 -1 -1 -1 -1 -1 -1 -1 4 -1 -1 -1 -1 1 -1 -1 -1 -1 -1 2 -1 -1 -1 -1 -1 7 -1 -1 3 -1 -1 9 -1 -1 -1 -1 -1 -1 -1 -1 8 -1 -1 -1 -1 -1 -1 -1 -1 -1 -1 -1 -1 -1 -1 -1 -1
8106 -1 -1 -1 -1 -1 -1 -1 -1 -1 -1 -1 4 -1 -1 -1 -1 1 -1 -1 -1 -1 -1 2 -1 -1 -1 -1 -1 7 -1 -1 3 -1 -1 9 -1 -1 -1 -1 -1 -1 -1 -1 8 -1 -1 -1 -1 -1 -1 -1 -1 -1 -1 -1 -1 -1 -1 -1 -1
9464 -1 -1 -1 -1 -1 -1 -1 -1 11 -1 -1 4 -1 -1 -1 -1 1 -1 -1 -1 -1 -1 2 -1 -1 -1 -1 -1 7 -1 -1 3 -1 -1 9 -1 -1 -1 -1 -1 -1 -1 -1 8 -1 -1 -1 -1 -1 -1 -1 -1 -1 -1 -1 -1 -1 -1 -1 -1
12280 -1 -1 -1 -1 -1 -1 -1 -1 3 -1 -1 4 -1 -1 -1 -1 1 -1 -1 -1 -1 -1 9 -1 -1 -1 -1 -1 7 -1 -1 12 -1 -1 11 -1 -1 -1 -1 -1 -1 -1 -1 8 -1 -1 -1 -1 -1 -1 -1 -1 -1 -1 -1 -1 2 -1 -1 -1
12280 -1 -1 -1 -1 -1 -1 -1 -1 3 -1 -1 4 -1 -1 -1 -1 1 -1 -1 -1 -1 -1 9 -1 -1 -1 -1 -1 7 -1 -1 12 -1 -1 11 -1 -1 -1 -1 -1 -1 -1 -1 8 -1 -1 -1 -1 -1 -1 -1 -1 -1 -1 -1 -1 2 -1 -1 -1
13053 -1 -1 -1 -1 -1 -1 -1 -1 3 -1 -1 4 -1 -1 -1 -1 1 -1 -1 -1 -1 -1 9 -1 -1 -1 -1 -1 7 -1 14 12 -1 -1 11 -1 -1 -1 -1 -1 -1 -1 -1 8 -1 -1 -1 -1 -1 -1 -1 -1 -1 -1 -1 -1 2 -1 -1 -1
13822 -1 -1 -1 -1 -1 -1 -1 -1 3 -1 -1 4 -1 -1 -1 -1 1 -1 -1 -1 -1 -1 9 -1 -1 -1 -1 -1 7 -1 14 12 -1 -1 11 -1 -1 -1 -1 -1 -1 -1 -1 8 -1 -1 -1 -1 15 -1 -1 -1 -1 -1 -1 -1 2 -1 -1 -1
13822 -1 -1 -1 -1 -1 -1 -1 -1 3 -1 -1 4 -1 -1 -1 -1 1 -1 -1 -1 -1 -1 9 -1 -1 -1 -1 -1 7 -1 14 12 -1 -1 11 -1 -1 -1 -1 -1 -1 -1 -1 8 -1 -1 -1 -1 15 -1 -1 -1 -1 -1 -1 -1 2 -1 -1 -1
13822 -1 -1 -1 -1 -1 -1 -1 -1 3 -1 -1 4 -1 -1 -1 -1 1 -1 -1 -1 -1 -1 9 -1 -1 -1 -1 -1 7 -1 14 12 -1 -1 11 -1 -1 -1 -1 -1 -1 -1 -1 8 -1 -1 -1 -1 15 -1 -1 -1 -1 -1 -1 -1 2 -1 -1 -1
14153 -1 -1 -1 -1 -1 -1 -1 -1 3 -1 -1 4 -1 -1 -1 -1 18 -1 -1 -1 -1 -1 9 -1 -1 -1 -1 -1 7 -1 14 12 1 -1 11 -1 -1 -1 -1 -1 -1 -1 -1 8 -1 -1 -1 -1 15 -1 -1 -1 -1 -1 -1 -1 2 -1 -1 -1
15204 -1 -1 -1 -1 -1 -1 -1 -1 3 -1 -1 4 -1 -1 -1 -1 18 -1 -1 -1 -1 -1 9 -1 -1 -1 -1 -1 7 -1 14 12 1 -1 19 -1 -1 -1 -1 -1 -1 -1 -1 8 -1 -1 -1 -1 15 -1 -1 -1 -1 -1 -1 11 2 -1 -1 -1
15204 -1 -1 -1 -1 -1 -1 -1 -1 3 -1 -1 4 -1 -1 -1 -1 18 -1 -1 -1 -1 -1 9 -1 -1 -1 -1 -1 7 -1 14 12 1 -1 19 -1 -1 -1 -1 -1 -1 -1 -1 8 -1 -1 -1 -1 15 -1 -1 -1 -1 -1 -1 11 2 -1 -1 -1
15789 -1 -1 -1 -1 -1 -1 -1 -1 3 -1 -1 4 -1 -1 -1 -1 7 -1 -1 -1 -1 -1 9 -1 -1 -1 -1 -1 21 -1 14 12 1 18 19 -1 -1 -1 -1 -1 -1 -1 -1 8 -1 -1 -1 -1 15 -1 -1 -1 -1 -1 -1 11 2 -1 -1 -1
16656 -1 -1 -1 -1 -1 -1 -1 -1 3 -1 -1 4 -1 -1 -1 -1 7 -1 -1 -1 -1 -1 9 -1 -1 -1 -1 -1 21 -1 14 12 1 18 19 -1 -1 -1 -1 -1 -1 -1 -1 8 -1 -1 -1 22 15 -1 -1 -1 -1 -1 -1 11 2 -1 -1 -1
17579 -1 -1 -1 -1 -1 -1 -1 -1 11 -1 -1 4 -1 -1 -1 -1 7 -1 -1 -1 -1 -1 9 -1 3 -1 -1 -1 21 -1 14 12 1 18 23 -1 -1 -1 -1 -1 -1 -1 -1 8 -1 -1 -1 19 15 -1 -1 -1 -1 -1 -1 22 2 -1 -1 -1
19052 -1 -1 -1 -1 -1 3 -1 -1 11 -1 -1 4 -1 -1 -1 -1 7 -1 -1 -1 -1 -1 9 -1 24 -1 -1 -1 21 -1 14 12 1 18 23 -1 -1 -1 -1 -1 -1 -1 -1 8 -1 -1 -1 19 15 -1 -1 -1 -1 -1 -1 22 2 -1 -1 -1
19211 -1 -1 -1 -1 -1 3 -1 -1 11 -1 -1 4 -1 -1 -1 -1 7 -1 -1 -1 -1 -1 23 -1 24 -1 -1 -1 21 -1 14 12 2 1 25 -1 -1 -1 -1 -1 -1 -1 -1 8 -1 -1 -1 19 15 -1 -1 -1 -1 -1 -1 22 9 -1 -1 -1
19794 -1 -1 -1 -1 -1 3 -1 -1 11 -1 -1 4 -1 -1 -1 -1 7 -1 -1 -1 -1 -1 23 -1 24 -1 -1 -1 21 -1 14 12 2 1 25 -1 -1 -1 -1 -1 -1 -1 -1 8 -1 -1 -1 19 15 26 -1 -1 -1 -1 -1 22 9 -1 -1 -1
21313 -1 -1 -1 -1 -1 3 -1 -1 11 -1 -1 4 -1 -1 -1 -1 7 -1 -1 -1 -1 -1 9 -1 24 -1 -1 -1 21 -1 14 12 1 27 25 -1 -1 -1 -1 -1 -1 -1 23 8 -1 -1 -1 19 15 26 -1 -1 -1 -1 -1 22 2 -1 -1 -1
22866 -1 -1 -1 -1 -1 3 -1 -1 11 -1 -1 4 -1 -1 -1 -1 7 -1 -1 -1 -1 -1 28 -1 24 -1 -1 25 21 -1 14 12 1 27 23 -1 -1 -1 -1 -1 -1 -1 9 8 -1 -1 -1 19 15 26 -1 -1 -1 -1 -1 22 2 -1 -1 -1
22866 -1 -1 -1 -1 -1 3 -1 -1 11 -1 -1 4 -1 -1 -1 -1 7 -1 -1 -1 -1 -1 28 -1 24 -1 -1 25 21 -1 14 12 1 27 23 -1 -1 -1 -1 -1 -1 -1 9 8 -1 -1 -1 19 15 26 -1 -1 -1 -1 -1 22 2 -1 -1 -1
23325 -1 -1 -1 -1 -1 3 -1 -1 11 -1 -1 4 -1 -1 -1 -1 7 -1 -1 -1 -1 -1 9 -1 24 -1 -1 19 21 -1 14 12 1 27 25 -1 2 -1 -1 -1 -1 -1 23 8 -1 -1 -1 22 15 26 -1 -1 -1 -1 -1 30 28 -1 -1 -1
24413 -1 -1 -1 -1 -1 3 -1 -1 11 -1 -1 4 -1 -1 -1 -1 7 -1 -1 -1 -1 -1 9 -1 24 -1 -1 22 21 -1 14 12 1 27 19 -1 2 -1 -1 -1 -1 -1 23 8 -1 -1 -1 30 15 26 -1 -1 -1 -1 -1 31 28 -1 -1 -1
25777 -1 -1 -1 -1 -1 3 -1 -1 11 -1 -1 4 -1 -1 -1 -1 32 -1 -1 -1 -1 -1 9 -1 24 -1 -1 22 21 -1 14 12 1 27 19 -1 2 -1 -1 -1 -1 -1 23 8 -1 -1 -1 30 15 26 -1 -1 -1 -1 -1 31 28 -1 -1 7
26867 -1 -1 -1 -1 -1 3 -1 -1 11 -1 -1 4 -1 -1 -1 -1 32 -1 -1 -1 -1 -1 9 -1 24 -1 -1 22 21 -1 14 12 1 27 19 -1 2 -1 -1 -1 -1 -1 23 8 -1 -1 -1 30 15 26 -1 -1 -1 -1 33 31 28 -1 -1 7
27475 -1 -1 -1 -1 -1 3 -1 -1 11 -1 -1 4 -1 -1 -1 -1 32 -1 -1 -1 -1 -1 9 -1 24 -1 -1 22 21 -1 14 12 1 27 19 -1 34 -1 -1 -1 -1 -1 23 8 -1 -1 -1 30 15 26 -1 28 -1 -1 33 31 2 -1 -1 7
29568 -1 -1 -1 -1 -1 33 -1 -1 11 -1 -1 4 -1 -1 -1 -1 32 -1 -1 -1 -1 -1 9 -1 3 -1 -1 22 21 -1 14 12 1 27 19 -1 34 -1 -1 -1 -1 -1 23 8 24 -1 -1 30 15 26 -1 28 -1 -1 35 31 2 -1 -1 7
30241 -1 -1 -1 -1 -1 33 -1 -1 11 -1 -1 4 -1 -1 -1 32 21 -1 -1 -1 -1 -1 9 -1 3 -1 -1 22 26 -1 14 12 1 27 19 -1 34 -1 -1 -1 -1 -1 23 8 24 -1 -1 30 15 36 -1 28 -1 -1 35 31 2 -1 -1 7
30561 -1 -1 -1 -1 -1 33 -1 -1 11 -1 -1 4 -1 -1 -1 32 21 -1 -1 -1 -1 -1 37 -1 3 -1 -1 22 26 -1 14 12 1 27 19 -1 34 -1 -1 -1 -1 -1 23 8 24 -1 -1 30 15 36 -1 28 -1 -1 35 31 2 -1 -1 7
31979 -1 -1 -1 -1 -1 33 -1 -1 31 -1 -1 4 -1 -1 -1 32 21 -1 -1 -1 -1 -1 37 -1 3 -1 24 38 26 -1 14 12 1 27 19 -1 34 -1 -1 -1 -1 -1 23 8 11 -1 -1 22 15 36 -1 28 -1 -1 35 30 2 -1 -1 7
31979 -1 -1 -1 -1 -1 33 -1 -1 31 -1 -1 4 -1 -1 -1 32 21 -1 -1 -1 -1 -1 37 -1 3 -1 24 38 26 -1 14 12 1 27 19 -1 34 -1 -1 -1 -1 -1 23 8 11 -1 -1 22 15 36 -1 28 -1 -1 35 30 2 -1 -1 7
31979 -1 -1 -1 -1 -1 33 -1 -1 31 -1 -1 4 -1 -1 -1 32 21 -1 -1 -1 -1 -1 37 -1 3 -1 24 38 26 -1 14 12 1 27 19 -1 34 -1 -1 -1 -1 -1 23 8 11 -1 -1 22 15 36 -1 28 -1 -1 35 30 2 -1 -1 7
33935 -1 -1 -1 -1 -1 33 -1 -1 31 -1 -1 4 -1 -1 -1 32 26 -1 -1 -1 -1 -1 37 -1 3 -1 24 38 36 -1 14 12 1 27 19 -1 34 -1 -1 -1 -1 -1 23 8 11 -1 -1 22 15 41 -1 28 -1 -1 35 30 2 -1 -1 7
33935 -1 -1 -1 -1 -1 33 -1 -1 31 -1 -1 4 -1 -1 -1 32 26 -1 -1 -1 -1 -1 37 -1 3 -1 24 38 36 -1 14 12 1 27 19 -1 34 -1 -1 -1 -1 -1 23 8 11 -1 -1 22 15 41 -1 28 -1 -1 35 30 2 -1 -1 7
33935 -1 -1 -1 -1 -1 33 -1 -1 31 -1 -1 4 -1 -1 -1 32 26 -1 -1 -1 -1 -1 37 -1 3 -1 24 38 36 -1 14 12 1 27 19 -1 34 -1 -1 -1 -1 -1 23 8 11 -1 -1 22 15 41 -1 28 -1 -1 35 30 2 -1 -1 7
35167 -1 -1 -1 -1 -1 33 -1 -1 31 -1 -1 4 -1 -1 -1 44 26 -1 -1 -1 -1 -1 37 -1 3 -1 24 38 36 -1 14 12 1 7 19 -1 34 -1 -1 -1 -1 -1 23 8 11 -1 -1 22 15 41 -1 28 -1 -1 35 30 2 27 -1 32
35167 -1 -1 -1 -1 -1 33 -1 -1 31 -1 -1 4 -1 -1 -1 44 26 -1 -1 -1 -1 -1 37 -1 3 -1 24 38 36 -1 14 12 1 7 19 -1 34 -1 -1 -1 -1 -1 23 8 11 -1 -1 22 15 41 -1 28 -1 -1 35 30 2 27 -1 32
35167 -1 -1 -1 -1 -1 33 -1 -1 31 -1 -1 4 -1 -1 -1 44 26 -1 -1 -1 -1 -1 37 -1 3 -1 24 38 36 -1 14 12 1 7 19 -1 34 -1 -1 -1 -1 -1 23 8 11 -1 -1 22 15 41 -1 28 -1 -1 35 30 2 27 -1 32
35167 -1 -1 -1 -1 -1 33 -1 -1 31 -1 -1 4 -1 -1 -1 44 26 -1 -1 -1 -1 -1 37 -1 3 -1 24 38 36 -1 14 12 1 7 19 -1 34 -1 -1 -1 -1 -1 23 8 11 -1 -1 22 15 41 -1 28 -1 -1 35 30 2 27 -1 32
36538 -1 -1 -1 -1 -1 33 -1 -1 31 -1 -1 4 -1 -1 -1 32 44 -1 -1 -1 -1 -1 23 -1 3 41 24 38 26 -1 14 12 34 27 19 -1 2 -1 -1 -1 -1 -1 48 8 11 -1 -1 22 15 36 -1 37 -1 -1 35 30 28 1 -1 7
36778 -1 -1 -1 -1 -1 33 31 -1 30 -1 -1 4 -1 -1 -1 32 44 -1 -1 -1 -1 -1 23 -1 3 41 24 38 26 -1 14 12 34 27 19 -1 2 -1 -1 -1 -1 -1 48 8 11 -1 -1 49 15 36 -1 37 -1 -1 35 22 28 1 -1 7
38670 -1 -1 -1 -1 -1 33 31 -1 30 -1 -1 4 7 -1 -1 44 26 -1 -1 -1 -1 -1 23 -1 3 41 24 38 36 -1 14 12 34 27 19 -1 2 -1 -1 -1 -1 -1 48 8 11 -1 -1 49 15 50 -1 37 -1 -1 35 22 28 1 -1 32
39898 -1 -1 -1 -1 -1 33 31 -1 30 -1 -1 4 7 -1 -1 44 26 -1 -1 -1 -1 -1 23 -1 3 41 24 38 36 -1 14 12 1 51 19 -1 34 2 -1 -1 -1 -1 48 8 11 -1 -1 49 15 50 -1 37 -1 -1 35 22 28 27 -1 32
40089 -1 -1 -1 -1 -1 33 11 -1 31 -1 -1 4 7 22 -1 44 26 -1 -1 -1 -1 -1 23 -1 52 41 3 38 36 -1 14 12 1 51 19 -1 34 2 -1 -1 -1 -1 48 8 24 -1 -1 49 15 50 -1 37 -1 -1 35 30 28 27 -1 32
40089 -1 -1 -1 -1 -1 33 11 -1 31 -1 -1 4 7 22 -1 44 26 -1 -1 -1 -1 -1 23 -1 52 41 3 38 36 -1 14 12 1 51 19 -1 34 2 -1 -1 -1 -1 48 8 24 -1 -1 49 15 50 -1 37 -1 -1 35 30 28 27 -1 32
40089 -1 -1 -1 -1 -1 33 11 -1 31 -1 -1 4 7 22 -1 44 26 -1 -1 -1 -1 -1 23 -1 52 41 3 38 36 -1 14 12 1 51 19 -1 34 2 -1 -1 -1 -1 48 8 24 -1 -1 49 15 50 -1 37 -1 -1 35 30 28 27 -1 32
40089 -1 -1 -1 -1 -1 33 11 -1 31 -1 -1 4 7 22 -1 44 26 -1 -1 -1 -1 -1 23 -1 52 41 3 38 36 -1 14 12 1 51 19 -1 34 2 -1 -1 -1 -1 48 8 24 -1 -1 49 15 50 -1 37 -1 -1 35 30 28 27 -1 32
41686 -1 -1 -1 -1 -1 33 11 -1 56 -1 -1 31 7 22 -1 44 26 -1 -1 -1 -1 -1 23 -1 52 41 3 38 36 -1 14 12 1 51 19 -1 34 2 -1 -1 -1 -1 48 8 24 -1 -1 49 15 50 -1 37 -1 -1 35 30 28 27 -1 32
42489 -1 -1 -1 -1 -1 33 11 -1 56 -1 -1 31 7 22 -1 44 57 -1 -1 -1 -1 -1 23 -1 52 41 3 38 36 -1 14 12 1 51 19 -1 34 2 -1 -1 -1 -1 48 8 24 -1 -1 49 15 50 -1 37 -1 -1 35 30 28 27 -1 32
42697 -1 -1 -1 -1 -1 33 11 -1 56 -1 -1 31 7 22 -1 44 57 -1 -1 -1 -1 -1 48 -1 52 41 3 58 36 -1 14 12 34 51 38 -1 2 28 -1 -1 27 -1 19 8 24 -1 -1 49 15 50 -1 23 -1 -1 35 30 37 1 -1 32
43774 -1 -1 -1 -1 -1 33 11 -1 56 -1 -1 31 7 22 -1 44 59 -1 -1 -1 -1 -1 48 -1 52 50 3 58 57 -1 14 12 34 51 38 -1 2 28 -1 -1 27 -1 19 8 24 -1 -1 49 15 36 -1 23 41 -1 35 30 37 1 -1 32
44150 -1 -1 -1 -1 -1 33 11 -1 56 -1 -1 31 7 22 -1 59 57 32 -1 -1 -1 -1 48 -1 52 50 3 58 36 -1 14 12 34 51 38 -1 2 28 -1 -1 27 -1 19 8 24 -1 -1 49 15 60 -1 23 41 -1 35 30 37 1 -1 44
44150 -1 -1 -1 -1 -1 33 11 -1 56 -1 -1 31 7 22 -1 59 57 32 -1 -1 -1 -1 48 -1 52 50 3 58 36 -1 14 12 34 51 38 -1 2 28 -1 -1 27 -1 19 8 24 -1 -1 49 15 60 -1 23 41 -1 35 30 37 1 -1 44
44306 -1 -1 -1 -1 -1 33 11 -1 56 -1 -1 31 7 58 -1 59 57 32 -1 -1 -1 -1 23 -1 52 50 3 38 36 -1 14 12 34 51 19 -1 2 28 -1 -1 27 -1 48 8 24 -1 -1 49 15 60 -1 37 41 -1 35 22 62 1 -1 44
44798 -1 -1 -1 -1 -1 35 24 -1 11 -1 -1 56 7 22 -1 59 57 32 -1 -1 -1 -1 48 -1 33 50 52 58 36 -1 14 12 34 51 38 -1 2 28 -1 -1 27 -1 19 8 3 -1 -1 49 15 60 -1 23 41 -1 63 31 62 1 -1 44
46565 -1 -1 -1 -1 -1 35 24 -1 11 -1 -1 56 7 22 -1 59 57 32 -1 -1 -1 -1 48 -1 33 50 64 58 36 -1 14 12 34 51 38 -1 2 28 -1 -1 27 -1 19 8 3 -1 -1 49 15 60 -1 23 41 -1 63 31 62 1 -1 44
47051 -1 -1 -1 7 -1 35 24 -1 11 -1 -1 56 32 22 -1 57 36 44 -1 -1 -1 -1 48 -1 33 65 64 58 50 -1 14 12 34 51 38 -1 2 28 -1 -1 27 -1 19 8 3 -1 -1 49 15 60 -1 23 41 -1 63 31 62 1 -1 59
47051 -1 -1 -1 7 -1 35 24 -1 11 -1 -1 56 32 22 -1 57 36 44 -1 -1 -1 -1 48 -1 33 65 64 58 50 -1 14 12 34 51 38 -1 2 28 -1 -1 27 -1 19 8 3 -1 -1 49 15 60 -1 23 41 -1 63 31 62 1 -1 59
47051 -1 -1 -1 7 -1 35 24 -1 11 -1 -1 56 32 22 -1 57 36 44 -1 -1 -1 -1 48 -1 33 65 64 58 50 -1 14 12 34 51 38 -1 2 28 -1 -1 27 -1 19 8 3 -1 -1 49 15 60 -1 23 41 -1 63 31 62 1 -1 59
48128 -1 -1 -1 7 -1 33 11 -1 56 -1 -1 31 32 58 -1 57 36 44 -1 -1 -1 63 48 -1 64 65 3 38 50 -1 14 12 34 51 19 -1 2 28 -1 -1 27 -1 68 8 24 -1 -1 49 15 60 -1 23 41 -1 35 22 62 1 -1 59
48128 -1 -1 -1 7 -1 33 11 -1 56 -1 -1 31 32 58 -1 57 36 44 -1 -1 -1 63 48 -1 64 65 3 38 50 -1 14 12 34 51 19 -1 2 28 -1 -1 27 -1 68 8 24 -1 -1 49 15 60 -1 23 41 -1 35 22 62 1 -1 59
48128 -1 -1 -1 7 -1 33 11 -1 56 -1 -1 31 32 58 -1 57 36 44 -1 -1 -1 63 48 -1 64 65 3 38 50 -1 14 12 34 51 19 -1 2 28 -1 -1 27 -1 68 8 24 -1 -1 49 15 60 -1 23 41 -1 35 22 62 1 -1 59
49143 -1 -1 -1 7 -1 33 11 -1 56 -1 -1 31 32 58 -1 57 36 44 -1 -1 -1 63 23 -1 64 65 3 19 50 -1 14 12 34 51 68 -1 2 28 -1 -1 27 -1 48 8 24 -1 -1 38 15 60 -1 71 41 -1 35 22 62 1 -1 59
50083 -1 -1 -1 7 -1 33 11 -1 56 -1 -1 31 32 58 -1 57 36 44 -1 -1 -1 63 23 -1 64 65 3 19 50 -1 14 12 1 51 68 -1 34 28 -1 -1 72 -1 48 8 24 -1 -1 38 15 60 -1 71 41 -1 35 22 62 27 -1 59
50708 -1 -1 -1 7 -1 33 24 -1 11 -1 -1 56 32 58 -1 57 36 44 -1 -1 -1 63 23 -1 64 65 73 19 50 -1 14 12 1 51 68 -1 34 28 -1 -1 72 -1 48 8 3 -1 -1 38 15 60 -1 71 41 -1 35 31 62 27 -1 59
50708 -1 -1 -1 7 -1 33 24 -1 11 -1 -1 56 32 58 -1 57 36 44 -1 -1 -1 63 23 -1 64 65 73 19 50 -1 14 12 1 51 68 -1 34 28 -1 -1 72 -1 48 8 3 -1 -1 38 15 60 -1 71 41 -1 35 31 62 27 -1 59
52444 -1 -1 -1 7 -1 33 3 -1 24 28 -1 11 32 31 -1 57 36 44 -1 -1 -1 63 48 -1 64 65 73 38 50 -1 14 12 1 51 19 -1 34 62 -1 -1 72 -1 68 8 75 -1 -1 58 15 60 -1 23 41 -1 35 56 71 27 -1 59
52444 -1 -1 -1 7 -1 33 3 -1 24 28 -1 11 32 31 -1 57 36 44 -1 -1 -1 63 48 -1 64 65 73 38 50 -1 14 12 1 51 19 -1 34 62 -1 -1 72 -1 68 8 75 -1 -1 58 15 60 -1 23 41 -1 35 56 71 27 -1 59
52680 -1 -1 -1 7 -1 33 3 -1 24 28 -1 11 32 31 -1 57 36 44 -1 -1 -1 63 48 -1 64 65 73 38 50 -1 14 12 1 51 19 -1 34 62 -1 -1 72 -1 68 8 75 -1 77 58 15 60 -1 23 41 -1 35 56 71 27 -1 59
53159 -1 -1 -1 7 -1 78 75 -1 3 28 -1 24 32 56 -1 57 36 44 -1 -1 -1 63 48 -1 33 65 64 38 50 -1 14 12 1 51 19 -1 34 62 -1 -1 72 -1 68 8 73 -1 77 31 15 60 -1 23 41 -1 35 11 71 27 -1 59
54052 -1 -1 -1 7 -1 78 75 -1 3 28 -1 24 32 56 -1 57 36 44 -1 -1 -1 63 48 -1 33 65 64 38 50 -1 14 12 1 51 19 -1 34 79 -1 -1 72 -1 68 8 73 -1 77 31 15 60 -1 23 41 -1 35 11 71 27 -1 59
54939 -1 -1 -1 7 -1 78 75 -1 3 28 -1 24 32 56 -1 36 50 44 -1 -1 -1 63 48 -1 33 80 64 38 65 -1 14 12 1 51 19 -1 34 79 -1 -1 72 -1 68 8 73 -1 77 31 15 60 57 23 41 -1 35 11 71 27 -1 59
54966 -1 -1 -1 7 -1 78 75 -1 3 28 -1 24 32 56 -1 36 50 44 -1 -1 -1 63 48 -1 33 80 64 38 65 -1 14 12 1 51 19 -1 34 79 -1 -1 72 -1 68 8 73 -1 77 31 15 60 57 71 41 -1 35 11 81 27 -1 59
55878 -1 -1 -1 7 -1 78 73 -1 75 28 -1 3 32 11 -1 36 50 44 -1 -1 -1 63 48 -1 33 80 64 31 65 -1 14 12 1 51 38 -1 34 79 -1 -1 72 -1 68 8 82 -1 77 56 15 60 57 71 41 -1 35 24 81 27 -1 59
55878 -1 -1 -1 7 -1 78 73 -1 75 28 -1 3 32 11 -1 36 50 44 -1 -1 -1 63 48 -1 33 80 64 31 65 -1 14 12 1 51 38 -1 34 79 -1 -1 72 -1 68 8 82 -1 77 56 15 60 57 71 41 -1 35 24 81 27 -1 59
56026 -1 -1 -1 7 -1 78 73 -1 75 28 -1 3 32 11 -1 57 36 44 -1 -1 -1 63 48 -1 33 80 64 31 50 -1 14 12 1 51 38 -1 34 79 -1 -1 72 -1 68 8 82 -1 77 56 15 65 84 71 41 -1 35 24 81 27 -1 59
56987 -1 -1 -1 7 -1 78 73 -1 75 28 -1 3 32 11 -1 84 57 44 -1 -1 -1 63 48 -1 33 80 64 31 50 -1 14 12 1 51 38 -1 34 79 -1 -1 72 -1 68 8 82 -1 77 56 15 65 59 71 41 -1 35 24 81 27 -1 85
56987 -1 -1 -1 7 -1 78 73 -1 75 28 -1 3 32 11 -1 84 57 44 -1 -1 -1 63 48 -1 33 80 64 31 50 -1 14 12 1 51 38 -1 34 79 -1 -1 72 -1 68 8 82 -1 77 56 15 65 59 71 41 -1 35 24 81 27 -1 85
56987 -1 -1 -1 7 -1 78 73 -1 75 28 -1 3 32 11 -1 84 57 44 -1 -1 -1 63 48 -1 33 80 64 31 50 -1 14 12 1 51 38 -1 34 79 -1 -1 72 -1 68 8 82 -1 77 56 15 65 59 71 41 -1 35 24 81 27 -1 85
56987 -1 -1 -1 7 -1 78 73 -1 75 28 -1 3 32 11 -1 84 57 44 -1 -1 -1 63 48 -1 33 80 64 31 50 -1 14 12 1 51 38 -1 34 79 -1 -1 72 -1 68 8 82 -1 77 56 15 65 59 71 41 -1 35 24 81 27 -1 85
57385 -1 -1 -1 7 -1 78 73 -1 75 28 -1 3 32 11 -1 84 57 44 -1 -1 -1 63 48 -1 33 80 64 31 50 -1 14 12 27 51 38 -1 34 79 1 -1 72 -1 68 8 82 -1 77 56 15 65 59 71 41 -1 35 24 81 89 -1 85
58294 -1 -1 -1 32 -1 78 73 -1 75 28 -1 3 90 11 -1 84 57 44 89 -1 -1 63 48 -1 33 80 64 31 50 -1 14 12 27 51 38 -1 34 79 1 -1 7 -1 68 8 82 -1 77 56 15 65 59 71 41 -1 35 24 81 72 -1 85
58294 -1 -1 -1 32 -1 78 73 -1 75 28 -1 3 90 11 -1 84 57 44 89 -1 -1 63 48 -1 33 80 64 31 50 -1 14 12 27 51 38 -1 34 79 1 -1 7 -1 68 8 82 -1 77 56 15 65 59 71 41 -1 35 24 81 72 -1 85
58294 -1 -1 -1 32 -1 78 73 -1 75 28 -1 3 90 11 -1 84 57 44 89 -1 -1 63 48 -1 33 80 64 31 50 -1 14 12 27 51 38 -1 34 79 1 -1 7 -1 68 8 82 -1 77 56 15 65 59 71 41 -1 35 24 81 72 -1 85
58294 -1 -1 -1 32 -1 78 73 -1 75 28 -1 3 90 11 -1 84 57 44 89 -1 -1 63 48 -1 33 80 64 31 50 -1 14 12 27 51 38 -1 34 79 1 -1 7 -1 68 8 82 -1 77 56 15 65 59 71 41 -1 35 24 81 72 -1 85
58294 -1 -1 -1 32 -1 78 73 -1 75 28 -1 3 90 11 -1 84 57 44 89 -1 -1 63 48 -1 33 80 64 31 50 -1 14 12 27 51 38 -1 34 79 1 -1 7 -1 68 8 82 -1 77 56 15 65 59 71 41 -1 35 24 81 72 -1 85
58841 -1 -1 -1 32 -1 78 73 -1 75 28 -1 3 90 11 -1 59 84 44 89 -1 -1 63 48 57 33 80 64 31 50 -1 14 12 27 51 38 -1 34 79 1 -1 7 -1 68 8 82 -1 77 56 15 65 85 71 41 -1 35 24 81 72 -1 95
58841 -1 -1 -1 32 -1 78 73 -1 75 28 -1 3 90 11 -1 59 84 44 89 -1 -1 63 48 57 33 80 64 31 50 -1 14 12 27 51 38 -1 34 79 1 -1 7 -1 68 8 82 -1 77 56 15 65 85 71 41 -1 35 24 81 72 -1 95
58841 -1 -1 -1 32 -1 78 73 -1 75 28 -1 3 90 11 -1 59 84 44 89 -1 -1 63 48 57 33 80 64 31 50 -1 14 12 27 51 38 -1 34 79 1 -1 7 -1 68 8 82 -1 77 56 15 65 85 71 41 -1 35 24 81 72 -1 95
59220 -1 -1 -1 32 -1 78 73 -1 75 28 -1 3 90 11 -1 59 57 44 89 -1 -1 63 48 50 33 80 64 31 98 -1 14 12 27 51 38 -1 34 79 1 -1 7 -1 68 8 82 -1 77 56 15 65 85 71 41 -1 35 24 81 72 -1 95
59531 -1 -1 -1 32 -1 78 73 -1 75 28 -1 3 90 11 -1 59 57 44 89 -1 -1 63 68 50 33 80 64 31 98 -1 14 12 27 51 99 -1 34 79 1 -1 7 -1 38 8 82 -1 77 56 15 65 85 48 41 -1 35 24 71 72 -1 95
59531 -1 -1 -1 32 -1 78 73 -1 75 28 -1 3 90 11 -1 59 57 44 89 -1 -1 63 68 50 33 80 64 31 98 -1 14 12 27 51 99 -1 34 79 1 -1 7 -1 38 8 82 -1 77 56 15 65 85 48 41 -1 35 24 71 72 -1 95
59531 -1 -1 -1 32 -1 78 73 -1 75 28 -1 3 90 11 -1 59 57 44 89 -1 -1 63 68 50 33 80 64 31 98 -1 14 12 27 51 99 -1 34 79 1 -1 7 -1 38 8 82 -1 77 56 15 65 85 48 41 -1 35 24 71 72 -1 95
59531 -1 -1 -1 32 -1 78 73 -1 75 28 -1 3 90 11 -1 59 57 44 89 -1 -1 63 68 50 33 80 64 31 98 -1 14 12 27 51 99 -1 34 79 1 -1 7 -1 38 8 82 -1 77 56 15 65 85 48 41 -1 35 24 71 72 -1 95
59531 -1 -1 -1 32 -1 78 73 -1 75 28 -1 3 90 11 -1 59 57 44 89 -1 -1 63 68 50 33 80 64 31 98 -1 14 12 27 51 99 -1 34 79 1 -1 7 -1 38 8 82 -1 77 56 15 65 85 48 41 -1 35 24 71 72 -1 95
59531 -1 -1 -1 32 -1 78 73 -1 75 28 -1 3 90 11 -1 59 57 44 89 -1 -1 63 68 50 33 80 64 31 98 -1 14 12 27 51 99 -1 34 79 1 -1 7 -1 38 8 82 -1 77 56 15 65 85 48 41 -1 35 24 71 72 -1 95
59531 -1 -1 -1 32 -1 78 73 -1 75 28 -1 3 90 11 -1 59 57 44 89 -1 -1 63 68 50 33 80 64 31 98 -1 14 12 27 51 99 -1 34 79 1 -1 7 -1 38 8 82 -1 77 56 15 65 85 48 41 -1 35 24 71 72 -1 95
59531 -1 -1 -1 32 -1 78 73 -1 75 28 -1 3 90 11 -1 59 57 44 89 -1 -1 63 68 50 33 80 64 31 98 -1 14 12 27 51 99 -1 34 79 1 -1 7 -1 38 8 82 -1 77 56 15 65 85 48 41 -1 35 24 71 72 -1 95
59972 -1 -1 -1 32 -1 78 73 -1 75 28 -1 3 90 11 -1 59 57 44 89 -1 -1 63 38 50 33 80 64 107 98 71 14 12 27 51 31 -1 34 79 1 -1 7 -1 99 8 82 -1 77 56 15 65 85 68 41 -1 35 24 48 72 -1 95
59972 -1 -1 -1 32 -1 78 73 -1 75 28 -1 3 90 11 -1 59 57 44 89 -1 -1 63 38 50 33 80 64 107 98 71 14 12 27 51 31 -1 34 79 1 -1 7 -1 99 8 82 -1 77 56 15 65 85 68 41 -1 35 24 48 72 -1 95
59972 -1 -1 -1 32 -1 78 73 -1 75 28 -1 3 90 11 -1 59 57 44 89 -1 -1 63 38 50 33 80 64 107 98 71 14 12 27 51 31 -1 34 79 1 -1 7 -1 99 8 82 -1 77 56 15 65 85 68 41 -1 35 24 48 72 -1 95
59972 -1 -1 -1 32 -1 78 73 -1 75 28 -1 3 90 11 -1 59 57 44 89 -1 -1 63 38 50 33 80 64 107 98 71 14 12 27 51 31 -1 34 79 1 -1 7 -1 99 8 82 -1 77 56 15 65 85 68 41 -1 35 24 48 72 -1 95
60575 -1 -1 -1 90 -1 78 73 -1 75 28 -1 3 44 11 -1 59 57 111 89 -1 -1 63 38 50 33 80 64 107 98 71 14 12 27 51 31 -1 34 79 1 -1 7 -1 99 32 82 -1 77 56 15 65 85 68 41 -1 35 24 48 72 -1 95
60808 -1 -1 -1 90 -1 78 73 -1 75 34 -1 3 44 11 -1 59 57 111 89 -1 -1 63 38 50 33 80 64 107 98 79 14 12 27 51 31 -1 1 28 112 -1 7 -1 99 32 82 -1 77 56 15 65 85 48 41 -1 35 24 71 72 68 95
60864 -1 -1 -1 90 -1 78 73 -1 75 34 -1 3 44 11 -1 59 57 111 89 -1 -1 35 38 50 33 80 64 107 98 79 14 63 27 51 31 -1 1 28 112 -1 7 -1 99 32 82 -1 77 56 15 65 85 48 41 12 113 24 71 72 68 95
60864 -1 -1 -1 90 -1 78 73 -1 75 34 -1 3 44 11 -1 59 57 111 89 -1 -1 35 38 50 33 80 64 107 98 79 14 63 27 51 31 -1 1 28 112 -1 7 -1 99 32 82 -1 77 56 15 65 85 48 41 12 113 24 71 72 68 95
60864 -1 -1 -1 90 -1 78 73 -1 75 34 -1 3 44 11 -1 59 57 111 89 -1 -1 35 38 50 33 80 64 107 98 79 14 63 27 51 31 -1 1 28 112 -1 7 -1 99 32 82 -1 77 56 15 65 85 48 41 12 113 24 71 72 68 95
60864 -1 -1 -1 90 -1 78 73 -1 75 34 -1 3 44 11 -1 59 57 111 89 -1 -1 35 38 50 33 80 64 107 98 79 14 63 27 51 31 -1 1 28 112 -1 7 -1 99 32 82 -1 77 56 15 65 85 48 41 12 113 24 71 72 68 95
60864 -1 -1 -1 90 -1 78 73 -1 75 34 -1 3 44 11 -1 59 57 111 89 -1 -1 35 38 50 33 80 64 107 98 79 14 63 27 51 31 -1 1 28 112 -1 7 -1 99 32 82 -1 77 56 15 65 85 48 41 12 113 24 71 72 68 95
60864 -1 -1 -1 90 -1 78 73 -1 75 34 -1 3 44 11 -1 59 57 111 89 -1 -1 35 38 50 33 80 64 107 98 79 14 63 27 51 31 -1 1 28 112 -1 7 -1 99 32 82 -1 77 56 15 65 85 48 41 12 113 24 71 72 68 95
60864 -1 -1 -1 90 -1 78 73 -1 75 34 -1 3 44 11 -1 59 57 111 89 -1 -1 35 38 50 33 80 64 107 98 79 14 63 27 51 31 -1 1 28 112 -1 7 -1 99 32 82 -1 77 56 15 65 85 48 41 12 113 24 71 72 68 95
61384 -1 -1 -1 32 85 35 82 -1 73 28 -1 75 90 24 -1 59 57 44 27 -1 -1 63 99 50 78 80 33 56 98 71 14 12 112 51 107 -1 34 79 1 -1 72 -1 31 7 64 -1 77 11 15 65 95 68 41 120 113 3 48 89 38 111
61435 -1 -1 -1 32 85 121 82 -1 73 28 -1 75 90 24 -1 59 57 44 27 -1 -1 63 99 50 78 80 33 56 98 71 14 12 112 51 107 -1 34 79 1 -1 72 -1 31 7 64 -1 77 11 15 65 95 68 41 120 35 3 48 89 38 111
61435 -1 -1 -1 32 85 121 82 -1 73 28 -1 75 90 24 -1 59 57 44 27 -1 -1 63 99 50 78 80 33 56 98 71 14 12 112 51 107 -1 34 79 1 -1 72 -1 31 7 64 -1 77 11 15 65 95 68 41 120 35 3 48 89 38 111
61791 -1 -1 -1 32 85 78 82 -1 73 28 -1 75 90 24 -1 59 57 44 27 -1 -1 63 99 50 33 80 123 56 98 71 14 12 112 51 107 -1 34 79 1 -1 72 -1 31 7 64 -1 77 11 15 65 95 68 41 120 35 3 48 89 38 111
62468 -1 -1 -1 7 95 78 82 85 73 28 -1 75 32 24 -1 59 57 90 27 -1 -1 63 99 50 33 80 123 56 98 71 14 12 112 51 107 -1 34 79 1 -1 72 -1 31 124 64 -1 77 11 15 65 111 68 41 120 35 3 48 89 38 44
63462 -1 -1 -1 7 95 78 82 85 73 28 -1 75 32 24 -1 59 57 90 27 -1 -1 63 99 50 33 125 123 56 98 71 14 12 112 51 107 -1 34 79 1 -1 72 -1 31 124 64 -1 77 11 15 80 111 68 41 120 35 3 48 89 38 44
64350 -1 -1 -1 32 95 78 82 85 73 28 -1 75 126 24 -1 59 57 90 89 -1 -1 63 99 50 33 125 123 56 98 71 14 12 27 51 107 -1 1 79 112 -1 124 -1 31 7 64 -1 77 11 15 80 111 68 41 120 35 3 48 72 38 44
64350 -1 -1 -1 32 95 78 82 85 73 28 -1 75 126 24 -1 59 57 90 89 -1 -1 63 99 50 33 125 123 56 98 71 14 12 27 51 107 -1 1 79 112 -1 124 -1 31 7 64 -1 77 11 15 80 111 68 41 120 35 3 48 72 38 44
64350 -1 -1 -1 32 95 78 82 85 73 28 -1 75 126 24 -1 59 57 90 89 -1 -1 63 99 50 33 125 123 56 98 71 14 12 27 51 107 -1 1 79 112 -1 124 -1 31 7 64 -1 77 11 15 80 111 68 41 120 35 3 48 72 38 44
64812 -1 -1 -1 126 95 78 82 85 73 1 -1 75 90 24 -1 59 57 44 72 -1 -1 63 38 50 33 125 123 107 98 79 14 12 89 51 31 -1 112 28 27 -1 7 -1 99 32 64 -1 77 56 15 80 111 48 41 120 35 3 71 124 68 129
65549 -1 -1 -1 126 95 78 82 85 73 1 -1 75 90 24 -1 59 57 44 72 48 -1 63 38 50 33 125 123 107 98 79 14 12 89 51 31 -1 112 28 27 -1 7 -1 99 32 64 -1 77 56 15 80 111 71 41 120 35 3 130 124 68 129
65549 -1 -1 -1 126 95 78 82 85 73 1 -1 75 90 24 -1 59 57 44 72 48 -1 63 38 50 33 125 123 107 98 79 14 12 89 51 31 -1 112 28 27 -1 7 -1 99 32 64 -1 77 56 15 80 111 71 41 120 35 3 130 124 68 129
65549 -1 -1 -1 126 95 78 82 85 73 1 -1 75 90 24 -1 59 57 44 72 48 -1 63 38 50 33 125 123 107 98 79 14 12 89 51 31 -1 112 28 27 -1 7 -1 99 32 64 -1 77 56 15 80 111 71 41 120 35 3 130 124 68 129
65856 -1 -1 -1 126 95 33 73 85 75 1 -1 133 90 24 -1 59 57 44 72 48 -1 35 38 50 123 125 64 107 98 79 14 12 89 51 31 -1 112 28 27 -1 7 -1 99 32 82 -1 77 56 15 80 111 71 41 120 78 3 130 124 68 129
66051 -1 -1 -1 134 111 33 73 95 75 1 -1 133 126 24 -1 85 59 90 72 48 -1 35 38 50 123 125 64 107 98 79 14 12 89 51 31 -1 112 28 27 -1 7 -1 99 32 82 -1 77 56 15 80 129 71 41 120 78 3 130 124 68 44
66051 -1 -1 -1 134 111 33 73 95 75 1 -1 133 126 24 -1 85 59 90 72 48 -1 35 38 50 123 125 64 107 98 79 14 12 89 51 31 -1 112 28 27 -1 7 -1 99 32 82 -1 77 56 15 80 129 71 41 120 78 3 130 124 68 44
66769 -1 -1 -1 134 111 33 73 95 75 1 -1 133 126 24 -1 85 59 90 72 68 -1 35 136 50 123 125 64 107 98 79 14 12 89 51 31 -1 112 28 27 -1 7 -1 99 32 82 -1 77 56 71 80 129 48 41 120 78 3 130 124 38 44
66769 -1 -1 -1 134 111 33 73 95 75 1 -1 133 126 24 -1 85 59 90 72 68 -1 35 136 50 123 125 64 107 98 79 14 12 89 51 31 -1 112 28 27 -1 7 -1 99 32 82 -1 77 56 71 80 129 48 41 120 78 3 130 124 38 44
66769 -1 -1 -1 134 111 33 73 95 75 1 -1 133 126 24 -1 85 59 90 72 68 -1 35 136 50 123 125 64 107 98 79 14 12 89 51 31 -1 112 28 27 -1 7 -1 99 32 82 -1 77 56 71 80 129 48 41 120 78 3 130 124 38 44
66769 -1 -1 -1 134 111 33 73 95 75 1 -1 133 126 24 -1 85 59 90 72 68 -1 35 136 50 123 125 64 107 98 79 14 12 89 51 31 -1 112 28 27 -1 7 -1 99 32 82 -1 77 56 71 80 129 48 41 120 78 3 130 124 38 44
68246 -1 -1 -1 134 111 78 82 95 73 1 -1 75 126 3 -1 85 59 90 72 68 -1 35 136 50 33 125 123 56 98 79 14 12 89 51 107 -1 112 28 27 -1 7 -1 31 32 64 -1 77 24 71 80 129 48 41 120 140 133 130 124 38 44
68852 -1 -1 -1 126 95 78 82 85 73 1 -1 75 90 3 -1 59 50 44 124 68 -1 35 136 141 33 125 123 56 98 79 14 12 72 51 107 -1 27 28 89 -1 32 -1 31 134 64 -1 77 24 71 80 111 48 41 120 140 133 130 7 38 129
68852 -1 -1 -1 126 95 78 82 85 73 1 -1 75 90 3 -1 59 50 44 124 68 -1 35 136 141 33 125 123 56 98 79 14 12 72 51 107 -1 27 28 89 -1 32 -1 31 134 64 -1 77 24 71 80 111 48 41 120 140 133 130 7 38 129
68852 -1 -1 -1 126 95 78 82 85 73 1 -1 75 90 3 -1 59 50 44 124 68 -1 35 136 141 33 125 123 56 98 79 14 12 72 51 107 -1 27 28 89 -1 32 -1 31 134 64 -1 77 24 71 80 111 48 41 120 140 133 130 7 38 129
69269 -1 -1 -1 126 95 33 82 85 73 1 -1 75 90 3 -1 59 50 44 124 68 -1 35 136 141 123 125 64 56 98 79 14 12 72 51 107 -1 27 28 89 -1 32 -1 31 134 144 -1 77 24 71 80 111 48 41 120 140 133 130 7 38 129
69269 -1 -1 -1 126 95 33 82 85 73 1 -1 75 90 3 -1 59 50 44 124 68 -1 35 136 141 123 125 64 56 98 79 14 12 72 51 107 -1 27 28 89 -1 32 -1 31 134 144 -1 77 24 71 80 111 48 41 120 140 133 130 7 38 129
69269 -1 -1 -1 126 95 33 82 85 73 1 -1 75 90 3 -1 59 50 44 124 68 -1 35 136 141 123 125 64 56 98 79 14 12 72 51 107 -1 27 28 89 -1 32 -1 31 134 144 -1 77 24 71 80 111 48 41 120 140 133 130 7 38 129
69269 -1 -1 -1 126 95 33 82 85 73 1 -1 75 90 3 -1 59 50 44 124 68 -1 35 136 141 123 125 64 56 98 79 14 12 72 51 107 -1 27 28 89 -1 32 -1 31 134 144 -1 77 24 71 80 111 48 41 120 140 133 130 7 38 129
69269 -1 -1 -1 126 95 33 82 85 73 1 -1 75 90 3 -1 59 50 44 124 68 -1 35 136 141 123 125 64 56 98 79 14 12 72 51 107 -1 27 28 89 -1 32 -1 31 134 144 -1 77 24 71 80 111 48 41 120 140 133 130 7 38 129
69477 -1 -1 -1 126 95 33 82 85 73 1 -1 75 90 3 -1 59 50 44 124 68 -1 35 136 141 123 125 64 56 149 79 14 12 72 51 107 -1 27 28 89 -1 32 -1 31 134 144 -1 77 24 71 80 111 48 41 120 140 133 130 7 38 129
