1620 -1 -1 -1 -1 -1 -1 -1 -1 -1 -1 -1 -1 -1 -1 -1 -1 -1 -1 -1 -1
1620 -1 -1 -1 -1 -1 -1 -1 -1 -1 -1 -1 -1 -1 -1 -1 -1 -1 -1 -1 -1
1620 -1 -1 -1 -1 -1 -1 -1 -1 -1 -1 -1 -1 -1 -1 -1 -1 -1 -1 -1 -1
1635 -1 -1 -1 -1 -1 -1 2 -1 -1 -1 -1 -1 -1 -1 -1 -1 -1 -1 -1 -1
1638 -1 -1 3 -1 -1 -1 2 -1 -1 -1 -1 -1 -1 -1 -1 -1 -1 -1 -1 -1
1668 -1 -1 3 -1 -1 -1 4 -1 -1 -1 -1 -1 -1 -1 -1 -1 -1 -1 -1 -1
1714 -1 5 3 -1 -1 -1 4 -1 -1 -1 -1 -1 -1 -1 -1 -1 -1 -1 -1 -1
1761 -1 5 3 -1 6 -1 4 -1 -1 -1 -1 -1 -1 -1 -1 -1 -1 -1 -1 -1
1810 -1 5 3 -1 6 -1 4 -1 7 -1 -1 -1 -1 -1 -1 -1 -1 -1 -1 -1
1812 -1 5 3 -1 6 -1 4 8 7 -1 -1 -1 -1 -1 -1 -1 -1 -1 -1 -1
1888 -1 5 3 -1 6 -1 4 8 7 9 -1 -1 -1 -1 -1 -1 -1 -1 -1 -1
1908 -1 5 3 -1 6 -1 10 8 7 9 -1 -1 -1 -1 -1 -1 -1 -1 -1 -1
1958 -1 11 3 -1 6 -1 10 8 7 9 -1 -1 -1 -1 -1 -1 -1 -1 -1 -1
1958 -1 11 3 -1 6 -1 10 8 7 9 -1 -1 -1 -1 -1 -1 -1 -1 -1 -1
2096 -1 11 3 -1 6 13 10 8 7 9 -1 -1 -1 -1 -1 -1 -1 -1 -1 -1
2226 -1 11 3 -1 6 13 10 14 7 9 -1 -1 -1 -1 -1 -1 -1 -1 -1 -1
2286 -1 15 3 -1 6 13 10 14 7 9 -1 -1 -1 -1 -1 -1 -1 -1 -1 -1
2286 -1 15 3 -1 6 13 10 14 7 9 -1 -1 -1 -1 -1 -1 -1 -1 -1 -1
2356 -1 15 17 -1 6 13 10 14 7 9 -1 -1 -1 -1 -1 -1 -1 -1 -1 -1
2356 -1 15 17 -1 6 13 10 14 7 9 -1 -1 -1 -1 -1 -1 -1 -1 -1 -1
2416 -1 15 17 -1 6 13 10 14 7 19 -1 -1 -1 -1 -1 -1 -1 -1 -1 -1
2880 -1 15 17 -1 6 13 10 14 20 19 -1 -1 -1 -1 -1 -1 -1 -1 -1 -1
2999 -1 15 17 -1 6 13 10 14 20 19 -1 -1 -1 -1 21 -1 -1 -1 -1 -1
3441 -1 15 17 -1 6 13 10 14 20 22 -1 -1 -1 -1 21 -1 -1 -1 -1 -1
4029 -1 15 17 -1 6 13 20 14 22 23 -1 -1 -1 -1 21 -1 -1 -1 -1 -1
4369 -1 15 17 -1 6 13 24 20 22 23 -1 -1 -1 -1 21 -1 -1 -1 -1 -1
4546 -1 15 17 -1 6 13 24 20 22 23 -1 -1 -1 21 25 -1 -1 -1 -1 -1
4986 -1 15 17 -1 6 13 24 20 22 26 -1 -1 -1 21 25 -1 -1 -1 -1 23
5055 -1 15 17 27 6 13 24 20 22 26 -1 -1 -1 21 25 -1 -1 -1 -1 23
5238 -1 15 17 21 6 13 24 20 22 26 -1 -1 27 28 25 -1 -1 -1 -1 23
5444 -1 15 17 28 6 13 29 20 22 26 -1 27 21 25 24 -1 -1 -1 -1 23
5554 -1 15 17 30 25 13 29 20 22 26 -1 27 21 28 24 -1 -1 -1 -1 23
5616 -1 15 17 31 28 13 24 29 20 26 -1 27 21 30 25 -1 -1 -1 22 23
5811 -1 15 17 30 25 13 24 29 20 26 27 21 31 28 32 -1 -1 -1 22 23
5855 33 15 17 30 25 13 24 29 20 26 27 21 31 28 32 -1 -1 -1 22 23
6462 33 15 17 30 25 24 29 20 22 23 27 21 31 28 32 -1 -1 -1 26 34
6583 33 15 17 30 25 32 24 29 22 23 27 21 31 28 35 -1 -1 20 26 34
6749 33 15 17 28 36 32 24 29 22 23 27 21 30 25 35 -1 -1 20 26 34
6802 27 15 17 37 36 32 24 29 22 23 21 30 28 25 35 -1 -1 20 26 34
6802 27 15 17 37 36 32 24 29 22 23 21 30 28 25 35 -1 -1 20 26 34
7209 27 15 28 25 35 24 29 20 26 23 21 30 37 36 32 -1 -1 22 39 34