23059 -1 -1 -1 -1 -1 -1 -1 -1 -1 -1 -1 -1 -1 -1 -1 -1 -1 -1 -1 -1 -1 -1 -1 -1 -1 -1 -1 -1 -1 -1 -1 -1 -1 -1 -1 -1 -1 -1 -1 -1 -1 -1 -1 -1 -1 -1
24313 -1 -1 -1 -1 -1 -1 -1 -1 -1 -1 -1 -1 -1 -1 -1 -1 -1 -1 -1 -1 -1 -1 -1 -1 -1 0 -1 -1 -1 -1 -1 -1 -1 -1 -1 -1 -1 -1 -1 -1 -1 -1 -1 -1 -1 -1
25369 -1 -1 -1 -1 -1 -1 -1 -1 -1 -1 -1 1 -1 -1 -1 -1 -1 -1 -1 -1 -1 -1 -1 -1 -1 0 -1 -1 -1 -1 -1 -1 -1 -1 -1 -1 -1 -1 -1 -1 -1 -1 -1 -1 -1 -1
25369 -1 -1 -1 -1 -1 -1 -1 -1 -1 -1 -1 1 -1 -1 -1 -1 -1 -1 -1 -1 -1 -1 -1 -1 -1 0 -1 -1 -1 -1 -1 -1 -1 -1 -1 -1 -1 -1 -1 -1 -1 -1 -1 -1 -1 -1
25369 -1 -1 -1 -1 -1 -1 -1 -1 -1 -1 -1 1 -1 -1 -1 -1 -1 -1 -1 -1 -1 -1 -1 -1 -1 0 -1 -1 -1 -1 -1 -1 -1 -1 -1 -1 -1 -1 -1 -1 -1 -1 -1 -1 -1 -1
27939 -1 -1 -1 -1 -1 -1 -1 -1 -1 -1 4 1 -1 -1 -1 -1 -1 -1 -1 -1 -1 -1 -1 -1 -1 0 -1 -1 -1 -1 -1 -1 -1 -1 -1 -1 -1 -1 -1 -1 -1 -1 -1 -1 -1 -1
28158 -1 -1 -1 -1 -1 -1 -1 -1 -1 -1 4 5 -1 -1 -1 -1 -1 -1 1 -1 -1 -1 -1 -1 -1 0 -1 -1 -1 -1 -1 -1 -1 -1 -1 -1 -1 -1 -1 -1 -1 -1 -1 -1 -1 -1
30023 -1 -1 -1 -1 -1 -1 -1 -1 -1 -1 6 5 -1 -1 -1 -1 -1 -1 1 -1 -1 -1 -1 -1 -1 0 -1 -1 -1 -1 -1 -1 -1 -1 -1 -1 -1 -1 -1 -1 -1 -1 4 -1 -1 -1
30254 -1 -1 -1 1 -1 -1 -1 -1 -1 -1 6 5 -1 -1 -1 -1 -1 -1 7 -1 -1 -1 -1 -1 -1 0 -1 -1 -1 -1 -1 -1 -1 -1 -1 -1 -1 -1 -1 -1 -1 -1 4 -1 -1 -1
30693 -1 -1 -1 8 -1 -1 -1 -1 -1 -1 6 5 -1 -1 -1 -1 -1 -1 7 -1 -1 -1 -1 -1 -1 0 -1 -1 -1 -1 -1 -1 -1 -1 -1 -1 -1 1 -1 -1 -1 -1 4 -1 -1 -1
33028 -1 -1 -1 8 -1 -1 -1 -1 -1 -1 9 5 -1 -1 -1 -1 -1 -1 7 -1 -1 -1 -1 -1 -1 6 -1 -1 -1 -1 -1 -1 -1 -1 -1 -1 -1 1 -1 -1 -1 -1 4 0 -1 -1
33028 -1 -1 -1 8 -1 -1 -1 -1 -1 -1 9 5 -1 -1 -1 -1 -1 -1 7 -1 -1 -1 -1 -1 -1 6 -1 -1 -1 -1 -1 -1 -1 -1 -1 -1 -1 1 -1 -1 -1 -1 4 0 -1 -1
33028 -1 -1 -1 8 -1 -1 -1 -1 -1 -1 9 5 -1 -1 -1 -1 -1 -1 7 -1 -1 -1 -1 -1 -1 6 -1 -1 -1 -1 -1 -1 -1 -1 -1 -1 -1 1 -1 -1 -1 -1 4 0 -1 -1
33028 -1 -1 -1 8 -1 -1 -1 -1 -1 -1 9 5 -1 -1 -1 -1 -1 -1 7 -1 -1 -1 -1 -1 -1 6 -1 -1 -1 -1 -1 -1 -1 -1 -1 -1 -1 1 -1 -1 -1 -1 4 0 -1 -1
34989 -1 -1 -1 1 -1 -1 -1 -1 -1 -1 9 0 -1 -1 -1 -1 -1 -1 7 -1 -1 -1 -1 -1 -1 6 -1 -1 -1 -1 -1 -1 -1 -1 -1 -1 -1 5 -1 -1 8 -1 4 13 -1 -1
36668 -1 -1 -1 1 -1 -1 -1 -1 -1 -1 9 0 -1 -1 -1 -1 -1 -1 7 -1 -1 -1 -1 -1 -1 6 -1 -1 -1 -1 -1 -1 -1 -1 -1 -1 -1 5 -1 -1 8 -1 4 14 -1 13
38437 -1 -1 -1 1 -1 -1 -1 -1 -1 -1 9 0 13 -1 -1 -1 -1 -1 7 -1 -1 -1 -1 -1 -1 15 -1 -1 -1 -1 -1 -1 -1 -1 -1 -1 -1 5 -1 -1 8 -1 4 14 -1 6
38539 -1 -1 -1 1 -1 -1 -1 -1 -1 -1 9 0 13 -1 -1 -1 -1 -1 7 -1 -1 -1 -1 -1 -1 16 -1 -1 -1 -1 15 -1 -1 -1 -1 -1 -1 5 -1 -1 8 -1 4 14 -1 6
39147 -1 -1 -1 1 -1 -1 -1 -1 -1 -1 9 0 13 -1 -1 -1 -1 -1 7 -1 -1 -1 -1 -1 -1 16 -1 -1 -1 -1 15 -1 -1 -1 -1 -1 -1 17 5 -1 8 -1 4 14 -1 6
39761 -1 -1 -1 1 -1 -1 -1 -1 -1 -1 9 18 14 -1 -1 -1 -1 -1 7 -1 -1 -1 -1 -1 -1 16 -1 -1 -1 -1 15 -1 13 -1 -1 -1 -1 17 5 -1 8 -1 4 0 -1 6
40016 -1 -1 -1 1 -1 -1 -1 -1 -1 -1 9 18 14 -1 -1 -1 -1 -1 7 -1 -1 -1 -1 -1 19 16 -1 -1 -1 -1 15 -1 13 -1 -1 -1 -1 17 5 -1 8 -1 4 0 -1 6
40016 -1 -1 -1 1 -1 -1 -1 -1 -1 -1 9 18 14 -1 -1 -1 -1 -1 7 -1 -1 -1 -1 -1 19 16 -1 -1 -1 -1 15 -1 13 -1 -1 -1 -1 17 5 -1 8 -1 4 0 -1 6
41113 -1 -1 -1 1 -1 -1 -1 -1 -1 -1 4 18 14 -1 -1 -1 -1 -1 7 -1 -1 -1 -1 -1 19 15 -1 -1 -1 -1 9 -1 13 -1 -1 -1 -1 17 5 -1 8 -1 21 0 -1 6
41125 -1 -1 -1 1 -1 -1 -1 -1 -1 -1 4 18 14 -1 -1 -1 -1 -1 7 -1 -1 -1 15 -1 19 9 -1 -1 -1 -1 22 -1 13 -1 -1 -1 -1 17 5 -1 8 -1 21 0 -1 6
42201 -1 -1 -1 5 8 -1 -1 -1 -1 -1 4 0 14 -1 -1 -1 -1 -1 7 -1 -1 -1 15 -1 19 9 -1 -1 -1 -1 22 -1 13 -1 -1 -1 -1 18 17 -1 1 -1 21 23 -1 6
43157 -1 -1 -1 5 8 -1 -1 -1 -1 -1 4 24 23 -1 -1 -1 -1 -1 7 -1 -1 -1 6 -1 19 15 -1 -1 -1 -1 9 -1 14 -1 -1 -1 -1 18 17 -1 1 -1 21 0 -1 13
43997 -1 -1 -1 5 8 -1 -1 18 -1 -1 4 24 23 -1 -1 -1 -1 -1 7 -1 -1 -1 6 -1 19 15 -1 -1 -1 -1 9 -1 14 -1 -1 -1 -1 17 25 -1 1 -1 21 0 -1 13
44903 -1 -1 -1 5 26 -1 -1 18 -1 -1 4 24 23 -1 -1 -1 -1 -1 7 -1 -1 -1 6 -1 19 15 -1 -1 -1 -1 9 -1 14 -1 -1 -1 8 17 25 -1 1 -1 21 0 -1 13
46252 -1 -1 -1 25 26 -1 -1 24 -1 -1 4 0 14 -1 -1 -1 -1 -1 7 -1 -1 -1 27 -1 19 15 -1 -1 -1 -1 9 -1 13 -1 -1 -1 8 18 17 -1 1 -1 21 23 -1 6
47053 -1 -1 -1 25 26 24 -1 0 -1 -1 4 28 14 -1 -1 -1 -1 -1 7 -1 -1 -1 27 -1 19 15 -1 -1 -1 -1 9 -1 13 -1 -1 -1 8 18 17 -1 1 -1 21 23 -1 6
48513 -1 -1 -1 25 26 24 -1 0 -1 23 4 28 13 -1 -1 -1 -1 -1 7 -1 -1 -1 27 -1 19 15 -1 -1 -1 -1 9 -1 29 -1 -1 -1 8 18 17 -1 1 -1 21 14 -1 6
49286 -1 -1 -1 25 26 0 -1 30 -1 23 4 28 13 -1 -1 -1 -1 -1 7 -1 -1 -1 27 -1 19 15 -1 -1 -1 -1 9 -1 29 -1 -1 -1 8 24 17 18 1 -1 21 14 -1 6
50598 -1 -1 -1 17 1 30 -1 28 -1 14 4 23 31 -1 -1 -1 -1 -1 7 -1 -1 -1 27 8 19 15 -1 -1 -1 -1 9 -1 29 -1 -1 -1 26 0 18 24 25 -1 21 13 -1 6
50598 -1 -1 -1 17 1 30 -1 28 -1 14 4 23 31 -1 -1 -1 -1 -1 7 -1 -1 -1 27 8 19 15 -1 -1 -1 -1 9 -1 29 -1 -1 -1 26 0 18 24 25 -1 21 13 -1 6
50598 -1 -1 -1 17 1 30 -1 28 -1 14 4 23 31 -1 -1 -1 -1 -1 7 -1 -1 -1 27 8 19 15 -1 -1 -1 -1 9 -1 29 -1 -1 -1 26 0 18 24 25 -1 21 13 -1 6
50598 -1 -1 -1 17 1 30 -1 28 -1 14 4 23 31 -1 -1 -1 -1 -1 7 -1 -1 -1 27 8 19 15 -1 -1 -1 -1 9 -1 29 -1 -1 -1 26 0 18 24 25 -1 21 13 -1 6
51340 -1 -1 -1 17 1 35 -1 28 -1 14 4 23 31 -1 -1 -1 -1 -1 7 -1 -1 -1 27 8 19 15 -1 24 -1 -1 9 -1 29 -1 -1 -1 26 30 18 0 25 -1 21 13 -1 6
51910 -1 -1 -1 17 1 35 -1 28 -1 14 4 23 31 -1 -1 -1 -1 -1 26 -1 -1 -1 27 8 19 15 -1 24 -1 -1 9 -1 29 -1 -1 -1 36 30 18 0 25 -1 21 13 -1 6
52478 -1 -1 -1 17 1 28 -1 23 -1 13 4 14 37 -1 -1 -1 -1 -1 26 -1 -1 -1 27 8 19 15 24 0 -1 -1 9 -1 29 -1 -1 -1 36 35 18 30 25 -1 21 31 -1 6
52897 -1 -1 -1 25 1 28 -1 23 -1 13 4 14 37 -1 -1 -1 -1 -1 26 -1 -1 -1 27 8 24 15 18 0 -1 -1 9 -1 29 -1 -1 -1 36 35 17 30 38 -1 21 31 -1 6
52897 -1 -1 -1 25 1 28 -1 23 -1 13 4 14 37 -1 -1 -1 -1 -1 26 -1 -1 -1 27 8 24 15 18 0 -1 -1 9 -1 29 -1 -1 -1 36 35 17 30 38 -1 21 31 -1 6
53418 -1 26 -1 17 38 23 -1 14 -1 13 4 40 37 -1 -1 -1 -1 -1 1 -1 -1 -1 27 8 0 15 24 30 -1 -1 9 -1 29 -1 -1 -1 36 28 18 35 25 -1 21 31 -1 6
53602 -1 26 -1 17 38 41 -1 23 -1 40 4 14 37 -1 -1 -1 -1 -1 1 -1 -1 -1 27 8 0 15 24 30 -1 -1 9 13 29 -1 -1 -1 36 28 18 35 25 -1 21 31 -1 6
53614 -1 26 -1 17 38 41 42 23 -1 40 4 14 37 -1 -1 -1 -1 -1 1 -1 -1 -1 27 8 0 15 24 30 -1 -1 9 13 29 -1 -1 -1 36 28 18 35 25 -1 21 31 -1 6
53614 -1 26 -1 17 38 41 42 23 -1 40 4 14 37 -1 -1 -1 -1 -1 1 -1 -1 -1 27 8 0 15 24 30 -1 -1 9 13 29 -1 -1 -1 36 28 18 35 25 -1 21 31 -1 6
54967 -1 26 -1 17 38 23 42 14 41 13 4 40 29 -1 -1 -1 -1 -1 1 -1 -1 -1 15 8 0 9 24 30 -1 -1 44 31 6 -1 -1 -1 36 28 18 35 25 -1 21 37 -1 27
55440 -1 26 -1 17 38 23 42 14 41 13 4 40 29 -1 -1 -1 -1 18 1 -1 -1 -1 15 8 30 9 0 35 -1 -1 44 31 6 -1 -1 -1 36 45 24 28 25 -1 21 37 -1 27
55440 -1 26 -1 17 38 23 42 14 41 13 4 40 29 -1 -1 -1 -1 18 1 -1 -1 -1 15 8 30 9 0 35 -1 -1 44 31 6 -1 -1 -1 36 45 24 28 25 -1 21 37 -1 27
55831 -1 1 36 18 25 23 42 14 41 13 4 40 29 -1 -1 -1 -1 24 38 -1 -1 -1 15 8 35 9 30 28 -1 -1 44 31 6 -1 -1 -1 26 47 0 45 17 -1 21 37 -1 27
56294 -1 48 26 18 25 23 42 14 41 13 4 40 29 -1 -1 -1 -1 24 38 -1 -1 -1 15 8 35 9 30 28 -1 -1 44 31 6 -1 -1 -1 1 47 0 45 17 -1 21 37 36 27
56681 -1 48 26 18 25 41 42 23 47 13 4 14 29 -1 -1 -1 -1 49 38 -1 -1 -1 15 8 30 9 0 35 -1 -1 44 31 6 -1 40 -1 1 45 24 28 17 -1 21 37 36 27
56681 -1 48 26 18 25 41 42 23 47 13 4 14 29 -1 -1 -1 -1 49 38 -1 -1 -1 15 8 30 9 0 35 -1 -1 44 31 6 -1 40 -1 1 45 24 28 17 -1 21 37 36 27
57704 -1 48 26 18 25 23 42 14 41 31 4 40 29 -1 -1 -1 -1 49 38 -1 -1 -1 15 8 30 9 0 35 -1 -1 44 51 6 -1 13 45 1 47 24 28 17 -1 21 37 36 27
57704 -1 48 26 18 25 23 42 14 41 31 4 40 29 -1 -1 -1 -1 49 38 -1 -1 -1 15 8 30 9 0 35 -1 -1 44 51 6 -1 13 45 1 47 24 28 17 -1 21 37 36 27
57704 -1 48 26 18 25 23 42 14 41 31 4 40 29 -1 -1 -1 -1 49 38 -1 -1 -1 15 8 30 9 0 35 -1 -1 44 51 6 -1 13 45 1 47 24 28 17 -1 21 37 36 27
58628 -1 38 26 49 17 23 42 14 54 31 4 40 29 -1 -1 -1 -1 24 25 1 -1 -1 15 8 35 9 30 28 -1 -1 44 51 6 -1 13 47 48 41 0 45 18 -1 21 37 36 27
58628 -1 38 26 49 17 23 42 14 54 31 4 40 29 -1 -1 -1 -1 24 25 1 -1 -1 15 8 35 9 30 28 -1 -1 44 51 6 -1 13 47 48 41 0 45 18 -1 21 37 36 27
58628 -1 38 26 49 17 23 42 14 54 31 4 40 29 -1 -1 -1 -1 24 25 1 -1 -1 15 8 35 9 30 28 -1 -1 44 51 6 -1 13 47 48 41 0 45 18 -1 21 37 36 27
59144 -1 25 26 57 18 23 1 14 54 31 4 40 29 -1 -1 -1 -1 24 17 48 -1 -1 15 8 35 9 30 28 -1 -1 44 51 6 -1 13 47 38 41 0 45 49 -1 21 37 36 27
59144 -1 25 26 57 18 23 1 14 54 31 4 40 29 -1 -1 -1 -1 24 17 48 -1 -1 15 8 35 9 30 28 -1 -1 44 51 6 -1 13 47 38 41 0 45 49 -1 21 37 36 27
59422 -1 38 26 49 17 23 1 14 54 31 4 40 29 -1 -1 -1 -1 57 25 59 -1 -1 15 8 30 9 0 35 -1 -1 44 51 6 -1 13 45 48 47 24 28 18 -1 21 37 36 27
59422 -1 38 26 49 17 23 1 14 54 31 4 40 29 -1 -1 -1 -1 57 25 59 -1 -1 15 8 30 9 0 35 -1 -1 44 51 6 -1 13 45 48 47 24 28 18 -1 21 37 36 27
59780 -1 38 26 49 17 23 1 14 54 31 4 40 29 -1 -1 -1 -1 57 25 59 -1 -1 15 61 30 9 0 35 -1 -1 44 51 6 -1 13 45 48 47 24 28 18 -1 21 37 36 27
60347 -1 38 26 18 62 23 1 14 54 31 4 40 29 -1 -1 -1 -1 49 25 59 -1 -1 15 61 30 9 24 35 -1 -1 44 51 6 -1 13 45 48 47 57 28 17 -1 21 37 36 27
60347 -1 38 26 18 62 23 1 14 54 31 4 40 29 -1 -1 -1 -1 49 25 59 -1 -1 15 61 30 9 24 35 -1 -1 44 51 6 -1 13 45 48 47 57 28 17 -1 21 37 36 27
61056 -1 38 26 18 62 23 1 14 54 64 4 13 29 -1 -1 -1 -1 49 25 59 -1 40 15 61 30 9 24 35 -1 -1 44 51 6 -1 31 45 48 47 57 28 17 -1 21 37 36 27
61056 -1 38 26 18 62 23 1 14 54 64 4 13 29 -1 -1 -1 -1 49 25 59 -1 40 15 61 30 9 24 35 -1 -1 44 51 6 -1 31 45 48 47 57 28 17 -1 21 37 36 27
61318 -1 38 26 49 62 23 1 14 54 64 4 13 29 -1 -1 -1 -1 57 25 59 -1 40 15 61 35 9 30 28 -1 -1 44 51 6 -1 31 66 48 47 24 45 17 -1 21 37 36 27
61318 -1 38 26 49 62 23 1 14 54 64 4 13 29 -1 -1 -1 -1 57 25 59 -1 40 15 61 35 9 30 28 -1 -1 44 51 6 -1 31 66 48 47 24 45 17 -1 21 37 36 27
61883 -1 38 26 49 62 23 1 14 54 64 4 13 29 -1 -1 -1 -1 57 25 59 -1 40 15 61 35 9 30 28 -1 -1 44 51 6 -1 31 66 48 47 24 45 68 -1 21 37 36 27
62044 -1 69 26 49 25 23 1 14 54 64 4 13 29 -1 -1 -1 -1 57 38 59 -1 40 15 61 35 9 30 28 -1 62 44 51 6 -1 31 66 48 47 24 45 68 -1 21 37 36 27
62060 -1 48 36 68 38 23 26 14 54 64 4 13 29 -1 -1 -1 -1 49 69 1 -1 40 15 70 35 9 30 28 57 25 44 51 6 -1 31 66 59 47 24 45 62 -1 21 37 61 27
62372 -1 48 26 68 38 23 1 14 54 64 4 13 29 -1 -1 -1 -1 49 69 59 -1 40 15 61 35 9 30 28 57 25 44 51 6 -1 31 66 71 47 24 45 62 -1 21 37 36 27
62724 -1 69 26 72 25 23 1 14 54 64 4 13 29 -1 59 -1 -1 49 38 48 -1 40 15 61 35 9 30 28 57 62 44 51 6 -1 31 66 71 47 24 45 68 -1 21 37 36 27
62724 -1 69 26 72 25 23 1 14 54 64 4 13 29 -1 59 -1 -1 49 38 48 -1 40 15 61 35 9 30 28 57 62 44 51 6 -1 31 66 71 47 24 45 68 -1 21 37 36 27
63243 -1 69 26 49 62 14 1 74 23 64 4 13 29 -1 59 -1 -1 57 25 48 -1 40 15 61 28 9 35 45 24 68 44 51 6 -1 31 47 71 54 30 66 72 -1 21 37 36 27
63931 -1 69 26 49 62 23 1 14 54 31 4 40 29 -1 59 -1 -1 57 25 48 -1 74 15 61 28 9 35 45 24 68 44 64 6 -1 13 47 71 75 30 66 72 -1 21 51 36 27
64009 -1 69 26 57 62 23 1 14 54 31 4 40 29 -1 59 -1 -1 24 25 48 -1 74 15 61 28 9 76 45 30 68 44 64 6 72 13 47 71 75 35 66 49 -1 21 51 36 27
64418 -1 69 26 57 62 54 1 23 75 31 4 74 29 -1 59 -1 -1 24 25 48 -1 14 15 61 28 9 76 45 30 68 44 64 6 72 13 47 71 77 35 66 49 -1 21 51 36 27
64791 -1 25 26 57 68 54 1 23 75 31 4 74 29 -1 59 -1 -1 24 62 48 -1 14 15 61 28 9 76 45 30 78 44 64 6 72 13 47 71 77 35 66 49 -1 21 51 36 27
64791 -1 25 26 57 68 54 1 23 75 31 4 74 29 -1 59 -1 -1 24 62 48 -1 14 15 61 28 9 76 45 30 78 44 64 6 72 13 47 71 77 35 66 49 -1 21 51 36 27
65151 -1 25 26 49 62 54 1 23 75 31 4 74 29 -1 59 -1 -1 57 80 48 -1 14 15 61 35 9 76 28 24 68 44 64 6 78 13 66 71 77 30 45 72 -1 21 51 36 27
65151 -1 25 26 49 62 54 1 23 75 31 4 74 29 -1 59 -1 -1 57 80 48 -1 14 15 61 35 9 76 28 24 68 44 64 6 78 13 66 71 77 30 45 72 -1 21 51 36 27
65459 -1 25 26 72 62 54 1 23 75 31 4 74 29 -1 59 -1 -1 49 80 48 57 14 15 61 35 9 76 28 24 68 44 64 6 78 13 66 71 77 30 45 82 -1 21 51 36 27
65611 -1 25 36 72 62 54 26 23 75 31 4 74 29 -1 1 -1 -1 49 80 48 57 14 15 83 35 9 76 28 24 68 44 64 6 78 13 66 71 77 30 45 82 -1 21 51 61 27
65611 -1 25 36 72 62 54 26 23 75 31 4 74 29 -1 1 -1 -1 49 80 48 57 14 15 83 35 9 76 28 24 68 44 64 6 78 13 66 71 77 30 45 82 -1 21 51 61 27
65878 -1 25 36 72 62 23 26 14 54 64 4 13 85 -1 1 -1 -1 57 80 48 24 74 15 83 28 9 76 45 30 68 44 51 6 78 31 77 71 75 35 66 82 -1 21 29 61 27
65978 -1 25 36 72 62 23 26 14 54 64 4 13 85 -1 1 86 -1 57 80 48 24 74 15 83 28 9 76 45 30 68 44 51 6 78 31 77 71 75 35 66 82 -1 21 29 61 27
66525 -1 25 36 72 62 14 26 74 23 64 4 31 85 -1 1 86 -1 57 80 48 24 13 15 83 28 9 76 45 30 68 44 51 6 78 87 75 71 54 35 77 82 -1 21 29 61 27
66525 -1 25 36 72 62 14 26 74 23 64 4 31 85 -1 1 86 -1 57 80 48 24 13 15 83 28 9 76 45 30 68 44 51 6 78 87 75 71 54 35 77 82 -1 21 29 61 27
66862 -1 25 36 82 62 14 26 74 23 64 4 31 85 -1 1 86 -1 72 80 48 57 13 15 83 28 9 35 45 24 68 44 51 6 89 87 75 71 54 30 77 78 -1 21 29 61 27
66876 -1 25 36 82 62 14 26 74 23 64 4 31 85 -1 1 86 -1 72 80 48 57 13 15 83 28 9 35 77 24 68 44 51 6 89 87 75 71 54 30 90 78 -1 21 29 61 27
66876 -1 25 36 82 62 14 26 74 23 64 4 31 85 -1 1 86 -1 72 80 48 57 13 15 83 28 9 35 77 24 68 44 51 6 89 87 75 71 54 30 90 78 -1 21 29 61 27
66876 -1 25 36 82 62 14 26 74 23 64 4 31 85 -1 1 86 -1 72 80 48 57 13 15 83 28 9 35 77 24 68 44 51 6 89 87 75 71 54 30 90 78 -1 21 29 61 27
66876 -1 25 36 82 62 14 26 74 23 64 4 31 85 -1 1 86 -1 72 80 48 57 13 15 83 28 9 35 77 24 68 44 51 6 89 87 75 71 54 30 90 78 -1 21 29 61 27
67098 -1 94 36 78 80 14 26 74 23 64 4 31 85 -1 1 86 -1 82 25 48 72 13 15 83 35 9 30 28 57 62 44 51 6 68 87 75 71 54 24 77 89 -1 21 29 61 27
67465 -1 94 36 78 80 14 26 95 23 87 44 13 29 -1 1 86 -1 82 25 48 72 74 27 83 35 15 30 28 57 62 9 64 85 68 31 75 71 54 24 77 89 -1 4 51 61 6
67465 -1 94 36 78 80 14 26 95 23 87 44 13 29 -1 1 86 -1 82 25 48 72 74 27 83 35 15 30 28 57 62 9 64 85 68 31 75 71 54 24 77 89 -1 4 51 61 6
67465 -1 94 36 78 80 14 26 95 23 87 44 13 29 -1 1 86 -1 82 25 48 72 74 27 83 35 15 30 28 57 62 9 64 85 68 31 75 71 54 24 77 89 -1 4 51 61 6
67465 -1 94 36 78 80 14 26 95 23 87 44 13 29 -1 1 86 -1 82 25 48 72 74 27 83 35 15 30 28 57 62 9 64 85 68 31 75 71 54 24 77 89 -1 4 51 61 6
67465 -1 94 36 78 80 14 26 95 23 87 44 13 29 -1 1 86 -1 82 25 48 72 74 27 83 35 15 30 28 57 62 9 64 85 68 31 75 71 54 24 77 89 -1 4 51 61 6
67465 -1 94 36 78 80 14 26 95 23 87 44 13 29 -1 1 86 -1 82 25 48 72 74 27 83 35 15 30 28 57 62 9 64 85 68 31 75 71 54 24 77 89 -1 4 51 61 6
67714 -1 25 26 82 62 95 1 74 14 64 4 31 85 -1 86 48 -1 72 80 94 57 13 15 83 28 9 35 77 24 68 44 51 6 89 87 54 71 23 30 75 78 -1 101 29 61 27
67990 -1 25 26 78 62 95 1 74 14 64 4 31 85 -1 86 48 -1 82 80 94 72 13 15 83 35 9 30 77 57 68 44 51 6 102 87 54 71 23 24 75 89 -1 101 29 61 27
67990 -1 25 26 78 62 95 1 74 14 64 4 31 85 -1 86 48 -1 82 80 94 72 13 15 83 35 9 30 77 57 68 44 51 6 102 87 54 71 23 24 75 89 -1 101 29 61 27
67990 -1 25 26 78 62 95 1 74 14 64 4 31 85 -1 86 48 -1 82 80 94 72 13 15 83 35 9 30 77 57 68 44 51 6 102 87 54 71 23 24 75 89 -1 101 29 61 27
68009 -1 94 61 89 80 95 26 74 14 64 4 31 85 -1 1 86 -1 78 25 48 82 13 15 83 35 9 24 77 72 62 44 51 6 68 87 54 71 23 57 75 102 -1 101 29 105 27
68009 -1 94 61 89 80 95 26 74 14 64 4 31 85 -1 1 86 -1 78 25 48 82 13 15 83 35 9 24 77 72 62 44 51 6 68 87 54 71 23 57 75 102 -1 101 29 105 27
68009 -1 94 61 89 80 95 26 74 14 64 4 31 85 -1 1 86 -1 78 25 48 82 13 15 83 35 9 24 77 72 62 44 51 6 68 87 54 71 23 57 75 102 -1 101 29 105 27
68009 -1 94 61 89 80 95 26 74 14 64 4 31 85 -1 1 86 -1 78 25 48 82 13 15 83 35 9 24 77 72 62 44 51 6 68 87 54 71 23 57 75 102 -1 101 29 105 27
68009 -1 94 61 89 80 95 26 74 14 64 4 31 85 -1 1 86 -1 78 25 48 82 13 15 83 35 9 24 77 72 62 44 51 6 68 87 54 71 23 57 75 102 -1 101 29 105 27
68009 -1 94 61 89 80 95 26 74 14 64 4 31 85 -1 1 86 -1 78 25 48 82 13 15 83 35 9 24 77 72 62 44 51 6 68 87 54 71 23 57 75 102 -1 101 29 105 27
68082 -1 25 26 89 111 95 1 74 14 64 4 31 85 -1 86 48 -1 78 80 94 82 13 15 83 35 9 24 77 72 62 44 51 6 68 87 54 71 23 57 75 102 -1 101 29 61 27
68082 -1 25 26 89 111 95 1 74 14 64 4 31 85 -1 86 48 -1 78 80 94 82 13 15 83 35 9 24 77 72 62 44 51 6 68 87 54 71 23 57 75 102 -1 101 29 61 27
68082 -1 25 26 89 111 95 1 74 14 64 4 31 85 -1 86 48 -1 78 80 94 82 13 15 83 35 9 24 77 72 62 44 51 6 68 87 54 71 23 57 75 102 -1 101 29 61 27
68082 -1 25 26 89 111 95 1 74 14 64 4 31 85 -1 86 48 -1 78 80 94 82 13 15 83 35 9 24 77 72 62 44 51 6 68 87 54 71 23 57 75 102 -1 101 29 61 27
68082 -1 25 26 89 111 95 1 74 14 64 4 31 85 -1 86 48 -1 78 80 94 82 13 15 83 35 9 24 77 72 62 44 51 6 68 87 54 71 23 57 75 102 -1 101 29 61 27
68082 -1 25 26 89 111 95 1 74 14 64 4 31 85 -1 86 48 -1 78 80 94 82 13 15 83 35 9 24 77 72 62 44 51 6 68 87 54 71 23 57 75 102 -1 101 29 61 27
68082 -1 25 26 89 111 95 1 74 14 64 4 31 85 -1 86 48 -1 78 80 94 82 13 15 83 35 9 24 77 72 62 44 51 6 68 87 54 71 23 57 75 102 -1 101 29 61 27
68082 -1 25 26 89 111 95 1 74 14 64 4 31 85 -1 86 48 -1 78 80 94 82 13 15 83 35 9 24 77 72 62 44 51 6 68 87 54 71 23 57 75 102 -1 101 29 61 27
68740 -1 25 26 89 111 74 1 13 95 51 4 87 6 -1 86 48 -1 78 80 94 82 31 15 83 77 9 24 75 72 62 44 29 119 68 64 23 71 14 57 54 102 -1 101 85 61 27
68740 -1 25 26 89 111 74 1 13 95 51 4 87 6 -1 86 48 -1 78 80 94 82 31 15 83 77 9 24 75 72 62 44 29 119 68 64 23 71 14 57 54 102 -1 101 85 61 27
68740 -1 25 26 89 111 74 1 13 95 51 4 87 6 -1 86 48 -1 78 80 94 82 31 15 83 77 9 24 75 72 62 44 29 119 68 64 23 71 14 57 54 102 -1 101 85 61 27
68740 -1 25 26 89 111 74 1 13 95 51 4 87 6 -1 86 48 -1 78 80 94 82 31 15 83 77 9 24 75 72 62 44 29 119 68 64 23 71 14 57 54 102 -1 101 85 61 27
68813 -1 25 26 89 111 74 1 13 95 51 4 87 6 61 86 48 -1 78 80 94 82 31 15 123 77 9 24 75 72 62 44 29 119 68 64 23 71 14 57 54 102 -1 101 85 83 27
