29637 -1 -1 -1 -1 -1 -1 -1 -1 -1 -1 -1 -1 -1 -1 -1 -1 -1 -1 -1 -1 -1 -1 -1 -1 -1 -1 -1 -1 -1 -1 -1 -1 -1 -1 -1 -1 -1 -1 -1 -1 -1 -1 -1 -1 -1 -1 -1 -1 -1 -1 -1 -1 -1 -1 -1 -1 -1 -1 -1 -1
29637 -1 -1 -1 -1 -1 -1 -1 -1 -1 -1 -1 -1 -1 -1 -1 -1 -1 -1 -1 -1 -1 -1 -1 -1 -1 -1 -1 -1 -1 -1 -1 -1 -1 -1 -1 -1 -1 -1 -1 -1 -1 -1 -1 -1 -1 -1 -1 -1 -1 -1 -1 -1 -1 -1 -1 -1 -1 -1 -1 -1
29932 -1 -1 -1 -1 -1 -1 -1 -1 -1 -1 -1 -1 -1 -1 -1 -1 -1 -1 -1 -1 -1 -1 -1 -1 -1 -1 -1 1 -1 -1 -1 -1 -1 -1 -1 -1 -1 -1 -1 -1 -1 -1 -1 -1 -1 -1 -1 -1 -1 -1 -1 -1 -1 -1 -1 -1 -1 -1 -1 -1
32349 -1 -1 -1 -1 -1 -1 -1 -1 -1 -1 -1 -1 -1 -1 -1 -1 -1 -1 -1 -1 -1 -1 2 -1 -1 -1 -1 1 -1 -1 -1 -1 -1 -1 -1 -1 -1 -1 -1 -1 -1 -1 -1 -1 -1 -1 -1 -1 -1 -1 -1 -1 -1 -1 -1 -1 -1 -1 -1 -1
33045 -1 -1 -1 -1 -1 -1 -1 -1 -1 -1 -1 -1 -1 -1 -1 -1 -1 -1 -1 -1 -1 -1 2 -1 -1 3 -1 1 -1 -1 -1 -1 -1 -1 -1 -1 -1 -1 -1 -1 -1 -1 -1 -1 -1 -1 -1 -1 -1 -1 -1 -1 -1 -1 -1 -1 -1 -1 -1 -1
33212 -1 -1 -1 -1 -1 -1 -1 -1 -1 -1 -1 -1 -1 -1 -1 -1 -1 -1 -1 -1 -1 -1 2 -1 -1 3 4 1 -1 -1 -1 -1 -1 -1 -1 -1 -1 -1 -1 -1 -1 -1 -1 -1 -1 -1 -1 -1 -1 -1 -1 -1 -1 -1 -1 -1 -1 -1 -1 -1
35878 -1 -1 -1 -1 -1 -1 -1 -1 -1 -1 2 -1 -1 -1 -1 -1 -1 -1 -1 -1 -1 -1 5 -1 -1 3 4 1 -1 -1 -1 -1 -1 -1 -1 -1 -1 -1 -1 -1 -1 -1 -1 -1 -1 -1 -1 -1 -1 -1 -1 -1 -1 -1 -1 -1 -1 -1 -1 -1
37212 -1 -1 -1 -1 -1 -1 -1 -1 -1 -1 6 -1 -1 -1 -1 -1 -1 -1 -1 -1 -1 -1 2 -1 -1 3 4 1 -1 -1 -1 -1 -1 -1 -1 -1 -1 -1 -1 -1 -1 5 -1 -1 -1 -1 -1 -1 -1 -1 -1 -1 -1 -1 -1 -1 -1 -1 -1 -1
38940 -1 -1 -1 -1 -1 -1 -1 -1 -1 -1 6 -1 -1 -1 -1 -1 -1 -1 -1 -1 -1 -1 7 -1 -1 3 4 1 -1 -1 -1 -1 -1 -1 -1 -1 -1 -1 -1 -1 -1 2 -1 -1 -1 5 -1 -1 -1 -1 -1 -1 -1 -1 -1 -1 -1 -1 -1 -1
40732 -1 -1 -1 -1 -1 -1 -1 -1 -1 -1 8 -1 -1 -1 -1 -1 -1 -1 -1 -1 -1 -1 7 -1 -1 3 4 1 -1 -1 -1 -1 -1 -1 -1 -1 -1 -1 -1 -1 -1 2 -1 -1 -1 5 -1 -1 -1 -1 -1 6 -1 -1 -1 -1 -1 -1 -1 -1
41270 -1 -1 -1 -1 -1 -1 -1 -1 -1 -1 8 -1 -1 -1 9 -1 -1 -1 -1 -1 -1 -1 7 -1 -1 3 4 1 -1 -1 -1 -1 -1 -1 -1 -1 -1 -1 -1 -1 -1 2 -1 -1 -1 5 -1 -1 -1 -1 -1 6 -1 -1 -1 -1 -1 -1 -1 -1
42996 -1 -1 -1 -1 -1 -1 -1 -1 -1 -1 7 -1 8 -1 9 -1 -1 -1 -1 -1 -1 -1 2 -1 -1 3 4 1 -1 -1 -1 -1 -1 -1 -1 -1 -1 -1 -1 -1 -1 5 -1 -1 -1 10 -1 -1 -1 -1 -1 6 -1 -1 -1 -1 -1 -1 -1 -1
45143 -1 -1 -1 -1 -1 -1 -1 -1 -1 -1 2 -1 8 -1 9 -1 -1 -1 -1 7 -1 -1 11 -1 -1 3 4 1 -1 -1 -1 -1 -1 -1 -1 -1 -1 -1 -1 -1 -1 5 -1 -1 -1 10 -1 -1 -1 -1 -1 6 -1 -1 -1 -1 -1 -1 -1 -1
46772 -1 -1 -1 -1 -1 -1 -1 -1 -1 -1 2 -1 8 -1 9 -1 -1 -1 -1 7 -1 -1 12 -1 -1 3 4 1 -1 -1 -1 -1 -1 -1 -1 -1 -1 -1 -1 -1 -1 11 -1 -1 -1 5 -1 -1 -1 -1 -1 6 -1 -1 -1 -1 -1 -1 -1 10
47801 -1 -1 -1 -1 -1 -1 -1 -1 -1 -1 2 -1 8 -1 9 -1 -1 -1 -1 7 -1 -1 12 -1 -1 13 4 1 -1 3 -1 -1 -1 -1 -1 -1 -1 -1 -1 -1 -1 11 -1 -1 -1 5 -1 -1 -1 -1 -1 6 -1 -1 -1 -1 -1 -1 -1 10
48632 -1 -1 -1 -1 -1 -1 -1 -1 -1 -1 2 -1 8 -1 9 -1 -1 -1 -1 7 -1 -1 12 -1 -1 13 4 1 -1 3 -1 -1 -1 -1 -1 -1 -1 -1 -1 -1 -1 11 -1 -1 14 5 -1 -1 -1 -1 -1 6 -1 -1 -1 -1 -1 -1 -1 10
48782 -1 -1 -1 -1 -1 -1 -1 -1 -1 -1 2 -1 8 -1 15 -1 -1 -1 -1 7 -1 -1 12 -1 -1 13 4 1 -1 14 -1 -1 -1 -1 -1 -1 -1 -1 -1 -1 -1 11 -1 -1 9 5 -1 -1 -1 -1 -1 6 -1 3 -1 -1 -1 -1 -1 10
50668 -1 -1 -1 -1 -1 -1 -1 -1 -1 -1 16 -1 7 -1 15 -1 -1 -1 -1 2 -1 -1 12 -1 -1 6 4 1 9 3 -1 -1 -1 -1 -1 -1 -1 -1 -1 -1 -1 11 -1 -1 14 5 -1 -1 -1 -1 -1 8 -1 13 -1 -1 -1 -1 -1 10
52326 -1 -1 -1 -1 -1 -1 -1 -1 -1 -1 16 -1 7 -1 15 -1 -1 -1 -1 2 -1 -1 12 -1 17 6 4 1 9 3 -1 -1 -1 -1 -1 -1 -1 -1 -1 -1 -1 11 -1 -1 14 5 -1 -1 -1 -1 -1 8 -1 13 -1 -1 -1 -1 -1 10
54385 -1 -1 -1 -1 -1 -1 -1 -1 -1 -1 12 -1 7 -1 15 -1 -1 -1 -1 2 -1 -1 18 -1 16 6 4 1 9 3 -1 -1 -1 -1 -1 -1 -1 -1 -1 -1 -1 11 -1 17 14 5 -1 -1 -1 -1 -1 8 -1 13 -1 -1 -1 -1 -1 10
54681 -1 -1 -1 -1 -1 -1 -1 -1 -1 -1 12 -1 7 -1 19 -1 -1 -1 -1 2 -1 -1 18 -1 16 6 4 1 9 3 -1 -1 -1 -1 -1 -1 -1 -1 -1 -1 -1 11 -1 17 14 5 -1 -1 -1 -1 -1 8 -1 13 -1 -1 -1 -1 -1 10
56280 -1 -1 -1 -1 -1 -1 -1 -1 -1 -1 20 -1 7 -1 19 -1 -1 -1 -1 2 -1 -1 18 -1 12 6 17 1 9 3 -1 -1 -1 -1 -1 -1 -1 -1 -1 -1 -1 11 -1 16 14 5 -1 -1 -1 -1 -1 8 -1 13 -1 -1 -1 -1 -1 10
57643 -1 -1 -1 -1 -1 -1 -1 -1 -1 -1 18 -1 2 -1 19 -1 -1 -1 -1 17 -1 -1 11 -1 20 8 16 1 14 13 -1 -1 -1 -1 -1 -1 -1 -1 -1 9 -1 5 -1 12 3 10 -1 -1 -1 -1 -1 7 -1 6 -1 -1 -1 -1 -1 21
58933 -1 -1 -1 -1 -1 -1 -1 -1 -1 -1 11 -1 17 -1 19 -1 -1 -1 -1 16 -1 -1 22 -1 18 7 12 1 3 6 -1 -1 -1 -1 -1 -1 -1 -1 9 14 -1 5 -1 20 13 10 -1 -1 -1 -1 -1 2 -1 8 -1 -1 -1 -1 -1 21
59823 -1 -1 -1 -1 -1 -1 -1 -1 -1 -1 11 -1 17 -1 19 -1 -1 -1 -1 16 -1 -1 22 -1 18 7 12 1 3 6 -1 -1 -1 -1 -1 -1 -1 9 14 23 -1 5 -1 20 13 10 -1 -1 -1 -1 -1 2 -1 8 -1 -1 -1 -1 -1 21
60366 -1 -1 -1 -1 -1 -1 -1 -1 -1 -1 11 -1 17 -1 19 -1 -1 -1 -1 16 -1 -1 22 6 18 7 12 1 24 13 -1 -1 -1 -1 -1 -1 -1 9 14 23 -1 5 -1 20 3 10 -1 -1 -1 -1 -1 2 -1 8 -1 -1 -1 -1 -1 21
60366 -1 -1 -1 -1 -1 -1 -1 -1 -1 -1 11 -1 17 -1 19 -1 -1 -1 -1 16 -1 -1 22 6 18 7 12 1 24 13 -1 -1 -1 -1 -1 -1 -1 9 14 23 -1 5 -1 20 3 10 -1 -1 -1 -1 -1 2 -1 8 -1 -1 -1 -1 -1 21
60402 -1 -1 -1 24 -1 -1 -1 -1 -1 -1 11 -1 17 -1 19 -1 -1 -1 -1 16 -1 -1 22 6 18 7 12 1 26 13 -1 -1 -1 -1 -1 -1 -1 9 14 23 -1 5 -1 20 3 10 -1 -1 -1 -1 -1 2 -1 8 -1 -1 -1 -1 -1 21
60550 -1 -1 -1 24 -1 -1 27 -1 -1 -1 11 -1 17 -1 19 -1 -1 -1 -1 16 -1 -1 22 6 18 7 12 1 26 13 -1 -1 -1 -1 -1 -1 -1 9 14 23 -1 5 -1 20 3 10 -1 -1 -1 -1 -1 2 -1 8 -1 -1 -1 -1 -1 21
62187 -1 -1 -1 24 -1 -1 27 -1 -1 -1 11 -1 17 -1 19 -1 -1 -1 -1 16 -1 -1 22 6 20 7 12 1 26 13 -1 -1 -1 -1 -1 -1 18 9 14 23 -1 5 -1 28 3 10 -1 -1 -1 -1 -1 2 -1 8 -1 -1 -1 -1 -1 21
63413 -1 -1 -1 24 -1 -1 27 -1 -1 -1 11 -1 29 -1 19 -1 -1 -1 -1 17 -1 -1 22 6 28 7 16 1 26 13 -1 -1 -1 -1 -1 -1 20 9 14 23 -1 5 -1 12 3 10 -1 -1 -1 -1 18 2 -1 8 -1 -1 -1 -1 -1 21
64506 -1 -1 -1 26 -1 -1 27 -1 -1 -1 11 -1 29 -1 19 -1 -1 -1 -1 17 -1 -1 22 6 28 7 16 1 3 30 -1 -1 -1 -1 -1 -1 20 9 14 24 -1 5 -1 12 13 10 -1 -1 -1 -1 18 2 -1 8 -1 23 -1 -1 -1 21
65316 -1 -1 -1 3 -1 -1 27 -1 -1 -1 11 -1 29 -1 19 -1 -1 -1 -1 17 -1 -1 22 31 28 7 16 1 13 6 -1 -1 -1 -1 -1 -1 20 9 14 24 -1 5 -1 12 30 10 -1 -1 -1 -1 18 2 -1 8 -1 23 -1 -1 -1 21
65560 -1 -1 -1 24 -1 -1 27 -1 -1 -1 11 -1 2 -1 19 -1 -1 -1 -1 29 -1 -1 22 6 28 8 17 1 3 30 -1 -1 -1 -1 16 -1 20 9 14 32 -1 5 -1 12 13 10 -1 -1 -1 -1 18 7 -1 31 -1 23 -1 -1 -1 21
67225 -1 -1 -1 24 -1 -1 27 -1 6 -1 22 -1 29 -1 19 -1 -1 -1 -1 17 -1 -1 33 31 20 7 16 1 3 30 -1 -1 -1 -1 12 -1 18 9 14 32 -1 5 -1 28 13 10 -1 -1 -1 -1 11 2 -1 8 -1 23 -1 -1 -1 21
67713 -1 -1 -1 24 32 -1 27 -1 6 -1 22 -1 29 -1 19 -1 -1 -1 -1 17 -1 -1 33 31 20 7 16 1 3 30 -1 -1 -1 -1 12 -1 18 9 34 23 -1 5 -1 28 13 10 -1 -1 -1 -1 11 2 -1 8 -1 14 -1 -1 -1 21
69070 -1 -1 -1 24 32 -1 27 -1 31 -1 22 -1 29 -1 19 -1 -1 -1 -1 17 -1 -1 33 8 20 7 16 30 3 6 -1 -1 -1 -1 12 -1 18 9 34 23 -1 5 -1 28 13 10 -1 -1 -1 -1 11 2 -1 35 -1 14 -1 -1 -1 21
69070 -1 -1 -1 24 32 -1 27 -1 31 -1 22 -1 29 -1 19 -1 -1 -1 -1 17 -1 -1 33 8 20 7 16 30 3 6 -1 -1 -1 -1 12 -1 18 9 34 23 -1 5 -1 28 13 10 -1 -1 -1 -1 11 2 -1 35 -1 14 -1 -1 -1 21
69336 28 -1 -1 24 32 -1 27 -1 6 -1 22 -1 2 -1 19 -1 -1 -1 -1 29 -1 -1 33 31 20 35 17 30 3 37 -1 -1 -1 -1 16 -1 18 9 34 23 -1 5 -1 12 13 10 -1 -1 -1 -1 11 7 -1 8 -1 14 -1 -1 -1 21
69336 28 -1 -1 24 32 -1 27 -1 6 -1 22 -1 2 -1 19 -1 -1 -1 -1 29 -1 -1 33 31 20 35 17 30 3 37 -1 -1 -1 -1 16 -1 18 9 34 23 -1 5 -1 12 13 10 -1 -1 -1 -1 11 7 -1 8 -1 14 -1 -1 -1 21
69587 28 -1 -1 24 32 -1 27 -1 37 -1 22 -1 2 -1 19 -1 -1 -1 -1 29 -1 -1 33 6 20 8 17 13 3 30 -1 -1 -1 -1 16 -1 18 9 34 23 -1 5 -1 12 39 10 -1 -1 -1 -1 11 35 -1 31 -1 14 -1 -1 7 21
70305 28 -1 -1 24 32 -1 27 -1 37 -1 22 -1 2 -1 19 -1 -1 -1 -1 29 -1 -1 33 6 20 35 17 13 3 30 -1 -1 -1 -1 16 31 18 9 34 23 -1 5 -1 12 39 10 -1 -1 -1 -1 11 7 -1 8 -1 14 -1 -1 40 21
70935 28 -1 -1 3 24 -1 27 -1 37 -1 22 -1 2 -1 19 -1 -1 -1 34 29 -1 -1 33 6 20 35 17 41 39 30 -1 -1 -1 -1 16 31 18 9 14 32 -1 5 -1 12 13 10 -1 -1 -1 -1 11 7 -1 8 -1 23 -1 -1 40 21
72280 12 -1 -1 3 24 -1 27 -1 37 11 22 -1 2 -1 19 -1 -1 -1 34 42 -1 -1 33 6 28 35 29 41 39 30 -1 -1 -1 -1 17 31 20 9 14 32 -1 5 -1 16 13 10 -1 -1 -1 -1 18 7 -1 8 -1 23 -1 -1 40 21
73801 12 -1 -1 3 24 -1 27 -1 37 22 43 -1 2 -1 19 -1 -1 -1 34 42 28 -1 33 6 20 35 29 41 39 30 -1 -1 -1 -1 17 31 18 9 14 32 -1 5 -1 16 13 10 -1 -1 -1 -1 11 7 -1 8 -1 23 -1 -1 40 21
73801 12 -1 -1 3 24 -1 27 -1 37 22 43 -1 2 -1 19 -1 -1 -1 34 42 28 -1 33 6 20 35 29 41 39 30 -1 -1 -1 -1 17 31 18 9 14 32 -1 5 -1 16 13 10 -1 -1 -1 -1 11 7 -1 8 -1 23 -1 -1 40 21
73801 12 -1 -1 3 24 -1 27 -1 37 22 43 -1 2 -1 19 -1 -1 -1 34 42 28 -1 33 6 20 35 29 41 39 30 -1 -1 -1 -1 17 31 18 9 14 32 -1 5 -1 16 13 10 -1 -1 -1 -1 11 7 -1 8 -1 23 -1 -1 40 21
74792 28 -1 -1 39 3 -1 27 -1 6 46 43 -1 42 -1 19 -1 -1 -1 34 29 20 -1 33 31 18 7 17 30 13 37 -1 -1 -1 -1 16 8 11 9 14 24 -1 5 -1 12 41 10 -1 -1 -1 -1 22 40 -1 35 -1 32 23 -1 2 21
75932 12 -1 -1 39 3 -1 27 -1 6 46 43 -1 2 -1 19 -1 28 -1 34 42 20 -1 33 31 18 47 29 30 13 37 -1 -1 -1 -1 17 8 11 9 14 24 -1 5 -1 16 41 10 -1 -1 -1 -1 22 7 -1 35 -1 32 23 -1 40 21
75932 12 -1 -1 39 3 -1 27 -1 6 46 43 -1 2 -1 19 -1 28 -1 34 42 20 -1 33 31 18 47 29 30 13 37 -1 -1 -1 -1 17 8 11 9 14 24 -1 5 -1 16 41 10 -1 -1 -1 -1 22 7 -1 35 -1 32 23 -1 40 21
77038 12 -1 -1 13 39 -1 27 -1 31 46 43 -1 2 -1 19 -1 28 -1 34 42 20 -1 33 49 18 47 29 37 41 6 -1 -1 -1 -1 17 8 11 9 14 3 -1 5 -1 16 30 10 -1 -1 -1 -1 22 7 -1 35 -1 24 23 -1 40 21
77929 12 -1 -1 41 13 -1 27 -1 49 46 43 -1 2 -1 24 -1 28 -1 34 42 20 -1 33 8 18 47 29 6 30 31 -1 -1 -1 -1 17 50 11 9 14 39 -1 5 -1 16 37 10 -1 -1 -1 -1 22 7 -1 35 -1 3 23 -1 40 21
77929 12 -1 -1 41 13 -1 27 -1 49 46 43 -1 2 -1 24 -1 28 -1 34 42 20 -1 33 8 18 47 29 6 30 31 -1 -1 -1 -1 17 50 11 9 14 39 -1 5 -1 16 37 10 -1 -1 -1 -1 22 7 -1 35 -1 3 23 -1 40 21
78631 12 -1 -1 52 13 -1 27 -1 31 46 43 49 2 -1 24 -1 28 -1 34 42 20 -1 33 8 18 47 29 37 41 6 -1 -1 -1 -1 17 50 11 9 14 39 -1 5 -1 16 30 10 -1 -1 -1 -1 22 7 -1 35 -1 3 23 -1 40 21
79600 12 -1 -1 52 13 -1 27 -1 49 46 43 8 42 -1 24 -1 28 -1 34 29 20 -1 33 50 18 7 17 6 41 31 -1 -1 -1 -1 16 35 11 9 14 39 -1 5 -1 53 30 10 -1 -1 -1 -1 22 40 -1 47 -1 3 23 -1 2 21
80207 28 -1 -1 52 13 -1 27 -1 8 46 43 50 29 -1 24 -1 54 -1 34 17 20 -1 33 35 18 40 16 6 41 31 -1 -1 -1 -1 53 47 11 9 14 39 -1 5 -1 12 30 10 -1 -1 -1 -1 22 2 -1 7 49 3 23 -1 42 21
80207 28 -1 -1 52 13 -1 27 -1 8 46 43 50 29 -1 24 -1 54 -1 34 17 20 -1 33 35 18 40 16 6 41 31 -1 -1 -1 -1 53 47 11 9 14 39 -1 5 -1 12 30 10 -1 -1 -1 -1 22 2 -1 7 49 3 23 -1 42 21
80268 28 -1 -1 41 52 -1 27 -1 8 46 43 50 29 -1 3 -1 54 -1 34 17 20 -1 33 35 18 40 16 6 30 31 -1 -1 -1 -1 53 47 11 9 14 13 -1 5 -1 12 56 10 -1 -1 -1 -1 22 2 -1 7 49 39 24 23 42 21
81277 28 13 -1 30 41 -1 27 -1 57 46 43 50 29 -1 3 -1 54 -1 34 17 20 -1 33 35 18 40 16 31 56 49 -1 -1 -1 -1 53 47 11 9 14 52 -1 5 -1 12 6 10 -1 -1 -1 -1 22 2 -1 7 8 39 24 23 42 21
81428 28 52 -1 58 30 -1 27 -1 57 46 43 50 29 -1 39 -1 54 -1 34 17 20 -1 33 35 18 40 16 31 56 49 -1 -1 -1 -1 53 47 11 9 14 41 -1 5 -1 12 6 10 -1 -1 -1 23 22 2 -1 7 8 13 3 24 42 21
82723 28 52 -1 58 30 -1 27 -1 50 46 43 35 17 -1 39 -1 54 -1 34 59 20 -1 33 47 18 2 16 49 6 8 -1 -1 -1 -1 53 7 11 9 14 41 -1 5 -1 12 31 10 -1 -1 -1 23 22 42 -1 40 57 13 3 24 29 21
82936 28 41 -1 58 60 -1 27 -1 50 46 43 35 17 -1 13 -1 54 -1 14 59 20 -1 33 47 18 2 16 49 6 8 -1 -1 -1 -1 53 7 11 9 23 30 -1 5 -1 12 31 10 -1 -1 -1 24 22 42 34 40 57 52 39 3 29 21
83533 28 30 -1 6 58 -1 27 -1 35 46 43 47 17 -1 52 -1 54 -1 14 59 20 -1 33 7 18 2 16 8 31 57 -1 -1 -1 -1 53 61 11 9 23 60 -1 5 -1 12 49 10 -1 -1 -1 24 22 42 34 40 50 41 13 39 29 21
83775 28 30 -1 6 58 -1 27 -1 35 46 43 47 17 -1 52 -1 54 -1 62 59 20 -1 33 7 18 2 16 8 31 57 -1 -1 -1 -1 53 61 11 9 14 60 -1 5 -1 12 49 10 -1 -1 -1 23 22 42 34 40 50 41 13 24 29 21
83775 28 30 -1 6 58 -1 27 -1 35 46 43 47 17 -1 52 -1 54 -1 62 59 20 -1 33 7 18 2 16 8 31 57 -1 -1 -1 -1 53 61 11 9 14 60 -1 5 -1 12 49 10 -1 -1 -1 23 22 42 34 40 50 41 13 24 29 21
84815 28 60 -1 31 6 9 27 -1 47 46 43 7 17 -1 41 -1 54 -1 14 59 20 -1 33 61 18 2 16 57 49 50 -1 -1 -1 -1 53 64 11 34 23 58 -1 5 -1 12 8 10 -1 -1 -1 24 22 42 62 40 35 30 52 13 29 21
85541 54 60 -1 49 6 9 27 -1 7 46 43 61 59 31 41 -1 20 -1 14 16 18 -1 33 64 11 42 53 50 8 35 -1 -1 -1 -1 12 40 22 34 23 58 -1 5 -1 28 57 10 -1 -1 -1 24 65 29 62 2 47 30 52 13 17 21
86415 20 60 -1 49 6 9 27 -1 7 66 43 61 16 31 41 -1 18 -1 14 53 11 -1 33 40 22 29 12 50 8 35 -1 -1 -1 -1 28 2 65 34 23 58 -1 5 -1 54 57 10 -1 64 -1 24 46 17 62 42 47 30 52 13 59 21
86423 20 60 -1 49 6 9 27 -1 7 66 43 61 16 31 41 -1 18 -1 14 53 11 -1 33 40 22 29 12 50 8 35 -1 -1 67 -1 28 2 65 34 23 58 -1 5 -1 54 57 10 -1 64 -1 24 46 17 62 42 47 30 52 13 59 21
87210 20 58 -1 8 31 9 27 -1 68 66 43 61 16 49 30 34 18 -1 23 53 11 -1 33 40 22 29 12 35 57 47 -1 -1 67 -1 28 2 65 62 24 6 -1 5 -1 54 50 10 -1 64 -1 13 46 17 14 42 7 60 41 52 59 21
87210 20 58 -1 8 31 9 27 -1 68 66 43 61 16 49 30 34 18 -1 23 53 11 -1 33 40 22 29 12 35 57 47 -1 -1 67 -1 28 2 65 62 24 6 -1 5 -1 54 50 10 -1 64 -1 13 46 17 14 42 7 60 41 52 59 21
87709 20 60 -1 8 31 9 27 -1 68 66 43 61 16 49 41 34 18 -1 70 53 11 -1 33 40 22 29 12 35 57 47 -1 -1 67 -1 28 2 65 62 23 6 -1 5 -1 54 50 10 -1 64 -1 24 46 17 14 42 7 30 52 13 59 21
87709 20 60 -1 8 31 9 27 -1 68 66 43 61 16 49 41 34 18 -1 70 53 11 -1 33 40 22 29 12 35 57 47 -1 -1 67 -1 28 2 65 62 23 6 -1 5 -1 54 50 10 -1 64 -1 24 46 17 14 42 7 30 52 13 59 21
87734 20 60 -1 8 31 34 27 -1 68 66 43 61 16 49 41 62 18 -1 23 53 11 -1 33 40 22 29 12 35 57 47 -1 -1 67 -1 28 2 65 14 24 6 -1 5 -1 54 50 10 -1 64 -1 72 46 17 70 42 7 30 52 13 59 21
87734 20 60 -1 8 31 34 27 -1 68 66 43 61 16 49 41 62 18 -1 23 53 11 -1 33 40 22 29 12 35 57 47 -1 -1 67 -1 28 2 65 14 24 6 -1 5 -1 54 50 10 -1 64 -1 72 46 17 70 42 7 30 52 13 59 21
88370 20 60 -1 8 31 34 27 -1 68 66 43 61 16 49 41 62 18 -1 23 53 11 35 33 40 22 29 12 74 57 47 -1 -1 67 -1 28 2 65 14 24 6 -1 5 -1 54 50 10 -1 64 -1 72 46 17 70 42 7 30 52 13 59 21
88549 20 60 -1 8 31 34 27 -1 68 66 43 61 16 49 41 62 18 -1 75 53 11 35 33 40 22 29 12 74 57 47 -1 -1 67 -1 28 2 65 14 23 6 -1 5 -1 54 50 10 -1 64 -1 24 46 17 70 42 7 30 52 13 59 21
89090 20 60 -1 49 31 34 27 -1 68 66 43 61 16 76 41 62 18 -1 75 53 11 50 33 40 22 29 12 35 8 74 -1 -1 67 -1 28 2 65 14 23 6 -1 5 47 54 57 10 -1 64 -1 24 46 17 70 42 7 30 52 13 59 21
89350 20 60 -1 8 76 34 6 -1 61 66 43 64 16 49 41 62 18 -1 75 53 11 35 33 2 22 29 12 74 57 47 -1 -1 67 -1 28 77 65 14 23 31 -1 5 7 54 50 10 -1 40 -1 24 46 17 70 42 68 30 52 13 59 21
89350 20 60 -1 8 76 34 6 -1 61 66 43 64 16 49 41 62 18 -1 75 53 11 35 33 2 22 29 12 74 57 47 -1 -1 67 -1 28 77 65 14 23 31 -1 5 7 54 50 10 -1 40 -1 24 46 17 70 42 68 30 52 13 59 21
89687 20 60 -1 79 49 34 6 -1 61 66 43 64 16 8 41 62 18 -1 75 53 11 35 33 2 22 29 12 74 57 47 -1 -1 67 -1 28 77 65 14 23 31 76 5 7 54 50 10 -1 40 -1 24 46 17 70 42 68 30 52 13 59 21
89687 20 60 -1 79 49 34 6 -1 61 66 43 64 16 8 41 62 18 -1 75 53 11 35 33 2 22 29 12 74 57 47 -1 -1 67 -1 28 77 65 14 23 31 76 5 7 54 50 10 -1 40 -1 24 46 17 70 42 68 30 52 13 59 21
89687 20 60 -1 79 49 34 6 -1 61 66 43 64 16 8 41 62 18 -1 75 53 11 35 33 2 22 29 12 74 57 47 -1 -1 67 -1 28 77 65 14 23 31 76 5 7 54 50 10 -1 40 -1 24 46 17 70 42 68 30 52 13 59 21
89687 20 60 -1 79 49 34 6 -1 61 66 43 64 16 8 41 62 18 -1 75 53 11 35 33 2 22 29 12 74 57 47 -1 -1 67 -1 28 77 65 14 23 31 76 5 7 54 50 10 -1 40 -1 24 46 17 70 42 68 30 52 13 59 21
89687 20 60 -1 79 49 34 6 -1 61 66 43 64 16 8 41 62 18 -1 75 53 11 35 33 2 22 29 12 74 57 47 -1 -1 67 -1 28 77 65 14 23 31 76 5 7 54 50 10 -1 40 -1 24 46 17 70 42 68 30 52 13 59 21
89808 20 84 -1 79 49 34 6 -1 61 66 43 64 16 8 41 62 18 -1 75 53 11 35 33 2 22 29 12 74 57 47 -1 -1 67 -1 28 77 65 14 23 31 76 5 7 54 50 10 -1 40 -1 24 46 17 70 42 68 30 52 13 59 21
89808 20 84 -1 79 49 34 6 -1 61 66 43 64 16 8 41 62 18 -1 75 53 11 35 33 2 22 29 12 74 57 47 -1 -1 67 -1 28 77 65 14 23 31 76 5 7 54 50 10 -1 40 -1 24 46 17 70 42 68 30 52 13 59 21
89808 20 84 -1 79 49 34 6 -1 61 66 43 64 16 8 41 62 18 -1 75 53 11 35 33 2 22 29 12 74 57 47 -1 -1 67 -1 28 77 65 14 23 31 76 5 7 54 50 10 -1 40 -1 24 46 17 70 42 68 30 52 13 59 21
89808 20 84 -1 79 49 34 6 -1 61 66 43 64 16 8 41 62 18 -1 75 53 11 35 33 2 22 29 12 74 57 47 -1 -1 67 -1 28 77 65 14 23 31 76 5 7 54 50 10 -1 40 -1 24 46 17 70 42 68 30 52 13 59 21
89808 20 84 -1 79 49 34 6 -1 61 66 43 64 16 8 41 62 18 -1 75 53 11 35 33 2 22 29 12 74 57 47 -1 -1 67 -1 28 77 65 14 23 31 76 5 7 54 50 10 -1 40 -1 24 46 17 70 42 68 30 52 13 59 21
90720 18 6 -1 57 8 34 31 -1 64 66 43 40 53 79 30 14 11 -1 23 12 22 74 33 77 65 17 28 47 50 7 -1 -1 62 -1 54 42 46 70 24 76 49 5 68 20 35 10 -1 2 -1 13 89 59 75 29 61 84 41 52 16 21
90720 18 6 -1 57 8 34 31 -1 64 66 43 40 53 79 30 14 11 -1 23 12 22 74 33 77 65 17 28 47 50 7 -1 -1 62 -1 54 42 46 70 24 76 49 5 68 20 35 10 -1 2 -1 13 89 59 75 29 61 84 41 52 16 21
91014 18 31 -1 50 79 34 76 -1 40 66 43 91 53 57 84 14 11 -1 23 12 22 47 33 77 65 17 28 7 35 68 -1 -1 62 -1 54 42 46 70 13 49 8 5 61 20 74 10 -1 2 -1 52 89 59 75 29 64 6 30 41 16 21
91014 18 31 -1 50 79 34 76 -1 40 66 43 91 53 57 84 14 11 -1 23 12 22 47 33 77 65 17 28 7 35 68 -1 -1 62 -1 54 42 46 70 13 49 8 5 61 20 74 10 -1 2 -1 52 89 59 75 29 64 6 30 41 16 21
91014 18 31 -1 50 79 34 76 -1 40 66 43 91 53 57 84 14 11 -1 23 12 22 47 33 77 65 17 28 7 35 68 -1 -1 62 -1 54 42 46 70 13 49 8 5 61 20 74 10 -1 2 -1 52 89 59 75 29 64 6 30 41 16 21
91014 18 31 -1 50 79 34 76 -1 40 66 43 91 53 57 84 14 11 -1 23 12 22 47 33 77 65 17 28 7 35 68 -1 -1 62 -1 54 42 46 70 13 49 8 5 61 20 74 10 -1 2 -1 52 89 59 75 29 64 6 30 41 16 21
91860 18 31 -1 50 79 34 76 -1 91 66 43 2 53 57 84 14 11 -1 23 12 22 47 33 42 65 59 28 7 35 68 -1 -1 62 -1 54 29 46 70 13 49 8 5 61 20 74 10 -1 77 -1 52 89 16 75 17 64 6 30 41 95 21
91860 18 31 -1 50 79 34 76 -1 91 66 43 2 53 57 84 14 11 -1 23 12 22 47 33 42 65 59 28 7 35 68 -1 -1 62 -1 54 29 46 70 13 49 8 5 61 20 74 10 -1 77 -1 52 89 16 75 17 64 6 30 41 95 21
92077 18 76 -1 50 97 34 49 -1 91 66 43 2 53 57 84 14 11 -1 23 12 22 47 33 42 65 59 28 7 35 68 -1 -1 62 -1 54 29 46 70 13 8 79 5 61 20 74 10 -1 77 -1 52 89 16 75 17 64 6 30 41 95 21
92077 18 76 -1 50 97 34 49 -1 91 66 43 2 53 57 84 14 11 -1 23 12 22 47 33 42 65 59 28 7 35 68 -1 -1 62 -1 54 29 46 70 13 8 79 5 61 20 74 10 -1 77 -1 52 89 16 75 17 64 6 30 41 95 21
92784 18 49 -1 35 57 34 8 76 2 66 43 77 12 50 84 14 11 -1 23 28 22 7 33 29 65 16 99 68 74 61 -1 -1 62 -1 54 17 46 70 13 79 97 5 64 20 47 10 -1 42 -1 52 89 95 75 59 91 6 30 41 53 21
92784 18 49 -1 35 57 34 8 76 2 66 43 77 12 50 84 14 11 -1 23 28 22 7 33 29 65 16 99 68 74 61 -1 -1 62 -1 54 17 46 70 13 79 97 5 64 20 47 10 -1 42 -1 52 89 95 75 59 91 6 30 41 53 21
93284 18 49 -1 35 57 34 8 76 2 66 43 77 12 50 84 14 11 -1 23 28 22 7 33 29 65 16 99 68 74 61 -1 -1 62 -1 54 17 46 70 13 79 97 5 64 20 47 10 -1 42 -1 52 89 95 75 59 91 101 30 41 53 21
93284 18 49 -1 35 57 34 8 76 2 66 43 77 12 50 84 14 11 -1 23 28 22 7 33 29 65 16 99 68 74 61 -1 -1 62 -1 54 17 46 70 13 79 97 5 64 20 47 10 -1 42 -1 52 89 95 75 59 91 101 30 41 53 21
93284 18 49 -1 35 57 34 8 76 2 66 43 77 12 50 84 14 11 -1 23 28 22 7 33 29 65 16 99 68 74 61 -1 -1 62 -1 54 17 46 70 13 79 97 5 64 20 47 10 -1 42 -1 52 89 95 75 59 91 101 30 41 53 21
93284 18 49 -1 35 57 34 8 76 2 66 43 77 12 50 84 14 11 -1 23 28 22 7 33 29 65 16 99 68 74 61 -1 -1 62 -1 54 17 46 70 13 79 97 5 64 20 47 10 -1 42 -1 52 89 95 75 59 91 101 30 41 53 21
93768 18 8 -1 74 50 34 79 49 77 66 43 42 12 35 101 14 11 -1 23 28 22 68 33 17 65 16 99 61 47 64 -1 -1 62 -1 54 105 46 70 13 97 57 5 91 20 7 10 -1 29 -1 52 89 95 75 59 2 76 30 41 53 21
94124 106 79 -1 47 35 34 97 8 42 66 43 29 28 74 76 14 11 -1 23 99 22 61 33 105 65 95 54 64 7 91 -1 -1 62 41 20 59 46 70 13 57 50 5 2 18 68 10 -1 17 -1 52 89 53 75 16 77 49 101 30 12 21
94124 106 79 -1 47 35 34 97 8 42 66 43 29 28 74 76 14 11 -1 23 99 22 61 33 105 65 95 54 64 7 91 -1 -1 62 41 20 59 46 70 13 57 50 5 2 18 68 10 -1 17 -1 52 89 53 75 16 77 49 101 30 12 21
94124 106 79 -1 47 35 34 97 8 42 66 43 29 28 74 76 14 11 -1 23 99 22 61 33 105 65 95 54 64 7 91 -1 -1 62 41 20 59 46 70 13 57 50 5 2 18 68 10 -1 17 -1 52 89 53 75 16 77 49 101 30 12 21
94124 106 79 -1 47 35 34 97 8 42 66 43 29 28 74 76 14 11 -1 23 99 22 61 33 105 65 95 54 64 7 91 -1 -1 62 41 20 59 46 70 13 57 50 5 2 18 68 10 -1 17 -1 52 89 53 75 16 77 49 101 30 12 21
94124 106 79 -1 47 35 34 97 8 42 66 43 29 28 74 76 14 11 -1 23 99 22 61 33 105 65 95 54 64 7 91 -1 -1 62 41 20 59 46 70 13 57 50 5 2 18 68 10 -1 17 -1 52 89 53 75 16 77 49 101 30 12 21
94507 106 79 49 47 35 34 97 8 42 66 43 29 28 74 101 14 11 -1 23 99 22 61 33 105 65 95 54 64 7 91 -1 -1 62 41 20 59 46 70 13 57 50 5 2 18 68 10 -1 17 -1 52 89 53 75 16 77 76 111 30 12 21
94507 106 79 49 47 35 34 97 8 42 66 43 29 28 74 101 14 11 -1 23 99 22 61 33 105 65 95 54 64 7 91 -1 -1 62 41 20 59 46 70 13 57 50 5 2 18 68 10 -1 17 -1 52 89 53 75 16 77 76 111 30 12 21
94507 106 79 49 47 35 34 97 8 42 66 43 29 28 74 101 14 11 -1 23 99 22 61 33 105 65 95 54 64 7 91 -1 -1 62 41 20 59 46 70 13 57 50 5 2 18 68 10 -1 17 -1 52 89 53 75 16 77 76 111 30 12 21
94507 106 79 49 47 35 34 97 8 42 66 43 29 28 74 101 14 11 -1 23 99 22 61 33 105 65 95 54 64 7 91 -1 -1 62 41 20 59 46 70 13 57 50 5 2 18 68 10 -1 17 -1 52 89 53 75 16 77 76 111 30 12 21
94507 106 79 49 47 35 34 97 8 42 66 43 29 28 74 101 14 11 -1 23 99 22 61 33 105 65 95 54 64 7 91 -1 -1 62 41 20 59 46 70 13 57 50 5 2 18 68 10 -1 17 -1 52 89 53 75 16 77 76 111 30 12 21
94904 106 79 49 47 35 34 97 8 77 66 43 42 12 74 101 14 11 -1 23 28 22 61 33 17 65 16 99 116 7 64 -1 -1 62 41 20 105 46 70 13 57 50 5 91 18 68 10 -1 29 -1 52 89 95 75 59 2 76 111 30 53 21
94904 106 79 49 47 35 34 97 8 77 66 43 42 12 74 101 14 11 -1 23 28 22 61 33 17 65 16 99 116 7 64 -1 -1 62 41 20 105 46 70 13 57 50 5 91 18 68 10 -1 29 -1 52 89 95 75 59 2 76 111 30 53 21
94904 106 79 49 47 35 34 97 8 77 66 43 42 12 74 101 14 11 -1 23 28 22 61 33 17 65 16 99 116 7 64 -1 -1 62 41 20 105 46 70 13 57 50 5 91 18 68 10 -1 29 -1 52 89 95 75 59 2 76 111 30 53 21
94904 106 79 49 47 35 34 97 8 77 66 43 42 12 74 101 14 11 -1 23 28 22 61 33 17 65 16 99 116 7 64 -1 -1 62 41 20 105 46 70 13 57 50 5 91 18 68 10 -1 29 -1 52 89 95 75 59 2 76 111 30 53 21
94904 106 79 49 47 35 34 97 8 77 66 43 42 12 74 101 14 11 -1 23 28 22 61 33 17 65 16 99 116 7 64 -1 -1 62 41 20 105 46 70 13 57 50 5 91 18 68 10 -1 29 -1 52 89 95 75 59 2 76 111 30 53 21
95636 106 79 49 47 35 34 97 8 121 66 43 42 12 74 101 14 11 -1 23 28 22 61 33 17 65 16 99 116 7 64 -1 -1 62 41 20 105 46 70 13 57 50 5 91 18 68 10 -1 29 -1 52 89 95 75 59 2 76 111 30 53 21
96326 106 97 8 7 74 34 57 79 42 66 43 29 28 47 76 70 11 -1 13 99 22 116 33 105 65 95 20 64 68 91 -1 -1 14 30 18 59 46 75 52 50 35 5 2 122 61 10 -1 17 -1 41 89 53 23 16 121 49 101 111 12 21
96326 106 97 8 7 74 34 57 79 42 66 43 29 28 47 76 70 11 -1 13 99 22 116 33 105 65 95 20 64 68 91 -1 -1 14 30 18 59 46 75 52 50 35 5 2 122 61 10 -1 17 -1 41 89 53 23 16 121 49 101 111 12 21
96326 106 97 8 7 74 34 57 79 42 66 43 29 28 47 76 70 11 -1 13 99 22 116 33 105 65 95 20 64 68 91 -1 -1 14 30 18 59 46 75 52 50 35 5 2 122 61 10 -1 17 -1 41 89 53 23 16 121 49 101 111 12 21
96675 106 97 8 7 74 34 57 79 42 66 43 29 28 47 76 70 11 125 13 99 22 116 33 105 65 95 20 64 68 91 -1 -1 14 30 18 59 46 75 52 50 35 5 2 122 61 10 -1 17 -1 41 89 53 23 16 121 49 101 111 12 21
96675 106 97 8 7 74 34 57 79 42 66 43 29 28 47 76 70 11 125 13 99 22 116 33 105 65 95 20 64 68 91 -1 -1 14 30 18 59 46 75 52 50 35 5 2 122 61 10 -1 17 -1 41 89 53 23 16 121 49 101 111 12 21
96675 106 97 8 7 74 34 57 79 42 66 43 29 28 47 76 70 11 125 13 99 22 116 33 105 65 95 20 64 68 91 -1 -1 14 30 18 59 46 75 52 50 35 5 2 122 61 10 -1 17 -1 41 89 53 23 16 121 49 101 111 12 21
97477 11 57 79 68 47 34 50 97 29 43 33 17 99 7 49 70 22 30 52 20 65 64 5 59 46 53 18 91 61 2 -1 -1 14 111 122 16 89 23 41 35 74 10 121 106 116 128 -1 105 -1 125 66 12 13 95 42 8 76 101 28 21
97477 11 57 79 68 47 34 50 97 29 43 33 17 99 7 49 70 22 30 52 20 65 64 5 59 46 53 18 91 61 2 -1 -1 14 111 122 16 89 23 41 35 74 10 121 106 116 128 -1 105 -1 125 66 12 13 95 42 8 76 101 28 21
97528 11 50 97 61 7 14 35 57 17 43 33 105 99 68 8 23 22 111 41 20 65 91 5 16 46 53 18 2 116 121 -1 -1 70 101 122 130 89 13 125 74 47 10 42 106 64 128 -1 59 -1 30 66 12 52 95 29 79 49 76 28 21
97528 11 50 97 61 7 14 35 57 17 43 33 105 99 68 8 23 22 111 41 20 65 91 5 16 46 53 18 2 116 121 -1 -1 70 101 122 130 89 13 125 74 47 10 42 106 64 128 -1 59 -1 30 66 12 52 95 29 79 49 76 28 21
97528 11 50 97 61 7 14 35 57 17 43 33 105 99 68 8 23 22 111 41 20 65 91 5 16 46 53 18 2 116 121 -1 -1 70 101 122 130 89 13 125 74 47 10 42 106 64 128 -1 59 -1 30 66 12 52 95 29 79 49 76 28 21
97528 11 50 97 61 7 14 35 57 17 43 33 105 99 68 8 23 22 111 41 20 65 91 5 16 46 53 18 2 116 121 -1 -1 70 101 122 130 89 13 125 74 47 10 42 106 64 128 -1 59 -1 30 66 12 52 95 29 79 49 76 28 21
97534 106 57 79 68 47 14 50 97 29 66 43 17 28 7 49 23 11 111 41 99 22 64 33 59 65 95 20 91 61 2 -1 -1 70 134 18 16 46 13 125 35 74 5 121 122 116 10 -1 105 -1 30 89 53 52 130 42 8 76 101 12 128
97671 106 57 79 68 47 135 50 97 29 66 43 17 28 7 49 70 11 111 41 99 22 64 33 59 65 95 20 91 61 2 -1 -1 14 134 18 16 46 23 125 35 74 5 121 122 116 10 -1 105 -1 30 89 53 52 130 42 8 76 101 12 128
97671 106 57 79 68 47 135 50 97 29 66 43 17 28 7 49 70 11 111 41 99 22 64 33 59 65 95 20 91 61 2 -1 -1 14 134 18 16 46 23 125 35 74 5 121 122 116 10 -1 105 -1 30 89 53 52 130 42 8 76 101 12 128
97945 106 57 79 68 47 135 50 97 29 66 43 17 28 7 49 70 11 111 41 99 22 64 33 59 65 95 20 91 61 2 -1 -1 14 137 18 16 46 23 125 35 74 5 121 122 116 10 -1 105 -1 30 89 53 52 130 42 8 76 101 12 128
97945 106 57 79 68 47 135 50 97 29 66 43 17 28 7 49 70 11 111 41 99 22 64 33 59 65 95 20 91 61 2 -1 -1 14 137 18 16 46 23 125 35 74 5 121 122 116 10 -1 105 -1 30 89 53 52 130 42 8 76 101 12 128
98198 11 57 79 68 47 135 50 97 29 43 33 17 99 7 49 70 22 111 41 20 65 64 5 59 46 53 18 91 61 2 -1 -1 14 137 122 16 89 23 125 35 74 10 121 106 116 139 -1 105 -1 30 66 12 52 95 42 8 76 101 28 128
98198 11 57 79 68 47 135 50 97 29 43 33 17 99 7 49 70 22 111 41 20 65 64 5 59 46 53 18 91 61 2 -1 -1 14 137 122 16 89 23 125 35 74 10 121 106 116 139 -1 105 -1 30 66 12 52 95 42 8 76 101 28 128
98590 11 57 8 68 47 135 50 79 29 43 33 17 99 7 76 70 22 111 41 20 65 64 5 59 46 53 18 91 61 2 -1 -1 14 137 122 16 89 23 125 35 74 10 121 106 116 139 -1 105 -1 30 66 12 52 95 42 49 141 101 28 128
98590 11 57 8 68 47 135 50 79 29 43 33 17 99 7 76 70 22 111 41 20 65 64 5 59 46 53 18 91 61 2 -1 -1 14 137 122 16 89 23 125 35 74 10 121 106 116 139 -1 105 -1 30 66 12 52 95 42 49 141 101 28 128
98590 11 57 8 68 47 135 50 79 29 43 33 17 99 7 76 70 22 111 41 20 65 64 5 59 46 53 18 91 61 2 -1 -1 14 137 122 16 89 23 125 35 74 10 121 106 116 139 -1 105 -1 30 66 12 52 95 42 49 141 101 28 128
98590 11 57 8 68 47 135 50 79 29 43 33 17 99 7 76 70 22 111 41 20 65 64 5 59 46 53 18 91 61 2 -1 -1 14 137 122 16 89 23 125 35 74 10 121 106 116 139 -1 105 -1 30 66 12 52 95 42 49 141 101 28 128
98590 11 57 8 68 47 135 50 79 29 43 33 17 99 7 76 70 22 111 41 20 65 64 5 59 46 53 18 91 61 2 -1 -1 14 137 122 16 89 23 125 35 74 10 121 106 116 139 -1 105 -1 30 66 12 52 95 42 49 141 101 28 128
99090 11 57 8 68 47 135 50 79 29 43 33 17 99 7 76 70 22 111 41 20 65 64 5 59 46 53 18 146 61 2 -1 -1 14 137 122 16 89 23 125 35 74 10 121 106 116 139 -1 105 -1 30 66 12 52 95 42 49 141 101 28 128
99640 22 50 8 61 7 135 35 57 17 43 33 105 20 68 76 70 65 111 41 18 46 146 5 16 89 12 122 2 116 121 -1 -1 14 137 106 95 147 23 125 74 47 10 42 11 64 139 -1 59 -1 30 66 28 52 53 29 49 141 101 99 128
99640 22 50 8 61 7 135 35 57 17 43 33 105 20 68 76 70 65 111 41 18 46 146 5 16 89 12 122 2 116 121 -1 -1 14 137 106 95 147 23 125 74 47 10 42 11 64 139 -1 59 -1 30 66 28 52 53 29 49 141 101 99 128
100198 11 50 8 61 7 135 35 57 17 43 33 105 99 68 76 70 65 111 41 20 46 146 5 16 89 12 18 2 116 121 -1 -1 14 137 122 95 147 23 125 74 47 10 42 106 64 139 -1 59 -1 30 66 28 52 53 29 49 141 101 149 128
