46
-31 773
23 543
23 -614
15 -728
15 951
-28 784
16 458
-4 926
-4 985
27 996
25 130
12 992
24 -101
4 -353
19 424
-8 -572
1 -737
20 302
-25 -898
27 848
-26 81
21 -479
30 -353
-10 -692
0 -665
-10 378
3 24
-22 -759
5 -57
-6 -858
27 -330
-18 26
-28 -947
23 -369
5 -97
-29 256
17 -963
4 522
-19 224
-21 -173
-16 133
-25 -976
4 -475
-15 591
31 -286
3 346
3
2 -673 -43
3
1 -596 6
3
1 633 32
3
2 -648 -2
3
2 666 30
3
2 -135 -19
3
2 960 -46
3
2 496 -21
3
2 298 47
3
2 524 59
3
2 -605 0
3
2 274 -15
3
2 271 1
3
2 -278 27
3
2 -765 19
3
2 1016 -63
3
2 -961 10
3
1 853 27
3
2 -882 31
3
2 -76 -58
3
2 564 -61
3
2 552 -32
3
1 728 11
3
2 -542 -29
3
2 -201 -25
3
1 -800 44
3
2 563 -50
3
1 -588 33
3
2 514 -55
3
2 362 -39
3
2 -800 36
3
1 454 24
3
1 966 35
3
2 856 -16
3
1 502 31
3
1 -969 36
3
2 -617 -31
3
2 980 -7
3
1 733 2
3
2 -36 -34
3
2 733 6
3
1 -126 43
3
2 -802 55
3
1 -512 20
3
1 -560 25
3
2 852 -38
3
2 -384 -38
3
2 -618 -25
3
2 490 -56
3
2 -503 -52
3
1 -88 17
3
2 -773 -47
3
1 -470 38
3
2 -500 29
3
2 644 -43
3
2 -823 -48
3
2 -581 -22
3
2 398 57
3
2 -11 -46
3
2 -269 41
3
2 1009 -27
3
2 975 -30
3
2 -942 20
3
2 -703 -19
3
2 -526 38
3
2 -933 -25
3
2 -844 36
3
2 -877 3
3
2 973 40
3
2 -709 3
3
2 -837 36
3
2 810 -49
3
2 -504 54
3
2 -972 -60
3
2 -80 -27
3
1 -438 8
3
1 -170 26
3
2 -172 20
3
1 987 5
3
1 722 11
3
1 -446 26
3
1 -42 23
3
2 134 -61
3
2 126 60
3
2 456 63
3
1 745 1
3
1 170 12
3
2 -315 -31
3
2 714 -47
3
1 685 7
3
2 -672 35
3
2 213 1
3
2 729 -29
3
1 446 20
3
2 -315 38
3
2 -543 23
3
1 877 30
3
2 29 -62
3
1 -891 3
3
2 115 -39
3
2 800 -47
3
2 -696 -33
3
2 -1002 8
3
1 402 22
3
2 -529 9
3
2 -290 2
3
2 680 -45
3
2 676 51
3
1 549 33
3
2 -763 35
3
2 536 12
3
2 414 56
3
2 -147 -44
3
2 12 -9
3
2 1016 10
3
2 760 12
3
2 501 30
3
1 922 23
3
2 -854 -23
3
2 498 -51
3
1 27 26
3
1 136 1
3
2 525 -5
3
