60
29 826
13 577
11 886
17 214
16 328
1 480
13 611
11 814
21 386
31 966
31 135
22 759
25 101
16 735
10 3
2 486
29 974
6 775
4 343
28 243
30 957
19 906
31 29
23 371
30 469
24 29
28 270
19 84
18 130
19 59
5 1012
1 961
1 582
7 772
28 674
23 569
30 713
3 124
5 121
14 131
14 806
31 169
19 945
28 420
18 46
31 182
1 1023
22 994
4 828
5 480
30 731
24 59
3 474
23 136
19 676
10 160
9 424
8 507
24 579
31 393
3
1 381 46
3
1 379 27
3
2 958 48
3
2 413 13
3
1 437 26
3
2 910 61
3
2 480 33
3
2 639 41
3
2 966 36
3
2 521 2
3
2 121 62
3
2 777 56
3
2 379 53
3
2 721 18
3
2 769 6
3
1 212 14
3
2 814 51
3
2 657 49
3
2 923 55
3
1 508 14
3
2 486 55
3
2 13 63
3
2 232 57
3
2 946 9
3
2 584 10
3
1 229 52
3
2 62 11
3
1 759 6
3
2 728 54
3
2 477 49
3
2 930 22
3
2 421 35
3
2 350 10
3
2 652 60
3
2 715 3
3
2 975 39
3
1 294 51
3
2 174 26
3
1 231 13
3
2 406 14
3
2 195 47
3
2 742 19
3
2 776 49
3
2 674 60
3
2 132 7
3
1 944 16
3
2 248 58
3
2 906 40
3
1 502 33
3
2 984 36
3
2 810 38
3
1 465 47
3
2 987 19
3
2 558 52
3
2 124 55
3
1 268 41
3
2 195 29
3
2 990 38
3
2 338 28
3
2 1015 51
3
2 425 28
3
2 521 44
3
2 700 6
3
1 287 2
3
2 958 46
3
2 354 58
3
2 475 60
3
1 590 32
3
2 871 42
3
1 526 43
3
2 984 8
3
2 392 17
3
2 514 12
3
2 79 43
3
2 782 40
3
2 708 9
3
2 800 36
3
2 280 49
3
2 53 23
3
2 622 37
3
1 920 43
3
1 734 42
3
1 527 44
3
2 261 19
3
2 494 32
3
1 325 31
3
2 20 3
3
1 799 1
3
1 579 29
3
2 720 59
3
2 188 19
3
2 432 48
3
1 948 45
3
1 388 33
3
2 61 48
3
2 926 52
3
2 263 7
3
2 595 38
3
1 463 15
3
2 737 55
3
1 920 53
3
2 970 34
3
2 254 21
3
2 311 24
3
2 193 21
3
2 683 50
3
2 440 56
3
1 263 17
3
2 431 24
3
1 997 35
3
2 533 15
3
2 983 24
3
1 8 53
3
2 182 12
3
1 741 27
3
1 132 50
3
2 725 46
3
1 493 28
3
2 234 35
3
1 526 46
3
1 40 42
3
2 1012 49
3
2 800 56
3
2 353 45
3
2 58 18
3
2 998 21
3
2 4 41
3
2 408 22
3
2 758 63
3
2 490 13
3
2 342 52
3
1 209 18
3
2 35 7
3
1 74 42
3
2 636 32
3
2 889 6
3
2 493 9
3
2 910 32
3
2 355 21
3
2 282 63
3
2 664 20
3
2 1009 36
3
1 250 25
3
2 442 15
3
1 743 21
3
1 869 54
3
2 951 47
3
2 690 60
3
1 577 1
3
2 847 55
3
