41
-26 -244
4 1018
-20 -923
-9 498
30 985
7 -757
-30 -229
-5 236
3 -174
7 693
9 275
-20 -218
16 674
-6 -406
-10 -115
0 -233
-2 354
-19 -724
-27 -477
-21 -485
-14 -220
-25 472
26 -192
-7 16
-7 -641
29 -701
-12 258
-9 -188
-29 190
32 878
3 -144
26 227
5 -106
15 153
12 -211
19 -587
14 475
-10 -368
-4 -943
-25 430
18 -667
3
2 610 -26
3
2 -603 10
3
2 340 -49
3
2 709 -10
3
2 407 24
3
2 -465 -59
3
2 740 24
3
1 -321 2
3
2 -550 36
3
2 904 15
3
2 120 -57
3
2 -47 -9
3
1 489 19
3
2 588 -35
3
2 -623 -59
3
1 -794 30
3
2 -664 17
3
2 -964 54
3
1 417 29
3
2 -91 -51
3
2 -754 -38
3
2 -802 35
3
2 -328 -26
3
2 -1016 56
3
2 342 -40
3
1 -459 24
3
2 95 -63
3
1 394 29
3
1 835 36
3
2 474 -40
3
1 -737 4
3
1 886 16
3
2 -895 35
3
2 -617 10
3
2 891 -3
3
2 962 -46
3
2 -355 15
3
2 752 12
3
2 888 6
3
2 16 -31
3
2 64 -20
3
2 -386 40
3
2 -868 -56
3
2 643 21
3
1 638 27
3
2 -994 -35
3
2 586 64
3
2 105 10
3
1 696 23
3
2 727 37
3
2 -918 7
3
2 -383 -21
3
2 505 36
3
2 -631 -42
3
2 827 4
3
1 -412 35
3
2 -199 52
3
2 26 5
3
1 144 12
3
2 990 -23
3
2 -36 -16
3
2 -597 55
3
2 -833 28
3
2 924 10
3
2 983 -62
3
1 -791 32
3
2 663 46
3
2 379 64
3
2 -379 -26
3
2 301 -19
3
2 388 -17
3
2 -569 15
3
1 632 23
3
2 -978 -1
3
2 -656 29
3
2 -326 -25
3
2 -470 3
3
2 10 -25
3
1 194 33
3
1 -247 11
3
1 -74 19
3
2 307 33
3
2 -512 42
3
2 -490 -50
3
2 -258 23
3
2 499 -44
3
2 856 -20
3
2 614 64
3
2 -713 29
3
1 606 17
3
2 -75 25
3
2 794 24
3
1 567 24
3
2 -565 -41
3
2 -652 -60
3
