26
8 153
27 899
21 481
17 797
4 776
22 927
21 865
22 445
5 638
7 780
9 215
12 515
3 399
8 734
8 222
31 912
22 58
18 587
26 35
7 285
10 764
28 734
28 49
26 800
14 128
11 86
3
2 247 24
3
1 645 19
3
2 397 29
3
1 284 18
3
2 45 29
3
2 79 3
3
2 889 62
3
2 598 25
3
2 752 57
3
2 879 35
3
1 197 2
3
1 253 19
3
2 19 42
3
2 423 5
3
2 884 49
3
2 858 64
3
2 93 56
3
1 539 22
3
2 9 60
3
2 164 43
3
2 405 47
3
1 221 3
3
2 484 62
3
2 391 36
3
2 317 23
3
2 846 48
3
2 290 13
3
1 434 2
3
2 859 48
3
1 316 22
3
2 384 39
3
2 284 3
3
1 661 9
3
2 887 45
3
1 221 10
3
2 755 54
3
2 521 23
3
2 405 9
3
1 1006 20
3
2 3 31
3
2 321 30
3
1 110 22
3
2 646 13
3
1 923 18
3
1 339 20
3
1 801 16
3
2 95 25
3
