60
-32 -256
-6 724
17 398
-18 -248
-14 903
21 1007
-7 -29
17 -568
-1 -483
27 -143
-32 507
11 644
-32 628
9 -437
30 392
13 982
-11 642
20 -270
-27 -645
-15 496
3 -916
4 -616
26 -754
-17 -360
-21 -133
-28 -496
-23 113
8 -370
19 616
10 -328
-28 236
17 -905
0 311
3 380
8 868
28 -76
28 330
-25 -993
24 173
-15 -637
1 -831
-15 925
-25 -474
26 535
-21 -252
14 -899
28 861
11 862
-27 -418
-32 837
-26 581
26 913
0 69
27 -539
-7 -408
-4 793
2 -772
8 91
8 224
5 -591
3
1 833 28
3
1 157 34
3
2 816 -6
3
2 116 62
3
2 -147 31
3
2 947 -39
3
2 676 64
3
2 -67 -56
3
2 627 1
3
2 -686 51
3
2 823 61
3
2 -758 33
3
1 -453 6
3
2 -956 43
3
2 -365 -34
3
2 623 41
3
2 48 18
3
2 859 28
3
2 386 -39
3
1 203 6
3
2 -58 -28
3
2 -785 -26
3
2 316 11
3
2 -247 15
3
2 -488 2
3
1 1018 57
3
2 -931 35
3
2 -596 40
3
2 782 -37
3
1 -803 29
3
2 -116 2
3
2 91 50
3
2 -25 16
3
2 -162 -58
3
2 309 -38
3
1 216 16
3
2 -518 8
3
1 320 17
3
1 101 27
3
2 -548 49
3
1 -264 20
3
1 751 21
3
2 201 62
3
2 -317 -24
3
2 -223 38
3
2 -394 36
3
2 -207 61
3
1 385 8
3
2 -319 -6
3
1 -396 21
3
2 -669 37
3
2 -170 -21
3
2 314 5
3
2 -949 52
3
2 -622 -57
3
1 -216 13
3
2 261 -5
3
2 903 11
3
2 -423 38
3
2 138 -56
3
2 246 -63
3
2 297 -63
3
2 -129 -63
3
2 990 10
3
1 420 7
3
2 4 23
3
1 -40 52
3
2 794 -49
3
2 -759 -45
3
1 11 42
3
2 508 -29
3
2 -556 38
3
1 -383 29
3
2 -308 -33
3
2 888 -14
3
2 935 22
3
2 462 48
3
2 286 -63
3
2 -231 53
3
2 -897 -54
3
1 965 10
3
1 -947 37
3
1 -146 58
3
2 -415 14
3
2 371 7
3
1 -461 3
3
2 461 -11
3
2 834 -35
3
2 -486 32
3
2 -339 18
3
2 -634 53
3
2 -615 16
3
2 -496 21
3
2 -406 -58
3
2 131 -19
3
1 0 15
3
2 228 2
3
1 -761 21
3
2 388 42
3
2 -669 -47
3
2 -336 26
3
2 -153 46
3
2 347 -31
3
2 -244 -10
3
2 328 3
3
2 389 49
3
2 874 -51
3
2 -829 -40
3
2 -335 59
3
2 -438 -22
3
2 526 -17
3
2 450 -57
3
2 -591 60
3
2 -180 47
3
2 -269 -11
3
2 -1000 -49
3
2 -272 -1
3
2 326 -54
3
2 -421 54
3
2 -950 41
3
2 -64 -11
3
2 -445 8
3
2 877 41
3
1 -179 26
3
2 590 22
3
1 754 29
3
2 -712 43
3
2 518 49
3
2 609 20
3
2 461 -59
3
1 431 33
3
2 694 -6
3
1 -440 37
3
2 -574 -58
3
2 47 39
3
1 -297 15
3
2 -194 -39
3
2 207 33
3
1 589 30
3
2 -920 27
3
2 876 -6
3
2 357 -54
3
2 -1004 36
3
2 813 -32
3
2 1017 8
3
2 878 55
3
2 -94 3
3
2 903 30
3
1 -415 10
3
2 -884 -51
3
