37
29 786
3 706
11 5
13 22
11 152
30 433
12 94
20 708
25 112
1 420
21 248
24 622
16 500
29 21
4 630
7 640
8 42
1 818
14 557
7 920
5 964
8 464
2 379
19 698
10 51
30 126
10 309
12 889
9 776
13 588
30 979
11 773
28 523
22 41
23 380
1 763
31 264
3
2 352 3
3
2 26 44
3
2 119 42
3
2 427 21
3
2 211 28
3
2 798 25
3
2 1000 29
3
1 498 12
3
2 553 13
3
2 291 12
3
1 493 6
3
2 840 4
3
2 214 58
3
2 908 37
3
2 443 55
3
2 885 21
3
2 258 60
3
2 651 46
3
2 60 22
3
2 429 56
3
1 37 1
3
2 288 44
3
2 646 1
3
1 213 6
3
1 760 11
3
2 1014 59
3
2 333 60
3
2 513 6
3
2 70 1
3
1 407 34
3
2 820 18
3
2 635 49
3
2 901 54
3
2 713 10
3
2 497 1
3
2 464 54
3
2 386 3
3
1 240 3
3
2 523 8
3
2 763 30
3
2 227 17
3
1 430 7
3
1 164 3
3
2 666 24
3
2 795 9
3
2 994 24
3
2 99 25
3
2 416 9
3
2 546 19
3
2 548 14
3
1 851 13
3
1 467 30
3
2 707 64
3
2 168 25
3
2 86 51
3
2 196 21
3
1 488 11
3
2 269 22
3
2 53 55
3
2 931 27
3
1 239 30
3
2 844 64
3
2 307 2
3
2 553 42
3
2 246 63
3
2 908 3
3
2 952 42
3
2 765 54
3
2 586 42
3
2 938 13
3
2 534 59
3
2 626 6
3
2 617 56
3
2 672 32
3
2 430 22
3
2 687 33
3
1 388 9
3
2 656 21
3
2 881 30
3
1 584 0
3
1 314 34
3
2 920 14
3
1 821 36
3
2 723 21
3
2 795 3
3
1 97 31
3
1 873 29
3
2 538 4
3
2 384 52
3
2 464 59
3
2 684 52
3
2 259 11
3
1 31 30
3
2 306 18
3
2 613 44
3
1 173 30
3
