1200
15 -444
-29 229
0 -709
31 -316
-19 -665
4 -535
4 887
15 -599
23 1016
29 155
23 -678
26 -665
-24 483
5 552
32 78
1 691
-2 732
13 -132
-21 -394
-10 865
26 229
24 -19
-7 49
18 1001
-4 -948
-4 -385
32 784
-25 -545
7 752
7 577
4 429
-9 463
16 -374
32 -353
19 395
-9 733
-13 -695
-20 -309
23 607
32 931
17 311
8 82
20 -505
24 824
-3 -456
-28 -461
10 619
-28 109
1 333
-10 -11
-3 781
-29 -185
31 411
-1 -48
-17 197
-20 -860
28 -621
16 65
6 -729
-21 -367
-22 241
-25 -189
15 -826
-17 -431
-15 -323
6 747
-11 792
2 -994
25 67
-22 685
1 -160
-22 772
-21 -953
-19 654
6 -322
25 205
11 -30
5 -758
-19 -64
10 -836
-6 418
-19 582
27 985
-28 364
18 595
30 804
9 874
19 166
-26 365
9 -738
-5 -431
-3 473
3 -518
1 733
24 63
-19 -457
-2 319
-28 -358
-21 -286
-19 307
-6 -482
-13 -793
-7 638
25 824
-26 193
-22 -492
-28 -448
9 -698
10 -815
-10 1013
-9 443
21 241
-32 682
-16 529
-30 -112
-19 -833
14 409
1 -203
10 -203
5 513
28 -831
-11 -248
-7 -509
8 316
-22 112
8 484
2 -676
-6 292
-8 607
19 401
-21 -393
27 -99
3 504
32 -474
24 -706
-32 802
-9 61
23 -767
-10 120
23 788
-2 -659
-28 -750
31 460
6 720
-22 362
19 -487
-7 -336
-18 497
-21 -375
-20 468
21 574
26 -569
5 288
30 698
-13 774
-2 -897
-10 -316
19 829
-29 456
12 -839
19 -405
5 -750
-19 138
-23 -573
-29 282
-3 730
6 -371
-27 -46
-21 -662
-21 324
28 601
-17 227
-18 342
7 428
-3 -982
0 -945
18 -200
-3 -79
27 613
-7 212
32 -244
26 214
-17 -433
23 -187
-26 819
26 -984
13 76
-11 -345
-19 298
-19 704
-15 -840
30 490
22 625
-27 -590
-28 271
20 596
-9 564
13 435
17 -560
-31 572
7 385
27 -370
-27 880
-16 367
-17 -632
-31 1006
-18 -708
9 -463
-3 370
27 131
-16 617
6 -869
-1 0
-17 -737
26 -186
-24 -301
-18 -64
22 659
-11 664
8 457
4 559
-22 609
14 910
25 281
3 -396
13 -128
2 -911
-5 -647
9 -920
-16 -959
29 -524
-28 -908
-2 118
0 227
31 777
-3 -723
23 99
-11 -861
-7 543
14 240
-29 -169
18 367
16 -374
6 -967
26 898
30 -351
-15 911
-30 -215
30 29
3 274
16 -841
0 94
8 -564
-23 267
-27 -836
-31 637
-12 -407
16 475
-30 -812
0 -27
-20 -370
20 459
1 -100
-19 -990
-4 767
-5 -802
20 -653
19 -816
18 573
-2 -726
22 469
-29 -757
-11 915
-15 -720
-25 -774
-13 700
-14 924
20 935
-32 -135
-12 -272
21 252
10 559
12 267
-28 431
-6 -294
-5 -960
-25 -385
-3 237
-15 562
20 -904
3 -718
18 694
-15 -582
11 5
10 548
16 428
15 708
-25 399
25 -808
29 277
20 534
4 -927
23 161
-8 -858
21 -662
2 511
-8 84
-17 876
26 -241
30 -703
24 614
-30 -430
-23 711
-29 247
-7 286
-11 -687
-6 -159
-23 968
-32 -256
-6 724
17 398
-18 -248
-14 903
21 1007
-7 -29
17 -568
-1 -483
27 -143
-32 507
11 644
-32 628
9 -437
30 392
13 982
-11 642
20 -270
-27 -645
-15 496
3 -916
4 -616
26 -754
-17 -360
-21 -133
-28 -496
-23 113
8 -370
19 616
10 -328
-28 236
17 -905
0 311
3 380
8 868
28 -76
28 330
-25 -993
24 173
-15 -637
1 -831
-15 925
-25 -474
26 535
-21 -252
14 -899
28 861
11 862
-27 -418
-32 837
-26 581
26 913
0 69
27 -539
-7 -408
-4 793
2 -772
8 91
8 224
5 -591
-26 833
-29 -44
20 804
-2 816
-32 522
7 -190
-2 -147
-23 476
3 -894
-7 676
-16 299
24 19
5 627
-5 842
-29 -801
-32 823
-12 810
-18 -324
23 -453
-31 462
-19 -416
-32 -365
-20 994
15 383
-15 48
13 -178
32 -32
-11 386
-24 -48
19 -604
19 -58
-9 -817
30 997
-16 316
-14 -649
14 -924
29 -488
-17 -605
27 -667
26 -931
-25 326
15 -272
-17 782
13 888
23 -707
2 -116
-7 503
16 -526
0 -25
-19 1019
-10 -970
-12 309
10 -683
-2 -441
4 -518
18 80
-32 -431
20 101
5 -590
8 -965
-27 -264
-27 -526
-25 35
24 201
26 -239
-5 -153
-32 -223
5 -107
-11 -141
-14 -207
-4 -382
6 -851
5 -319
14 -463
30 239
8 -669
1 -461
5 213
4 314
-17 607
3 97
14 -622
-5 609
-13 1017
-11 261
9 -190
12 683
-18 -423
10 258
-3 -545
-13 246
14 472
19 153
-2 -129
18 -437
22 -995
-6 420
30 -978
24 -808
7 -40
25 -688
-32 -157
2 -759
24 871
-16 -955
25 508
-4 -888
-5 -925
28 -383
7 756
11 -576
-27 888
-30 193
28 -665
-12 462
-20 -651
23 -423
20 -231
-1 -877
11 366
-28 965
-12 -493
-21 -195
17 -146
11 -423
22 650
22 371
-6 -644
32 -88
22 461
29 36
4 -365
-17 -486
-17 480
-26 555
0 -634
-1 -330
13 61
5 -496
18 434
23 -1012
7 131
7 -963
6 434
-5 228
30 -678
-4 -832
-21 388
30 922
-5 391
-10 -336
-16 -589
17 679
0 347
-4 -613
8 -736
30 328
31 294
-14 -605
-19 874
-32 86
-29 398
17 -335
-24 1008
14 -907
19 526
2 -893
29 -372
-30 -591
11 -32
16 -781
17 -269
5 -860
-12 -64
-12 -272
6 718
17 -531
18 -421
29 -660
-16 -280
1 -64
17 -761
-25 695
-7 877
-21 -646
8 949
-5 590
12 680
-22 -320
25 -712
3 -623
20 -779
-22 609
22 28
4 -614
20 431
-24 505
-20 414
-11 -440
-5 -744
13 -937
-4 47
-2 -652
-23 -106
-23 -194
-25 485
4 -813
-29 589
3 555
26 -768
-32 876
-17 -736
-13 -156
-5 -1004
-30 -56
-23 367
26 1017
25 708
17 -395
-32 -94
-26 -217
9 -894
-31 -415
-2 814
7 312
15 82
-26 221
19 -1017
-3 -465
-30 -18
-25 328
-15 23
19 -262
-4 -338
-18 -716
-2 803
4 -554
-29 -939
23 -397
-19 -316
27 -78
-25 -434
29 -377
-4 -817
-22 626
26 686
12 538
-10 -262
-10 -96
-28 -381
-19 1016
28 -721
13 842
-8 6
3 -247
-29 872
4 -545
1 841
-25 -1014
28 796
-3 -299
7 566
-31 655
11 515
16 -296
31 258
-11 -982
18 -867
28 -585
6 816
18 877
30 -134
21 588
23 -79
-1 731
-15 -302
9 663
-24 671
26 -969
-29 -173
7 -730
9 -34
29 -378
32 196
7 287
-8 -772
-18 651
15 471
24 -199
-30 -723
-7 -427
-11 964
-18 -249
14 -496
-9 772
20 -435
21 -73
27 379
27 -858
11 -902
1 -461
26 -943
-7 -531
19 -108
-17 -80
10 -198
-23 -832
14 -784
1 352
2 -251
-18 99
23 -882
20 -644
19 -424
15 72
-18 -23
1 -439
32 313
20 98
-18 861
11 398
15 -489
26 -108
-17 533
26 -504
-13 -681
-24 107
-23 -378
30 495
11 10
-3 -80
27 690
-28 -980
29 -976
16 182
30 -351
-30 -989
-17 145
-19 -64
-9 -854
-15 -578
-16 565
21 -537
-10 -1008
-7 -616
0 -1012
29 -1011
23 -703
-8 -345
30 200
31 255
3 417
12 -991
-32 217
-14 -297
-30 -86
-27 -123
32 703
14 -872
15 -702
-7 745
29 377
11 524
-4 304
9 44
-18 -496
-9 353
13 76
6 -543
31 355
-24 -345
-1 334
-11 -789
-24 -615
22 731
-24 -588
-26 -470
8 -327
30 -25
25 -279
0 992
-14 829
26 -343
27 706
13 -340
-7 835
29 -718
-29 -641
-11 668
-11 -607
-25 -12
-3 825
9 -382
-30 -941
-22 986
-14 -389
-27 565
2 -775
4 -193
0 -152
-8 993
-22 -706
16 -198
8 -721
-2 -42
-13 -181
1 551
20 1000
22 -395
21 -238
21 888
12 520
11 -187
27 138
12 -323
6 -913
-12 668
-7 -81
-32 -406
-23 939
-29 943
-30 -1015
-19 -136
17 -386
16 556
-29 572
13 797
2 -690
31 -700
12 742
26 -567
17 158
-30 770
-14 570
-19 -213
0 -596
28 729
25 175
-4 -602
-20 574
-15 -324
20 -140
-31 701
-8 -454
24 667
15 -1022
-11 116
-30 713
10 -275
-6 737
23 -794
-21 241
0 -446
29 -1009
16 204
-21 954
-5 -826
32 865
-6 -529
3 -636
-3 698
-25 750
16 38
-20 -350
4 -841
-13 -726
6 -497
-18 861
5 -69
-27 -455
-11 -583
-8 527
-13 -737
-14 515
16 -247
-30 -616
-27 781
-29 -273
-9 59
-13 -955
27 276
-9 -368
-25 -116
9 372
17 344
-29 -50
-32 927
28 914
20 -180
-29 972
-30 283
20 536
-15 -536
-30 346
-23 -360
7 790
30 -240
5 -818
4 -623
20 -542
29 -18
-2 -6
-13 -114
-15 -951
6 800
14 -209
-3 889
22 609
-4 79
-6 -124
-18 347
9 -365
32 -450
-12 262
-2 932
25 697
-30 -872
-7 798
17 -450
0 769
-29 380
-30 -105
17 887
-15 86
19 -78
19 -852
15 628
-15 887
13 160
-12 -383
17 869
8 981
5 1004
-21 -989
13 -424
15 -634
27 851
-13 -823
15 277
25 -882
-11 -776
6 980
-22 -391
22 -995
0 967
-28 861
-9 984
-25 295
12 -478
-13 1005
32 -915
-20 592
25 144
8 -374
-24 -457
-23 -918
-18 -941
3 -357
8 -120
-14 -26
3 -682
-4 -392
-31 -909
23 752
24 746
-21 -239
-15 591
18 -233
26 -904
18 -382
27 186
0 -34
13 -726
5 -39
-4 305
-2 512
-20 -766
26 436
-2 22
-32 -501
30 896
-21 -938
5 124
-6 172
-7 271
3 -93
-23 -998
0 -299
-22 -6
-21 -522
30 -403
8 -78
6 621
-3 229
-12 -502
-5 -126
10 -1012
5 -168
7 -699
15 381
-18 306
-9 28
-7 673
-18 -368
32 928
-20 967
-26 123
-25 -132
-8 -290
21 -151
-30 -176
-31 -398
26 195
30 -27
9 -563
5 -420
-31 -896
-16 -438
23 -663
-30 957
26 864
20 -747
-29 763
19 -319
3 754
-23 -831
26 -747
-13 -610
19 765
-10 -543
-32 740
-13 -55
24 -843
0 133
-29 -787
7 808
19 964
-30 -985
-7 -819
-13 152
-3 276
2 513
8 653
-20 -1023
-23 289
25 -429
-2 32
-19 872
19 -464
-25 -268
-14 558
21 363
-22 601
31 -848
16 124
0 229
13 673
7 440
29 -893
17 695
-10 412
-15 424
25 -218
-21 145
-16 765
1 116
-31 929
11 796
-16 -143
16 -224
26 -749
-19 -645
-9 747
29 -799
9 -787
-5 -750
-7 -350
19 -956
-16 -567
32 799
-13 -423
-27 -16
26 -656
4 -12
-7 -809
-20 206
7 -232
27 415
-17 -643
-11 -143
7 -488
26 755
0 -708
-13 643
16 -1013
-15 -565
21 819
-5 -929
-25 711
27 -124
-11 871
19 904
1 -356
30 642
7 -601
13 -381
-29 629
-18 122
-11 173
-10 695
20 669
-23 -227
31 -451
-7 -399
3 -49
6 -864
-7 72
22 -76
-22 -177
13 765
-26 39
30 693
-32 -780
15 588
15 -470
-4 602
13 -635
-18 -363
-24 -269
19 198
27 765
5 1016
22 -626
-14 552
-16 -32
16 -558
-7 163
2 162
26 438
18 -712
-9 -16
-17 167
18 776
19 -713
-26 -957
8 701
-32 867
-7 644
11 607
21 -50
11 975
-13 581
-12 -984
0 -505
-24 -557
24 -66
1 721
7 -712
6 418
-18 -45
32 -404
15 -732
-26 323
21 705
18 -430
11 -33
-16 47
1 657
22 778
19 -459
-12 984
1 161
19 88
-24 -896
2 -439
-26 -34
-16 -285
2 132
29 -855
-26 -569
-30 -45
-18 283
19 -54
24 -423
20 -957
11 -591
-9 641
30 -830
-11 555
4 -814
0 -617
-6 297
0 435
-24 -352
-12 -783
-18 -681
-28 -1010
11 -315
-20 542
5 -340
-18 428
-24 -389
-5 175
17 262
-17 -383
8 -179
-29 649
1 658
30 547
-31 -360
29 -102
9 984
13 610
27 -128
24 -69
29 737
17 138
13 -109
-18 -870
31 19
23 -399
-19 -205
3
1 -554 698
3
2 505 8
3
1 -244 373
3
1 -285 245
3
2 -129 5
3
1 314 208
3
2 673 -59
3
1 -973 700
3
2 717 -42
3
2 830 49
3
2 -970 36
3
1 -660 991
3
2 825 -8
3
2 245 63
3
1 788 992
3
2 -79 20
3
2 304 29
3
2 523 -64
3
2 384 13
3
2 528 1
3
2 -558 -3
3
1 -166 527
3
2 984 -60
3
2 229 47
3
2 -982 8
3
2 -728 -42
3
2 11 -45
3
1 861 397
3
2 -939 54
3
2 -248 -8
3
2 -298 -23
3
2 916 -37
3
1 827 346
3
2 -811 36
3
2 -696 -46
3
2 530 -19
3
2 -917 -15
3
2 -266 -46
3
2 997 -60
3
2 -508 -51
3
2 -366 -26
3
1 964 827
3
2 -762 -64
3
1 402 225
3
2 -933 -38
3
1 631 1103
3
1 -108 791
3
2 229 33
3
2 -397 22
3
2 -65 -7
3
2 216 21
3
1 402 647
3
2 -700 30
3
2 457 58
3
1 -1022 1060
3
2 541 23
3
2 320 54
3
1 -136 445
3
1 544 1186
3
2 -626 -24
3
1 -310 228
3
1 -343 596
3
2 -832 64
3
2 -952 -48
3
2 -488 -58
3
2 888 44
3
2 119 46
3
1 -639 704
3
2 910 49
3
1 640 874
3
2 93 33
3
2 438 8
3
2 591 47
3
2 302 -3
3
2 -540 -59
3
2 -819 41
3
1 -417 1092
3
2 -979 -32
3
2 -739 37
3
2 -606 22
3
1 -647 696
3
2 892 10
3
1 -198 795
3
2 -7 42
3
1 -639 855
3
2 -555 37
3
2 -752 2
3
2 115 -14
3
2 373 -5
3
2 -459 59
3
2 67 -40
3
2 -408 -40
3
1 -180 925
3
2 -591 -41
3
2 991 -43
3
2 493 37
3
1 -685 1099
3
1 649 556
3
2 782 17
3
2 -399 10
3
2 -718 -56
3
2 429 47
3
2 920 -4
3
2 321 30
3
2 -43 -63
3
2 -200 -12
3
1 -968 1102
3
2 821 -13
3
1 89 163
3
2 -316 -43
3
2 -488 29
3
1 -563 941
3
1 -162 1065
3
2 6 -56
3
2 445 -35
3
1 5 711
3
2 -334 -29
3
2 -812 -13
3
2 -289 -42
3
2 71 55
3
2 832 16
3
2 -499 -6
3
1 -232 598
3
2 427 37
3
2 -648 -25
3
2 605 -31
3
2 -954 -24
3
1 -890 1182
3
2 -89 61
3
1 693 309
3
2 544 -5
3
2 796 -52
3
2 -684 -54
3
1 -926 1173
3
2 -635 -11
3
2 658 -7
3
2 -319 -9
3
2 75 -60
3
2 -925 21
3
2 357 52
3
2 -494 47
3
1 -893 686
3
2 -890 54
3
2 377 -60
3
2 -159 39
3
1 507 301
3
2 333 -39
3
1 -1018 225
3
1 -770 34
3
2 787 62
3
2 -886 -4
3
2 166 -14
3
1 881 246
3
1 -508 561
3
2 -1014 -48
3
1 -261 325
3
2 821 13
3
2 763 -4
3
2 -811 20
3
2 -917 -58
3
1 625 1004
3
2 261 -27
3
2 836 15
3
2 -894 -50
3
2 290 44
3
2 169 -52
3
2 936 -24
3
1 -289 834
3
2 -357 -54
3
2 -706 -30
3
1 -979 369
3
1 -134 392
3
2 425 7
3
1 -706 663
3
2 -75 43
3
2 -915 30
3
2 -671 32
3
2 479 -63
3
1 -21 3
3
1 133 66
3
1 -321 514
3
2 -731 -42
3
2 -933 -56
3
2 -557 2
3
1 -111 284
3
2 414 60
3
2 -267 30
3
2 716 -33
3
1 -485 981
3
2 443 1
3
2 532 59
3
2 -616 -16
3
2 843 -50
3
1 -400 782
3
1 395 457
3
2 -581 -31
3
1 428 34
3
2 770 -32
3
2 158 -23
3
1 -229 717
3
1 -72 645
3
1 161 207
3
2 -687 -40
3
2 -142 -49
3
2 576 -18
3
2 -655 39
3
1 -140 568
3
2 936 58
3
1 -20 849
3
2 -982 -33
3
2 -279 -62
3
2 -282 -16
3
2 -186 -11
3
2 -410 -29
3
2 -488 -20
3
2 1006 -61
3
2 388 -26
3
2 977 42
3
2 926 36
3
2 263 -48
3
2 455 -31
3
2 -15 -56
3
2 -738 63
3
2 153 -64
3
1 722 1023
3
2 850 -41
3
2 469 20
3
2 7 -16
3
2 233 5
3
2 -742 -13
3
2 -587 -24
3
2 113 -52
3
2 496 20
3
1 -638 683
3
2 666 31
3
2 888 33
3
2 396 57
3
2 -950 -13
3
2 -164 -54
3
2 683 -29
3
1 -414 2
3
2 876 -62
3
2 684 52
3
2 361 -27
3
2 521 -13
3
2 676 0
3
1 807 255
3
1 279 741
3
2 -958 -52
3
2 73 -42
3
2 -466 62
3
2 -69 37
3
2 223 12
3
2 -327 -7
3
2 -542 -28
3
2 -212 31
3
2 1001 57
3
1 -534 726
3
2 -712 41
3
2 189 -28
3
2 913 -15
3
1 874 414
3
2 184 -64
3
1 363 301
3
2 -763 -22
3
2 -992 30
3
1 -973 832
3
2 714 50
3
2 -978 62
3
2 -580 12
3
2 31 40
3
2 -584 -60
3
2 -524 -51
3
2 -642 62
3
2 -66 60
3
1 -837 621
3
2 283 21
3
2 -1022 -25
3
1 649 154
3
2 753 -17
3
1 386 473
3
2 107 46
3
1 -153 415
3
1 853 1035
3
2 -788 -27
3
2 16 -10
3
2 1006 10
3
2 107 11
3
2 -140 -62
3
1 576 216
3
1 395 39
3
2 231 -30
3
2 444 64
3
2 707 16
3
1 -155 16
3
2 -343 61
3
2 687 24
3
1 -85 68
3
2 -410 -27
3
2 -754 -58
3
2 865 21
3
2 -645 47
3
2 -747 24
3
1 549 716
3
2 -473 -33
3
2 730 46
3
2 248 -6
3
2 -100 -8
3
2 715 -41
3
1 779 357
3
2 -180 21
3
2 786 25
3
2 710 18
3
2 462 -15
3
2 383 -1
3
2 -315 -55
3
2 945 14
3
1 -466 295
3
2 682 5
3
2 662 5
3
1 -975 1044
3
2 778 33
3
2 -1022 39
3
2 218 -46
3
2 594 -12
3
2 974 -64
3
2 1015 -59
3
2 893 -64
3
2 9 32
3
1 3 1140
3
2 -392 -16
3
2 202 52
3
2 627 49
3
2 648 57
3
2 816 -32
3
2 143 56
3
2 -639 52
3
2 -260 -1
3
2 669 -47
3
2 302 57
3
2 -584 30
3
1 -119 342
3
2 -79 48
3
2 247 -10
3
2 808 -30
3
2 961 35
3
2 393 -57
3
2 -976 14
3
2 -538 62
3
1 851 105
3
2 267 -40
3
2 -190 10
3
2 -769 -1
3
2 -441 32
3
2 -13 -11
3
2 84 43
3
2 824 -62
3
2 661 64
3
2 487 20
3
1 -713 909
3
2 137 -64
3
2 596 8
3
1 353 294
3
2 547 -37
3
1 801 843
3
2 395 -34
3
1 496 129
3
2 -560 41
3
2 -471 8
3
1 406 896
3
2 838 20
3
1 -786 547
3
2 539 31
3
2 123 -59
3
2 262 49
3
2 739 1
3
2 466 11
3
2 350 -29
3
1 950 96
3
1 191 996
3
2 -563 7
3
2 -21 63
3
2 90 52
3
1 538 282
3
2 -656 -47
3
2 -942 -2
3
2 788 22
3
2 -276 10
3
2 -401 -46
3
2 -637 -46
3
2 353 -30
3
2 144 8
3
1 -669 83
3
2 -709 16
3
2 -965 60
3
2 -636 9
3
2 -351 28
3
1 -128 606
3
1 -525 821
3
1 -989 961
3
1 421 721
3
2 959 14
3
2 350 -6
3
1 669 488
3
2 -9 -23
3
1 114 610
3
1 -273 249
3
1 833 683
3
2 196 -23
3
1 -210 556
3
2 318 -63
3
2 -318 13
3
1 421 800
3
1 64 44
3
1 -339 988
3
2 -932 62
3
1 -94 991
3
2 -112 48
3
1 -238 1057
3
2 -872 -46
3
2 934 -61
3
2 -101 -26
3
2 -761 3
3
2 -691 -34
3
2 -86 64
3
2 -937 42
3
2 -806 -50
3
2 -44 25
3
2 196 -12
3
2 -97 -28
3
2 -378 24
3
2 -224 33
3
2 299 -43
3
2 3 -33
3
1 70 660
3
2 1003 59
3
1 355 72
3
2 -98 -37
3
1 988 307
3
2 -290 -15
3
1 -555 1040
3
2 -514 -32
3
2 27 -7
3
1 -48 893
3
2 -676 -62
3
2 -659 9
3
2 96 34
3
1 469 665
3
2 -677 -6
3
1 520 489
3
1 113 1104
3
2 -451 -42
3
1 263 1077
3
2 982 -12
3
1 1014 318
3
2 -238 -46
3
1 386 361
3
2 542 -57
3
2 186 42
3
1 28 841
3
2 -32 28
3
2 -882 40
3
2 -186 11
3
1 -718 80
3
2 -427 45
3
1 245 1094
3
2 -260 -14
3
2 973 -35
3
2 -250 6
3
2 -895 17
3
1 799 232
3
2 691 37
3
1 -708 503
3
2 -811 -43
3
2 -177 -33
3
2 518 43
3
2 -409 18
3
2 -814 -26
3
2 -229 19
3
1 671 945
3
2 867 47
3
2 -551 53
3
2 -963 3
3
1 408 1085
3
2 956 45
3
2 -865 -44
3
2 854 -22
3
2 -161 -4
3
2 -295 9
3
2 639 3
3
1 -406 214
3
1 -900 1047
3
2 -189 -35
3
2 -506 39
3
2 503 -62
3
2 875 20
3
1 -170 952
3
1 -330 51
3
2 -169 -23
3
1 -450 625
3
1 -18 460
3
2 -637 61
3
2 435 9
3
2 -72 -6
3
2 -409 45
3
2 -239 40
3
1 443 339
3
1 -821 920
3
1 789 1044
3
1 947 950
3
2 -702 27
3
2 295 -47
3
2 826 -40
3
2 -585 -20
3
1 -456 568
3
2 -392 59
3
2 791 -26
3
2 -152 -15
3
2 -307 9
3
2 -994 -11
3
1 475 381
3
2 -917 -19
3
2 589 -35
3
1 -830 168
3
2 -559 -40
3
2 368 -53
3
2 -759 5
3
2 1012 -30
3
2 -283 42
3
2 -204 -10
3
2 -736 19
3
2 -873 -31
3
1 -741 153
3
2 -416 -53
3
2 30 -37
3
2 -838 0
3
2 -184 16
3
2 386 43
3
1 -461 975
3
1 112 739
3
2 -20 -25
3
2 -25 22
3
2 -118 -46
3
1 12 19
3
2 294 -59
3
1 -753 506
3
2 578 57
3
2 978 37
3
2 296 36
3
1 274 926
3
2 -593 48
3
2 -807 57
3
2 253 31
3
1 -923 140
3
2 983 6
3
2 289 54
3
1 -77 385
3
1 664 599
3
2 -574 -34
3
1 23 135
3
2 203 -50
3
2 -259 -45
3
2 -698 -19
3
2 -319 56
3
2 462 53
3
1 -886 1164
3
1 945 300
3
2 -374 -19
3
1 664 178
3
2 12 49
3
1 857 860
3
2 103 -61
3
2 288 -40
3
2 269 -7
3
1 57 58
3
2 460 -2
3
1 212 1008
3
1 -109 644
3
1 -550 1025
3
2 209 0
3
2 394 58
3
2 -590 12
3
2 36 -31
3
2 -36 23
3
2 -705 -29
3
2 -475 22
3
2 -83 26
3
2 -630 -48
3
2 85 -47
3
2 -48 -60
3
1 530 240
3
2 -540 -4
3
2 -954 -30
3
2 -388 -9
3
2 -184 64
3
2 630 34
3
1 -367 392
3
2 -183 -39
3
2 296 -24
3
2 -827 1
3
2 -979 5
3
2 -328 -21
3
2 205 32
3
2 -118 -54
3
2 1023 27
3
1 -415 87
3
2 -385 38
3
2 -725 34
3
2 507 -58
3
1 -826 984
3
2 -929 0
3
2 592 -51
3
2 -439 -48
3
2 -401 50
3
2 672 63
3
2 -488 19
3
2 -258 4
3
2 767 -29
3
2 420 -55
3
2 -191 56
3
2 -600 50
3
2 233 29
3
2 745 53
3
2 -531 12
3
2 114 -32
3
2 -576 34
3
1 -948 240
3
2 -345 16
3
2 539 -28
3
2 -50 -50
3
1 -377 793
3
2 -398 62
3
2 -439 49
3
2 -808 51
3
2 425 -43
3
2 -838 -30
3
2 108 -26
3
1 -706 460
3
2 -933 -50
3
2 446 18
3
2 44 -27
3
2 518 16
3
2 409 22
3
1 -722 330
3
1 -201 167
3
2 -432 40
3
2 660 59
3
2 767 32
3
2 656 -14
3
1 747 1131
3
1 -176 40
3
1 361 433
3
1 542 592
3
2 88 42
3
2 -509 -5
3
2 -110 -40
3
2 709 28
3
2 999 47
3
1 415 717
3
2 522 -20
3
2 244 58
3
2 -284 7
3
2 78 -45
3
2 890 14
3
2 -193 34
3
1 -183 647
3
2 -433 22
3
1 -321 540
3
2 471 -7
3
2 496 -33
3
1 -311 889
3
2 142 6
3
2 325 59
3
2 -890 38
3
2 -129 -24
3
2 360 -11
3
2 -881 44
3
1 -631 74
3
1 853 387
3
2 641 38
3
2 503 58
3
2 776 41
3
2 796 59
3
2 -942 -11
3
2 -767 -63
3
2 -723 -55
3
1 -410 29
3
2 -142 58
3
1 -459 1145
3
1 592 842
3
2 972 5
3
2 411 39
3
2 -862 -13
3
2 -208 -26
3
2 -836 -35
3
1 647 525
3
1 985 579
3
2 769 5
3
2 703 -23
3
1 232 587
3
2 -148 -54
3
2 789 -55
3
2 -401 51
3
1 706 688
3
1 657 1080
3
2 -164 16
3
2 -373 31
3
2 -339 41
3
1 331 339
3
2 -70 -53
3
2 -903 53
3
1 385 179
3
2 -42 3
3
2 -362 59
3
2 -1005 3
3
2 -691 -51
3
2 -653 51
3
2 234 8
3
1 291 189
3
2 597 21
3
1 206 161
3
2 90 -44
3
1 -364 506
3
2 543 -30
3
2 -472 61
3
2 877 30
3
1 629 115
3
1 792 51
3
2 -426 -24
3
2 -785 10
3
2 971 -4
3
2 -941 -55
3
2 416 2
3
2 542 10
3
2 -882 49
3
1 -125 528
3
2 -425 -1
3
1 917 1033
3
2 -536 -10
3
2 -866 53
3
2 367 3
3
2 725 -43
3
2 -432 12
3
2 -74 -23
3
2 927 -24
3
2 -996 51
3
2 124 -25
3
2 562 -16
3
2 -987 6
3
2 380 -58
3
2 137 -10
3
2 -487 54
3
2 136 16
3
1 -408 1067
3
1 986 554
3
1 260 697
3
2 -174 -46
3
2 -197 -53
3
2 468 58
3
1 372 314
3
1 265 647
3
2 607 -64
3
2 968 -32
3
2 739 -50
3
2 463 -29
3
2 794 1
3
1 -441 725
3
2 -83 4
3
1 -801 1119
3
2 456 40
3
2 259 7
3
2 -1024 -6
3
2 918 15
3
1 -495 751
3
2 811 27
3
2 639 -38
3
2 44 60
3
2 685 -19
3
2 -462 16
3
2 740 -24
3
2 -453 -4
3
1 194 1190
3
2 -367 -40
3
2 49 -35
3
2 -1017 -9
3
2 -528 35
3
2 -786 -48
3
2 83 18
3
2 859 -13
3
2 472 -36
3
2 -194 -23
3
1 664 828
3
2 577 13
3
2 -1022 -60
3
2 -834 43
3
2 580 -36
3
2 940 17
3
2 318 53
3
1 -857 471
3
2 -314 -55
3
2 -669 5
3
2 -640 -20
3
2 -738 49
3
2 467 34
3
1 -80 46
3
2 -546 38
3
2 -802 38
3
2 -805 -14
3
1 -895 542
3
1 515 779
3
2 579 -58
3
2 -644 -33
3
2 113 -32
3
2 436 -55
3
2 -141 -56
3
1 -72 262
3
2 -910 -27
3
2 -368 -26
3
1 101 302
3
2 -182 -2
3
2 -233 -45
3
2 780 17
3
1 957 1094
3
2 877 12
3
1 30 450
3
1 -883 132
3
2 767 -4
3
2 799 63
3
2 554 19
3
1 -313 365
3
2 959 16
3
2 -399 -1
3
2 609 23
3
1 169 806
3
2 799 -15
3
2 -143 -50
3
2 -643 -60
3
1 -477 420
3
2 574 -46
3
1 -435 1032
3
2 -941 -18
3
2 148 -15
3
1 651 167
3
2 -345 -32
3
1 671 134
3
2 -541 -32
3
2 558 7
3
2 496 -6
3
2 956 -42
3
2 500 61
3
2 -540 -38
3
1 -862 209
3
2 314 -30
3
2 361 49
3
2 -358 -4
3
2 748 29
3
2 748 27
3
1 -616 125
3
1 528 513
3
2 -901 -55
3
2 -93 9
3
2 324 -41
3
2 464 -12
3
1 935 57
3
1 -655 612
3
2 80 -34
3
1 -591 279
3
2 -748 15
3
2 668 -12
3
1 133 809
3
2 797 57
3
2 -329 13
3
2 487 -35
3
1 -200 378
3
2 -688 15
3
2 -818 55
3
2 -106 -60
3
1 -556 92
3
2 376 20
3
2 574 21
3
2 -1000 6
3
2 236 -21
3
2 347 -24
3
1 159 114
3
2 545 -51
3
1 -903 487
3
2 -362 43
3
2 865 -16
3
2 627 29
3
2 -548 59
3
2 -487 -54
3
1 -821 188
3
1 -714 764
3
2 -726 55
3
2 -947 52
3
2 16 -5
3
2 195 42
3
2 535 -1
3
2 -736 -61
3
2 123 41
3
2 -339 56
3
1 723 558
3
1 930 1059
3
2 259 -53
3
2 556 25
3
1 -402 218
3
2 152 3
3
2 575 26
3
1 -713 168
3
2 249 -11
3
2 -62 -30
3
2 939 1
3
2 926 -11
3
1 247 139
3
1 -939 966
3
2 -550 16
3
1 510 1100
3
2 856 32
3
1 839 533
3
1 -962 11
3
2 539 -12
3
2 246 -4
3
1 923 634
3
2 -194 -43
3
2 -756 -8
3
1 339 1038
3
2 544 19
3
2 56 48
3
1 -593 94
3
2 -600 17
3
1 156 1178
3
1 824 66
3
1 -434 1176
3
2 -127 -24
3
2 979 56
3
1 -145 826
3
2 -829 -38
3
2 -409 38
3
1 666 710
3
2 658 -54
3
2 -697 5
3
2 638 63
3
2 -33 39
3
1 -761 296
3
2 752 -23
3
1 -532 123
3
2 -553 44
3
2 -849 3
3
2 971 11
3
1 623 1005
3
2 -293 -45
3
2 -214 48
3
2 -430 40
3
2 -532 26
3
2 -713 26
3
1 -705 760
3
1 344 206
3
2 -96 -9
3
2 80 33
3
2 -745 59
3
2 -99 28
3
2 637 48
3
2 752 51
3
2 835 54
3
2 -777 -40
3
2 -544 18
3
2 877 53
3
2 96 -24
3
2 800 -4
3
2 71 35
3
2 616 -33
3
2 -313 -18
3
1 -27 445
3
2 416 -18
3
2 -259 1
3
2 751 33
3
2 -160 -54
3
2 -471 -29
3
1 1017 1149
3
2 -873 -45
3
2 119 11
3
2 625 -41
3
2 -593 39
3
2 -380 -30
3
2 220 -37
3
2 493 -22
3
2 246 42
3
1 849 1074
3
1 668 703
3
2 296 -28
3
1 524 267
3
2 228 62
3
2 45 16
3
2 215 16
3
2 36 51
3
2 -758 8
3
2 363 -46
3
2 690 13
3
1 832 768
3
2 -973 -16
3
2 -555 39
3
2 -373 43
3
1 -227 358
3
2 880 4
3
2 -221 30
3
1 -716 799
3
2 659 -11
3
2 669 21
3
2 894 37
3
2 -213 16
3
2 575 -45
3
2 815 58
3
2 -918 -47
3
1 929 728
3
1 -682 878
3
1 103 746
3
2 190 -44
3
2 338 -28
3
2 -141 -44
3
2 445 7
3
2 855 31
3
2 76 -4
3
2 -128 36
3
1 800 23
3
1 -1021 1146
3
2 77 -13
3
1 -248 612
3
1 926 1024
3
2 193 46
3
2 433 49
3
1 674 745
3
2 -665 5
3
2 -371 31
3
2 -720 -18
3
2 -832 54
3
1 -415 857
3
2 -187 6
3
2 513 29
3
1 -721 500
3
2 78 29
3
2 650 59
3
2 -993 56
3
2 574 13
3
2 -689 -59
3
2 245 49
3
1 645 758
3
2 -411 -36
3
2 -685 20
3
2 -350 56
3
1 -60 986
3
2 -908 31
3
1 10 1188
3
2 209 60
3
2 585 44
3
2 -112 -24
3
2 684 50
3
2 1000 52
3
2 -437 55
3
2 -138 2
3
1 -473 853
3
2 -1008 -57
3
2 467 -64
3
1 -299 1138
3
2 933 14
3
1 883 831
3
2 255 64
3
2 682 7
3
2 -70 2
3
2 -466 12
3
1 -201 496
3
2 802 -47
3
2 -906 -37
3
1 -682 923
3
2 -2 -7
3
2 -66 -49
3
2 -631 64
3
2 999 -10
3
2 -712 14
3
2 212 -54
3
2 347 52
3
2 145 -60
3
1 -278 1069
3
2 113 -63
3
2 -523 -23
3
2 449 62
3
2 867 -34
3
2 390 46
3
2 19 39
3
2 341 55
3
2 193 33
3
2 -898 53
3
2 -355 -21
3
1 240 1018
3
2 75 -56
3
1 596 530
3
2 -901 33
3
2 961 33
3
1 -818 555
3
2 349 -44
3
1 924 653
3
1 -831 82
3
2 1007 -33
3
2 -102 21
3
1 794 524
3
2 -403 46
3
2 -176 -62
3
2 846 2
3
2 -949 49
3
1 385 413
3
2 964 16
3
1 622 712
3
2 -1007 13
3
1 -105 432
3
2 882 -43
3
2 -620 -30
3
2 -64 -54
3
2 344 11
3
2 -543 35
3
2 -144 -24
3
1 344 693
3
2 91 -51
3
2 248 59
3
2 -52 -62
3
2 -570 -7
3
2 819 -26
3
2 101 -21
3
2 471 -9
3
2 -695 -36
3
2 -117 -49
3
2 -8 -28
3
2 -979 -39
3
1 235 1
3
2 -992 -24
3
1 -667 429
3
2 -555 4
3
2 989 38
3
2 -310 -42
3
2 1006 -57
3
2 -623 -23
3
2 -203 -8
3
1 -354 846
3
2 -967 47
3
2 -1000 34
3
2 467 -30
3
2 -808 -4
3
1 702 888
3
2 836 -56
3
1 -575 104
3
2 -488 -39
3
2 -584 -56
3
2 -7 35
3
2 311 -17
3
2 -920 46
3
2 -679 -46
3
1 -47 109
3
2 -767 47
3
1 -690 736
3
1 144 1092
3
1 -1010 314
3
2 -684 10
3
2 -935 -14
3
2 -693 -55
3
2 789 -52
3
2 -554 36
3
2 -267 -27
3
2 -441 -43
3
2 424 -47
3
2 482 -15
3
2 -286 51
3
2 59 64
3
2 289 64
3
2 -974 45
3
2 -600 -11
3
2 -100 -20
3
2 993 42
3
1 845 27
3
2 -866 43
3
2 -743 -64
3
1 -386 638
3
2 229 28
3
2 5 -13
3
1 472 1008
3
1 -620 400
3
1 419 684
3
2 -677 10
3
2 -880 -5
3
1 -959 394
3
2 -66 14
3
2 918 19
3
2 983 -11
3
2 469 22
3
2 1002 15
3
2 864 -21
3
2 -180 46
3
2 -636 -63
3
2 767 61
3
2 514 52
3
2 565 47
3
2 377 -40
3
1 690 313
3
2 537 1
3
2 208 -10
3
2 -247 -34
3
2 -916 -3
3
1 -873 162
3
2 873 -3
3
2 558 3
3
2 387 -37
3
2 131 -18
3
2 426 64
3
1 478 246
3
1 -735 609
3
2 -690 -7
3
2 -8 -32
3
2 -319 53
3
2 -763 40
3
1 -684 678
3
2 -529 44
3
2 -876 -16
3
2 219 21
3
1 664 895
3
2 929 -27
3
1 991 68
3
2 691 -49
3
1 359 1185
3
2 385 60
3
1 511 656
3
2 -798 -43
3
2 608 50
3
1 -528 1088
3
1 -956 893
3
2 -652 16
3
2 593 -14
3
2 -30 -45
3
2 660 -40
3
2 -770 46
3
2 650 10
3
2 867 30
3
2 782 22
3
2 -1013 15
3
2 -1017 17
3
2 223 -18
3
2 434 35
3
2 -560 -26
3
2 306 -40
3
2 665 -34
3
2 -760 -33
3
2 -43 41
3
1 751 259
3
2 -791 -45
3
1 672 870
3
2 169 -64
3
2 678 18
3
2 -908 28
3
2 -313 -21
3
2 261 -27
3
2 174 -3
3
2 451 -26
3
2 -732 37
3
1 307 1115
3
2 479 -25
3
1 876 133
3
2 846 41
3
1 -41 102
3
2 744 47
3
1 789 10
3
1 861 25
3
2 -441 -25
3
2 -200 -24
3
2 829 60
3
1 96 1051
3
1 171 533
3
2 -774 -7
3
1 770 1148
3
2 657 -59
3
1 -294 882
3
2 -907 -59
3
2 -406 14
3
1 143 1134
3
2 -559 44
3
2 283 -23
3
1 -245 111
3
2 589 25
3
2 388 -34
3
2 805 -33
3
2 -9 -64
3
1 -257 460
3
2 234 -41
3
2 -133 -17
3
2 -555 -61
3
2 -724 -49
3
1 -163 1064
3
2 981 34
3
2 479 -8
3
2 -686 53
3
1 -744 745
3
2 68 -9
3
1 562 1101
3
2 -727 -6
3
1 -926 722
3
2 -744 53
3
2 428 -41
3
2 -313 60
3
2 869 27
3
2 647 -12
3
2 -323 -35
3
2 -286 -16
3
2 -149 51
3
2 194 -15
3
2 886 -7
3
2 855 46
3
1 896 942
3
2 -772 12
3
2 -1000 4
3
2 -425 61
3
2 223 -59
3
2 -603 31
3
2 425 49
3
2 -555 8
3
2 -605 -43
3
2 746 18
3
2 725 -58
3
1 192 351
3
2 642 -22
3
2 503 -37
3
2 -910 -53
3
2 -243 47
3
2 -1015 61
3
2 410 59
3
2 231 -46
3
2 596 -35
3
1 761 584
3
1 128 7
3
2 -592 -4
3
2 -528 15
3
1 452 1180
3
1 -22 1017
3
2 -701 -24
3
2 316 -47
3
2 661 27
3
2 197 -20
3
1 -222 704
3
1 -212 1034
3
2 479 -12
3
1 -686 377
3
2 990 -31
3
2 96 -49
3
2 -386 11
3
1 -32 587
3
2 -420 -5
3
2 -620 -4
3
2 -397 -47
3
1 461 232
3
2 97 -59
3
2 178 49
3
2 182 -27
3
2 -288 -16
3
2 -452 47
3
2 724 29
3
1 65 754
3
1 -150 976
3
1 -348 190
3
1 230 884
3
1 175 314
3
2 -591 60
3
2 475 -52
3
2 753 3
3
1 733 165
3
1 225 288
3
2 -456 33
3
2 890 53
3
2 -153 -3
3
1 805 404
3
1 -36 846
3
2 366 0
3
2 810 -3
3
1 -785 412
3
2 -226 -9
3
2 52 -59
3
2 -1007 -4
3
2 786 63
3
2 -312 -40
3
2 425 -55
3
2 -640 -30
3
2 174 25
3
2 -539 -35
3
1 -36 244
3
1 -655 69
3
2 738 46
3
1 257 832
3
2 527 22
3
2 375 30
3
2 -35 -44
3
2 38 43
3
2 257 -62
3
2 -481 22
3
2 -165 51
3
1 -89 1199
3
2 -547 -15
3
2 -288 -36
3
2 743 -29
3
2 362 12
3
2 979 -6
3
2 323 -36
3
2 921 22
3
1 65 384
3
2 -412 -14
3
1 -781 293
3
2 -756 -52
3
2 -285 -59
3
1 -376 788
3
1 781 663
3
2 314 -58
3
2 696 -18
3
1 774 921
3
1 -813 1104
3
1 -507 19
3
1 -393 1013
3
2 411 30
3
2 -429 50
3
2 927 15
3
2 -627 3
3
1 -106 1058
3
2 918 -34
3
1 -79 255
3
2 746 0
3
2 350 -1
3
2 -919 52
3
2 947 47
3
2 791 10
3
2 374 -15
3
2 -74 -10
3
2 321 -26
3
2 490 -7
3
2 243 -60
3
2 502 12
3
2 818 -17
3
2 -757 23
3
2 -394 35
3
2 128 15
3
2 -503 -24
3
2 -612 -19
3
2 -444 -36
3
1 827 898
3
2 312 29
3
1 -191 350
3
2 -983 1
3
2 -10 -40
3
2 -227 -33
3
1 315 206
3
1 -864 520
3
2 -787 -17
3
2 431 11
3
1 -388 1043
3
2 746 51
3
2 169 -39
3
1 163 847
3
2 -969 -4
3
2 -51 58
3
2 -744 -19
3
2 -723 -32
3
2 -637 -61
3
2 462 -59
3
1 848 62
3
2 1010 -43
3
2 -857 17
3
2 -667 25
3
1 861 400
3
1 -103 1126
3
2 145 -26
3
2 -317 11
3
1 58 915
3
2 -368 26
3
2 -503 -61
3
1 482 923
3
2 -688 15
3
1 -618 79
3
2 221 23
3
2 -228 1
3
2 880 -6
3
2 786 22
3
2 -349 -27
3
2 786 8
3
2 -502 -64
3
2 11 18
3
2 -517 -18
3
1 -891 677
3
2 -437 15
3
2 900 35
3
1 -515 582
3
2 -306 15
3
2 -731 38
3
2 646 -38
3
2 700 58
3
1 -232 789
3
2 909 64
3
2 704 -46
3
2 -1002 1
3
2 -786 8
3
2 223 -53
3
2 -902 -15
3
2 -380 51
3
2 -715 12
3
1 286 712
3
1 584 889
3
2 -365 5
3
2 -688 6
3
2 534 -9
3
2 -576 46
3
1 876 806
3
2 -377 -64
3
2 37 52
3
1 231 237
3
1 993 549
3
1 -742 1026
3
2 -865 -35
3
2 -916 -48
3
1 773 578
3
1 -332 671
3
2 766 -21
3
2 478 -51
3
2 36 -21
3
1 757 209
3
2 213 60
3
2 130 -14
3
2 787 29
3
2 20 42
3
2 -443 43
3
1 447 496
3
2 -660 45
3
2 559 -15
3
2 640 -34
3
1 -796 342
3
2 657 -33
3
2 164 -51
3
2 870 -3
3
2 -153 43
3
2 1018 29
3
1 -718 481
3
1 724 333
3
2 584 11
3
2 22 59
3
2 -925 -48
3
1 -490 595
3
2 272 -27
3
2 -406 -28
3
2 -829 0
3
2 -887 -64
3
2 192 34
3
2 -486 -23
3
1 -105 206
3
1 788 173
3
2 692 -44
3
2 -661 41
3
1 16 775
3
2 803 9
3
2 950 18
3
2 -547 42
3
2 479 -62
3
2 889 6
3
2 -1001 -49
3
1 489 962
3
2 -146 32
3
2 -629 -21
3
2 208 -63
3
2 994 49
3
1 -475 192
3
1 769 1057
3
1 109 335
3
2 -610 -43
3
1 -154 359
3
2 -499 12
3
2 936 33
3
1 -358 732
3
2 250 -28
3
2 -553 -49
3
2 412 -64
3
2 779 -16
3
2 686 -34
3
2 837 -19
3
2 232 54
3
2 817 49
3
1 -206 657
3
2 929 42
3
2 -26 29
3
1 20 568
3
2 -181 62
3
2 835 6
3
1 -41 164
3
1 -280 1080
3
2 -19 -25
3
2 767 17
3
2 -1020 14
3
1 -915 88
3
2 -60 24
3
2 -296 -39
3
2 -628 -55
3
2 4 20
3
1 -191 270
3
1 -593 129
3
2 749 -52
3
2 609 63
3
1 -490 29
3
2 951 -31
3
2 -549 -2
3
2 -131 46
3
2 627 -10
3
2 -936 -41
3
1 569 1055
3
2 706 -20
3
2 -714 -13
3
2 -897 -29
3
2 -51 61
3
1 83 871
3
2 944 41
3
2 -54 1
3
2 695 -49
3
2 447 11
3
2 39 -9
3
1 966 157
3
1 -638 177
3
2 331 45
3
2 -996 15
3
2 507 13
3
2 -684 19
3
2 -532 -14
3
2 666 -62
3
2 -790 -3
3
2 225 -1
3
2 -578 -29
3
2 -718 -20
3
2 -983 13
3
2 -252 -52
3
1 473 782
3
1 93 47
3
2 109 38
3
2 388 48
3
2 -1003 54
3
2 -902 -58
3
2 236 21
3
2 -470 -53
3
2 876 31
3
2 -208 24
3
2 -700 61
3
2 -517 -51
3
1 -764 957
3
2 41 26
3
1 -479 103
3
2 -342 9
3
1 492 199
3
2 -85 -13
3
2 -148 26
3
2 -905 -24
3
2 235 47
3
1 -320 246
3
1 -692 987
3
2 123 48
3
2 742 -55
3
2 -649 -38
3
2 -752 41
3
2 -146 -57
3
2 -572 -29
3
2 60 -56
3
1 -550 1091
3
2 631 46
3
2 -402 36
3
2 558 58
3
1 825 715
3
1 -90 528
3
2 -17 -17
3
2 255 61
3
2 257 -26
3
1 864 301
3
2 845 13
3
2 -502 -33
3
2 918 61
3
2 755 6
3
2 -439 30
3
2 -68 -23
3
2 499 34
3
1 219 493
3
2 -482 -8
3
2 -728 18
3
2 -910 15
3
2 229 -35
3
2 322 -21
3
2 723 -47
3
1 -492 907
3
2 1003 -28
3
2 462 35
3
2 718 28
3
2 -424 -42
3
2 -461 -26
3
2 -359 -46
3
2 -156 -44
3
2 -757 -54
3
2 509 24
3
2 -924 61
3
1 380 539
3
2 745 -55
3
2 666 -7
3
1 -627 193
3
2 198 -28
3
2 -94 55
3
2 366 15
3
1 565 620
3
2 -629 1
3
2 612 -42
3
2 265 -24
3
2 -716 -57
3
2 -293 -35
3
1 -297 332
3
2 838 -52
3
2 848 39
3
2 -153 -41
3
2 -912 -20
3
2 -594 16
3
1 -13 1069
3
2 -174 -1
3
2 438 20
3
1 748 561
3
2 449 19
3
2 -370 -26
3
2 902 31
3
1 320 516
3
1 803 299
3
2 568 19
3
2 636 25
3
2 596 -23
3
2 827 17
3
2 -1000 11
3
1 -634 54
3
2 275 30
3
2 898 -18
3
2 631 -34
3
2 -162 -61
3
2 -916 -55
3
2 814 49
3
2 517 17
3
2 1019 9
3
2 580 25
3
1 -70 1028
3
2 823 1
3
1 -516 630
3
2 861 -41
3
1 -324 360
3
2 141 35
3
2 637 12
3
2 640 -28
3
2 -26 -44
3
2 -921 63
3
2 -785 -47
3
2 831 -24
3
2 -30 33
3
2 95 -40
3
1 503 514
3
1 -54 990
3
2 530 -43
3
1 841 941
3
1 963 930
3
1 -838 1073
3
1 584 281
3
1 497 159
3
1 201 857
3
2 -431 52
3
2 256 -55
3
2 563 -56
3
2 599 49
3
1 152 881
3
2 253 57
3
2 896 -15
3
2 -925 -35
3
2 -157 34
3
2 948 -23
3
2 -686 9
3
2 -101 10
3
2 330 49
3
2 -275 -47
3
1 -256 993
3
2 -510 -2
3
2 -549 59
3
2 -271 -31
3
2 564 -3
3
2 -799 62
3
1 732 1124
3
2 129 -51
3
2 -55 2
3
1 -387 725
3
1 175 900
3
2 -602 -8
3
2 806 11
3
2 -25 41
3
2 562 -2
3
1 -9 176
3
2 511 -36
3
2 -869 29
3
2 205 48
3
2 198 47
3
1 -292 155
3
1 424 567
3
1 -987 1171
3
2 -42 -28
3
2 284 61
3
2 -167 27
3
2 -958 48
3
2 -727 51
3
2 -88 -9
3
2 -760 -28
3
1 -457 456
3
1 -972 99
3
2 770 46
3
2 -389 -48
3
2 -623 -18
3
1 -906 1090
3
2 524 -57
3
1 814 191
3
2 -420 14
3
2 -671 32
3
2 -327 -39
3
2 -749 49
3
1 535 853
3
2 -279 20
3
2 -144 -61
3
2 -545 51
3
2 -979 8
3
2 600 -26
3
1 -261 710
3
2 -796 31
3
2 217 -43
3
2 949 -15
3
2 799 -40
3
2 830 3
3
2 -26 21
3
1 -461 814
3
2 -128 60
3
2 -1011 20
3
2 773 -5
3
1 14 1149
3
2 562 -47
3
1 934 833
3
2 670 -41
3
1 -483 407
3
2 -354 40
3
2 -591 7
3
1 462 1109
3
2 -257 60
3
2 -397 12
3
1 -379 1038
3
2 152 41
3
2 -669 -19
3
2 -517 -50
3
1 -394 352
3
1 446 834
3
2 322 -58
3
2 -286 34
3
1 203 752
3
2 -172 -10
3
2 377 -25
3
1 31 871
3
2 542 62
3
2 -726 -24
3
2 99 -34
3
2 262 -31
3
2 249 56
3
2 -915 41
3
1 -795 391
3
1 -404 412
3
2 8 -14
3
2 -570 -32
3
2 473 -26
3
2 997 -45
3
2 136 -57
3
2 -33 -48
3
2 648 -41
3
2 565 27
3
2 691 50
3
2 -767 31
3
2 404 24
3
2 -786 -13
3
2 426 27
3
2 -727 42
3
2 871 48
3
1 217 959
3
2 830 -39
3
1 472 735
3
1 -633 552
3
2 281 -7
3
1 478 543
3
1 337 796
3
2 913 -63
3
1 -839 385
3
2 -523 3
3
2 -87 -58
3
2 -295 12
3
2 126 -37
3
1 775 363
3
1 -170 681
3
2 -550 -49
3
1 155 675
3
1 351 773
3
2 -515 -26
3
2 605 25
3
2 261 -61
3
2 -45 -18
3
1 848 690
3
2 943 -4
3
2 419 34
3
2 45 -6
3
2 -800 -38
3
2 -853 -1
3
2 -199 59
3
2 -592 -27
3
1 -647 267
3
1 -149 316
3
1 -316 970
3
2 -676 -48
3
2 698 -39
3
1 1015 365
3
2 -273 19
3
2 245 32
3
2 -616 47
3
1 402 184
3
2 727 -18
3
2 -752 -24
3
2 792 -32
3
1 -151 1097
3
1 269 355
3
2 344 -51
3
1 549 578
3
2 -1010 -19
3
2 -396 38
3
2 851 27
3
2 776 21
3
2 -362 33
3
2 -559 -29
3
2 521 -52
3
1 235 300
3
2 25 -55
3
2 448 -32
3
1 192 581
3
2 453 6
3
2 7 -50
3
1 824 116
3
2 -306 43
3
2 567 25
3
2 53 54
3
2 -474 32
3
2 -317 -31
3
2 -1022 -47
3
2 723 -60
3
2 -984 8
3
2 924 12
3
2 -835 63
3
2 101 -58
3
2 418 -53
3
2 909 -19
3
2 -115 -32
3
2 176 64
3
2 -435 34
3
2 650 0
3
1 -654 444
3
2 381 40
3
2 1020 41
3
1 1014 742
3
2 -1024 44
3
2 495 42
3
2 -57 -35
3
2 -394 56
3
2 19 49
3
2 -930 -22
3
2 24 44
3
2 774 58
3
2 -724 28
3
2 -58 5
3
1 -98 353
3
1 237 682
3
1 999 1064
3
2 690 62
3
2 529 21
3
2 -504 37
3
2 -663 -29
3
2 -419 23
3
1 127 1162
3
1 654 577
3
2 748 -8
3
2 829 9
3
2 781 -1
3
2 1000 -6
3
2 -899 -7
3
2 796 -42
3
1 -436 492
3
2 386 43
3
2 -967 -46
3
1 -915 76
3
2 21 -39
3
2 -720 61
3
2 -82 -63
3
1 -683 684
3
2 -869 -55
3
2 -108 52
3
2 669 -48
3
2 976 9
3
1 560 694
3
1 -277 784
3
1 968 635
3
2 -927 -47
3
2 936 8
3
1 -642 374
3
1 -872 542
3
2 774 -31
3
2 718 -7
3
2 -678 -40
3
2 777 -43
3
2 86 45
3
2 466 52
3
2 -410 50
3
2 849 -32
3
2 -611 6
3
2 -205 -45
3
2 -881 2
3
2 -307 40
3
1 -454 119
3
1 -425 934
3
1 349 589
3
2 -582 -48
3
1 -637 594
3
2 -23 18
3
1 153 144
3
2 -279 21
3
1 -652 861
3
1 462 770
3
2 -366 -64
3
1 -111 863
3
2 250 16
3
2 -583 -45
3
2 -620 -48
3
2 238 0
3
2 878 59
3
2 656 -12
3
2 239 -35
3
2 -626 23
3
1 -707 71
3
2 342 45
3
2 -800 55
3
2 -461 -46
3
1 287 1136
3
2 -503 20
3
2 -445 60
3
2 362 -57
3
2 687 52
3
2 161 -47
3
1 -497 521
3
2 818 22
3
2 97 54
3
2 761 27
3
2 179 -35
3
2 -749 58
3
2 3 -16
3
2 -487 -51
3
2 577 46
3
1 1006 238
3
2 748 -13
3
1 974 780
3
2 -476 -7
3
2 -278 3
3
2 984 -62
3
1 642 275
3
2 982 41
3
2 834 -5
3
2 853 -24
3
2 -259 -1
3
2 459 14
3
2 250 39
3
2 481 45
3
2 -673 24
3
2 426 -16
3
2 -546 -14
3
2 5 -23
3
2 99 -49
3
2 -927 29
3
2 686 -52
3
2 1002 -24
3
1 -989 940
3
2 141 30
3
1 -633 980
3
2 -501 48
3
2 -310 43
3
2 729 -27
3
2 58 22
3
2 774 -61
3
2 -130 -45
3
1 -624 1136
3
2 551 9
3
1 -753 604
3
2 110 4
3
2 815 -15
3
2 295 -20
3
1 729 883
3
2 539 54
3
2 -468 33
3
2 -925 -62
3
2 -68 -45
3
2 513 33
3
1 556 1005
3
1 -995 272
3
1 -204 812
3
2 283 22
3
1 944 172
3
2 -266 -3
3
2 -173 -1
3
1 -729 724
3
2 -225 54
3
2 804 31
3
2 857 58
3
2 75 -38
3
2 -638 -37
3
2 265 38
3
2 -87 27
3
2 -965 -25
3
1 763 1168
3
1 -276 242
3
1 911 1138
3
1 113 1040
3
2 442 -36
3
2 -391 52
3
2 797 -42
3
2 -302 -27
3
2 193 20
3
2 962 5
3
2 494 29
3
2 -654 62
3
1 -334 57
3
2 -663 57
3
2 408 -1
3
2 -149 -26
3
2 254 13
3
1 -634 1019
3
1 543 473
3
2 118 16
3
2 -637 62
3
2 -360 49
3
1 734 357
3
2 -656 60
3
1 886 1099
3
2 -955 -13
3
1 -981 912
3
2 681 1
3
2 710 36
3
2 44 60
3
2 791 -50
3
2 -895 -10
3
2 855 50
3
2 295 48
3
2 -416 -55
3
1 703 422
3
2 699 -4
3
2 -655 22
3
2 -589 -1
3
1 -957 1024
3
2 227 10
3
2 382 61
3
2 903 34
3
2 432 -24
3
2 867 0
3
1 -459 401
3
2 -620 -7
3
2 -388 -60
3
2 -908 -16
3
2 -101 36
3
2 -921 25
3
2 91 -44
3
1 527 883
3
2 609 7
3
2 -833 0
3
2 -350 26
3
2 78 -2
3
1 -18 1023
3
2 555 -59
3
2 -566 -60
3
2 -777 62
3
1 -822 897
3
2 -60 12
3
2 314 1
3
1 -940 234
3
2 -654 40
3
2 -173 40
3
1 689 297
3
2 -771 -53
3
2 -20 -20
3
2 449 5
3
2 -675 -55
3
2 575 -60
3
2 1006 64
3
1 536 1001
3
2 -480 -33
3
1 61 714
3
2 -512 -51
3
1 488 1092
3
2 614 27
3
1 791 658
3
1 -927 8
3
2 672 59
3
2 482 13
3
2 -888 5
3
2 -175 -29
3
2 -288 -8
3
1 899 793
3
2 808 19
3
2 504 27
3
2 960 36
3
2 373 29
3
2 995 20
3
2 -820 -37
3
1 364 275
3
2 22 24
3
2 573 64
3
2 306 -18
3
2 -602 41
3
2 -873 -14
3
1 499 1143
3
1 375 477
3
2 -894 2
3
2 -173 5
3
2 982 -3
3
2 -478 20
3
2 -935 -38
3
2 -329 53
3
2 829 32
3
2 -560 -56
3
1 -808 817
3
2 -661 -55
3
2 -21 61
3
2 247 -45
3
2 -911 -45
3
1 226 209
3
1 922 122
3
2 889 -53
3
1 -509 943
3
2 -930 53
3
2 -893 -43
3
2 50 57
3
2 -803 50
3
2 -921 38
3
2 -611 23
3
2 -534 -37
3
2 -155 -46
3
2 73 -13
3
1 968 872
3
1 392 70
3
1 -992 307
3
2 388 -11
3
2 298 15
3
2 -109 -64
3
2 -1006 -59
3
2 -385 -36
3
2 250 -49
3
2 477 50
3
1 991 442
3
1 -452 680
3
2 198 -51
3
2 595 22
3
2 78 -30
3
2 -862 40
3
1 585 1008
3
2 -80 -22
3
1 444 855
3
2 -1021 -48
3
2 1 -9
3
2 952 -57
3
2 388 56
3
2 -533 -44
3
2 -737 14
3
2 -4 -50
3
2 -279 2
3
1 900 33
3
1 -585 71
3
1 231 1168
3
2 349 -10
3
2 -801 -25
3
1 -265 865
3
2 -60 12
3
2 -821 -19
3
2 309 -34
3
2 149 -41
3
2 -259 -26
3
1 -276 196
3
2 861 13
3
2 -982 22
3
1 -205 1141
3
2 -844 -23
3
2 884 -6
3
2 963 -10
3
2 -530 -9
3
2 667 -27
3
2 527 -23
3
2 -4 46
3
2 542 20
3
2 -906 30
3
2 -760 10
3
2 -117 -50
3
2 385 -28
3
2 215 -41
3
2 172 -2
3
2 763 -35
3
2 684 55
3
1 -700 52
3
2 122 -14
3
1 309 513
3
2 -815 19
3
2 46 42
3
2 -447 48
3
2 721 -14
3
2 -347 21
3
2 -779 47
3
2 598 -42
3
2 -62 43
3
2 551 9
3
2 737 61
3
2 -998 13
3
2 263 49
3
2 91 -39
3
2 -119 56
3
1 -429 18
3
2 -343 -42
3
1 -733 369
3
1 -558 347
3
2 690 38
3
1 479 829
3
1 977 403
3
2 -626 60
3
1 165 1141
3
2 -877 17
3
2 562 26
3
1 -469 589
3
2 378 -30
3
1 201 1189
3
2 862 -7
3
2 -591 21
3
2 762 -32
3
2 519 46
3
2 -250 -25
3
1 -966 859
3
2 -398 6
3
1 -428 334
3
2 -811 20
3
1 75 327
3
2 119 46
3
2 896 -56
3
2 582 -48
3
2 227 19
3
1 -929 759
3
2 790 10
3
1 654 1187
3
2 283 0
3
2 871 28
3
1 -877 22
3
2 630 -55
3
1 446 744
3
1 587 1118
3
2 493 2
3
2 50 -16
3
2 -64 -40
3
1 -214 925
3
2 -352 -55
3
2 590 47
3
2 429 -27
3
1 -634 267
3
2 -200 -16
3
2 -398 -54
3
1 -464 498
3
2 -394 -39
3
2 -436 20
3
2 1005 -37
3
1 968 379
3
2 -461 -3
3
2 -1020 -51
3
1 -121 1045
3
2 -720 -7
3
2 -895 60
3
1 -64 12
3
2 -563 41
3
1 -758 911
3
1 653 210
3
2 737 -57
3
2 801 9
3
2 -845 35
3
2 557 50
3
1 -511 543
3
1 -17 1114
3
2 64 -12
3
2 737 0
3
2 -1021 12
3
2 872 58
3
2 -456 -53
3
1 -749 838
3
2 -952 -9
3
2 388 37
3
2 -948 53
3
1 -39 832
3
2 -356 8
3
2 710 -2
3
2 -821 -46
3
1 -773 1069
3
2 -705 28
3
2 353 -38
3
2 915 64
3
2 986 -46
3
1 -581 851
3
2 -919 -13
3
2 -924 38
3
1 -147 1029
3
2 -688 17
3
2 -743 34
3
1 -685 139
3
2 735 -11
3
2 -291 0
3
1 -1023 293
3
2 -904 25
3
2 67 7
3
2 -174 47
3
2 -540 62
3
2 731 -15
3
2 -968 23
3
2 -667 24
3
2 666 8
3
1 745 286
3
1 -357 173
3
2 820 -5
3
1 -768 8
3
2 472 47
3
2 88 -21
3
2 836 7
3
1 -664 665
3
2 -63 59
3
1 -629 584
3
2 554 25
3
1 303 352
3
2 -397 44
3
2 -590 25
3
2 341 -20
3
1 448 1027
3
1 95 1172
3
2 -892 21
3
2 -183 -44
3
2 -513 -53
3
2 390 57
3
2 698 -47
3
2 412 51
3
2 164 59
3
2 -491 34
3
1 322 196
3
2 526 -6
3
2 -174 19
3
1 -697 718
3
1 -172 303
3
2 17 30
3
2 103 45
3
2 241 33
3
2 -798 -60
3
2 316 -45
3
2 -43 -51
3
2 774 -60
3
1 -1007 375
3
2 96 -13
3
2 -589 -15
3
2 406 -9
3
1 50 999
3
2 694 38
3
2 919 -44
3
1 133 353
3
2 -810 -24
3
1 -950 809
3
2 -705 30
3
2 -453 6
3
1 645 884
3
2 29 10
3
2 -377 34
3
2 639 -50
3
2 413 3
3
2 -889 50
3
2 338 60
3
2 319 62
3
1 604 846
3
2 -518 27
3
2 866 -4
3
2 -538 -25
3
2 409 50
3
2 -289 55
3
1 -855 336
3
1 476 585
3
2 945 32
3
2 -2 -47
3
2 457 55
3
1 -221 982
3
1 -916 452
3
2 344 -62
3
2 379 -50
3
2 -249 -2
3
2 691 48
3
2 531 -18
3
2 -84 35
3
2 -427 -11
3
1 -936 1022
3
2 244 -23
3
1 100 890
3
1 -212 634
3
1 -151 327
3
2 -605 -62
3
2 -937 10
3
1 292 135
3
2 656 10
3
2 -21 41
3
2 -908 -17
3
2 -376 7
3
2 -480 -45
3
2 -868 0
3
1 997 1169
3
2 -623 -23
3
2 -384 4
3
2 -165 29
3
1 -515 537
3
2 -1001 -27
3
2 423 -18
3
1 628 951
3
2 419 48
3
2 -609 -62
3
2 962 -1
3
2 -636 -14
3
2 496 -46
3
1 -588 191
3
2 -794 -51
3
1 817 24
3
2 -279 36
3
2 616 -33
3
1 160 739
3
2 -522 -16
3
2 -105 39
3
2 -279 62
3
2 -110 46
3
2 1000 57
3
2 -754 -43
3
1 -619 459
3
1 -665 484
3
2 761 -49
3
1 723 288
3
1 276 533
3
2 90 -37
3
2 -375 -19
3
2 -718 8
3
2 726 -8
3
2 -307 10
3
1 -234 963
3
2 968 -35
3
1 136 588
3
2 -53 60
3
2 819 60
3
2 606 -14
3
1 -754 268
3
2 -824 -44
3
2 892 60
3
1 -292 968
3
2 464 -42
3
1 -634 689
3
2 -791 16
3
1 609 125
3
2 -374 12
3
2 -674 -5
3
2 -397 38
3
2 177 -1
3
1 -85 501
3
2 327 -6
3
2 148 25
3
2 294 -41
3
2 101 -64
3
2 841 -30
3
2 -349 -45
3
2 -118 0
3
2 86 -14
3
1 -624 723
3
2 -917 -3
3
1 959 276
3
2 85 -55
3
2 326 12
3
2 -936 -21
3
2 -490 8
3
2 72 -42
3
1 -991 548
3
1 1024 216
3
2 241 7
3
2 -579 63
3
1 995 1016
3
1 58 997
3
1 -875 644
3
2 -391 -50
3
2 208 -10
3
2 506 24
3
2 -896 -8
3
2 -572 -47
3
2 -971 9
3
1 -377 1081
3
2 612 -18
3
2 -240 -6
3
1 291 597
3
2 960 33
3
1 -181 724
3
1 -754 931
3
1 941 779
3
1 175 43
3
2 -405 42
3
2 -911 48
3
2 302 -5
3
2 606 -39
3
1 -427 947
3
2 91 48
3
2 712 23
3
2 945 -40
3
2 351 -20
3
2 1011 -24
3
1 875 775
3
2 697 45
3
1 922 968
3
1 1008 45
3
2 -523 -21
3
2 -962 -16
3
2 -700 32
3
2 984 46
3
2 -15 -21
3
2 -496 8
3
2 -5 30
3
2 -539 -36
3
1 599 1150
3
1 -77 1002
3
2 778 -7
3
2 -130 -50
3
2 720 48
3
2 72 46
3
2 -265 -12
3
2 -375 -10
3
2 430 40
3
1 719 661
3
2 95 40
3
1 909 1153
3
2 -333 -60
3
2 41 -53
3
2 -952 3
3
2 475 -47
3
2 -369 57
3
2 -572 -14
3
2 -147 24
3
2 756 -16
3
2 786 -18
3
1 351 590
3
2 461 21
3
2 80 49
3
1 -731 67
3
2 -622 -4
3
2 366 -32
3
2 682 -24
3
1 854 378
3
2 -660 -5
3
2 -814 -9
3
2 -546 -4
3
1 579 871
3
2 266 -6
3
2 945 60
3
2 264 -62
3
2 855 -11
3
2 -620 6
3
2 74 29
3
2 294 31
3
1 -266 18
3
2 -998 -41
3
2 -482 61
3
2 -76 -13
3
2 774 6
3
2 -421 49
3
2 -625 -4
3
1 305 315
3
1 -764 82
3
2 118 50
3
1 -902 684
3
2 35 20
3
1 718 842
3
2 585 -29
3
2 -285 12
3
1 450 983
3
2 118 -46
3
1 -913 106
3
1 599 102
3
2 -126 -63
3
1 -675 909
3
1 701 76
3
2 381 27
3
2 994 47
3
2 -268 46
3
1 613 138
3
2 828 -55
3
2 -817 21
3
1 -846 512
3
2 816 -6
3
2 877 -50
3
1 609 455
3
1 -476 598
3
2 -297 -10
3
1 556 910
3
2 -728 -48
3
2 40 -19
3
2 -325 50
3
1 -1007 922
3
1 -209 267
3
1 -885 817
3
1 672 503
3
1 -114 424
3
2 -474 -47
3
2 688 -38
3
1 525 959
3
2 0 1
3
2 -769 -41
3
2 -647 -39
3
2 -59 27
3
1 868 746
3
2 -77 -34
3
1 -145 51
3
2 532 40
3
1 -637 145
3
1 -847 773
3
2 -1023 64
3
2 689 -32
3
2 -114 -43
3
2 -694 16
3
1 -235 170
3
2 -932 13
3
2 383 47
3
2 674 -13
3
2 156 18
3
2 -104 -41
3
1 190 715
3
1 567 531
3
2 700 -21
3
2 608 -27
3
2 -432 -5
3
2 281 -14
3
1 858 258
3
1 160 172
3
1 274 723
3
2 863 -59
3
1 916 45
3
2 -593 -2
3
2 -333 -36
3
2 -1001 -59
3
2 931 36
3
2 182 -35
3
2 775 -1
3
2 -1023 -34
3
2 444 -40
3
2 953 -57
3
1 169 304
3
2 143 -18
3
2 -486 -58
3
1 -294 357
3
2 535 13
3
1 743 289
3
2 -90 6
3
2 979 55
3
2 -497 -2
3
2 248 44
3
2 -989 -40
3
2 80 6
3
1 -76 788
3
2 -757 -12
3
2 694 -3
3
1 -765 1090
3
2 780 32
3
2 42 -42
3
2 -771 -61
3
2 -872 30
3
2 -424 -22
3
2 -558 9
3
2 -844 64
3
2 -590 35
3
2 -285 47
3
2 -22 -48
3
1 381 934
3
2 674 58
3
2 859 -42
3
2 -670 -6
3
2 -397 60
3
2 -715 59
3
2 -969 53
3
1 405 338
3
2 -987 -41
3
2 -511 23
3
1 -498 41
3
2 -525 28
3
2 -638 13
3
2 -309 0
3
2 709 -33
3
2 402 53
3
1 -125 62
3
2 76 14
3
1 247 598
3
2 -453 -35
3
2 796 -44
3
2 675 -13
3
2 -260 -63
3
2 -732 -55
3
1 948 570
3
2 771 51
3
1 -798 1003
3
2 7 -57
3
2 -477 -21
3
1 538 999
3
1 982 1017
3
2 722 -6
3
1 946 628
3
2 -561 -19
3
1 140 887
3
2 605 8
3
1 118 191
3
2 -752 34
3
1 -65 946
3
2 167 -54
3
1 -566 1021
3
2 311 58
3
2 225 -60
3
2 585 25
3
2 60 -18
3
2 -644 -38
3
2 414 -37
3
1 -990 944
3
2 855 -8
3
2 49 -47
3
2 236 14
3
2 -860 -57
3
2 -4 43
3
2 -529 49
3
2 -94 -31
3
2 -823 -43
3
2 614 -7
3
1 -165 410
3
1 -81 1129
3
2 902 32
3
2 -264 -39
3
1 477 91
3
2 261 4
3
2 -478 -50
3
2 -253 18
3
2 564 -15
3
2 529 28
3
2 -751 -43
3
2 -444 -17
3
2 -663 22
3
1 295 572
3
2 -697 -37
3
2 770 -35
3
2 -201 62
3
2 48 -43
3
2 -472 -62
3
1 -868 128
3
2 -727 14
3
2 499 -62
3
2 79 -21
3
1 111 1107
3
1 319 973
3
1 354 1097
3
1 212 1144
3
2 389 -61
3
2 -234 -5
3
2 81 -2
3
2 924 -11
3
2 80 44
3
1 -996 309
3
2 -377 28
3
1 -376 886
3
2 509 46
3
2 -24 29
3
2 110 36
3
2 656 10
3
2 -382 -6
3
2 85 -58
3
1 -743 921
3
2 277 -36
3
2 943 28
3
1 -497 1005
3
2 892 -34
3
2 247 19
3
2 -72 -49
3
2 496 41
3
2 965 26
3
2 -43 -7
3
1 841 1158
3
2 531 -10
3
1 -894 1175
3
1 264 1049
3
2 -289 46
3
2 -660 45
3
2 898 30
3
2 -348 11
3
2 -22 47
3
2 934 48
3
1 368 264
3
2 923 -14
3
1 577 1126
3
1 -22 203
3
2 287 8
3
2 -36 -41
3
2 -503 -9
3
2 20 59
3
2 653 -20
3
2 500 -60
3
2 -354 -63
3
2 423 25
3
2 32 -18
3
2 -70 13
3
1 644 756
3
2 -9 46
3
2 -756 17
3
2 380 50
3
2 821 -30
3
2 1020 4
3
2 -604 -56
3
2 -137 11
3
2 904 -7
3
1 -937 1058
3
2 751 46
3
2 -468 -37
3
2 380 -13
3
2 -930 -48
3
2 377 64
3
2 693 38
3
2 -585 -13
3
1 -15 732
3
2 251 29
3
2 -235 42
3
1 -982 421
3
1 858 660
3
2 -385 -37
3
1 -93 631
3
1 731 900
3
2 691 3
3
1 -739 712
3
1 698 162
3
2 -210 -10
3
2 -358 11
3
2 -839 22
3
2 525 -57
3
2 -883 7
3
1 327 322
3
1 -74 124
3
1 270 1150
3
2 -693 3
3
2 -1008 61
3
2 -298 -18
3
2 -221 -47
3
1 336 604
3
2 -951 -55
3
2 574 -24
3
2 -346 38
3
2 483 28
3
2 364 58
3
1 503 127
3
2 826 -29
3
1 807 511
3
2 695 35
3
2 -768 48
3
2 558 26
3
2 -615 50
3
2 449 26
3
2 584 46
3
2 -1016 28
3
2 -74 49
3
2 622 -47
3
1 232 163
3
2 -430 -38
3
1 -696 196
3
2 -895 -49
3
1 524 47
3
2 -908 49
3
2 259 50
3
2 364 -16
3
2 702 26
3
1 -957 483
3
1 -499 21
3
2 -269 -57
3
2 -1002 -7
3
2 199 -27
3
2 -689 31
3
1 -21 419
3
1 834 742
3
1 822 928
3
2 -717 52
3
2 -208 17
3
1 -410 1064
3
2 -4 31
3
1 -857 10
3
1 363 304
3
2 627 17
3
2 344 32
3
2 988 54
3
2 582 42
3
