40
1 0
5 1
9 2
13 3
17 4
2 5
6 6
10 7
14 8
18 9
3 10
7 11
11 12
15 13
19 14
4 15
8 16
12 17
16 18
20 19
5 20
9 21
13 22
17 23
21 24
6 25
10 26
14 27
18 28
22 29
7 30
11 31
15 32
19 33
23 34
8 35
12 36
16 37
20 38
24 39
3
2 137 3
3
2 114 3
3
2 398 3
3
2 394 3
3
2 575 1
3
2 41 2
3
2 223 2
3
2 402 2
3
2 427 2
3
2 350 2
3
2 547 3
3
2 317 5
3
2 478 1
3
2 243 2
3
2 62 6
3
2 326 6
3
2 566 6
3
2 537 4
3
2 147 2
3
2 280 8
3
2 238 5
3
2 213 2
3
2 421 8
3
2 411 1
3
2 64 8
3
2 288 13
3
2 514 8
3
2 36 1
3
2 56 14
3
2 425 2
3
2 84 12
3
2 314 14
3
2 340 10
3
2 164 18
3
2 331 7
3
2 358 7
3
2 515 11
3
2 179 12
3
2 89 17
3
2 85 24
3
2 252 25
3
2 513 8
3
2 479 13
3
2 308 16
3
2 330 32
3
2 402 5
3
2 33 21
3
2 462 21
3
2 468 7
3
2 257 21
3
2 220 30
3
2 269 8
3
2 88 39
3
2 220 31
3
2 539 17
3
2 79 29
3
2 179 24
3
2 354 37
3
2 44 34
3
2 94 22
3
1 544 14
3
1 538 15
3
1 113 30
3
1 99 19
3
1 527 34
3
1 281 25
3
1 473 28
3
1 279 31
3
1 147 9
3
1 240 4
3
1 305 29
3
1 274 2
3
1 413 18
3
1 43 7
3
1 192 15
3
1 333 14
3
1 382 29
3
1 463 13
3
1 420 0
3
1 225 25
3
1 68 24
3
1 244 11
3
1 205 33
3
1 3 30
3
1 524 33
3
1 435 27
3
1 64 19
3
1 463 27
3
1 239 24
3
1 436 29
3
1 41 7
3
1 316 13
3
1 189 9
3
1 420 39
3
1 491 3
3
1 457 29
3
1 301 19
3
1 1 16
3
1 374 34
3
1 8 8
3
