23
1 118
9 297
22 498
5 119
24 74
17 108
18 392
21 914
23 184
10 75
22 592
12 939
24 859
28 169
12 823
9 940
12 817
21 609
2 697
23 826
3 583
5 1012
14 25
3
1 708 19
3
2 782 38
3
2 729 17
3
1 564 19
3
1 287 16
3
1 202 4
3
2 414 45
3
2 87 4
3
2 857 10
3
1 844 3
3
1 720 14
3
1 766 6
3
2 380 1
3
2 880 52
3
2 525 18
3
2 465 28
3
2 198 57
3
2 221 15
3
2 44 39
3
2 800 50
3
2 557 2
3
1 521 14
3
1 139 20
3
2 349 42
3
1 410 5
3
2 120 6
3
2 418 12
3
2 889 40
3
1 210 11
3
2 1013 51
3
1 175 1
3
2 452 39
3
2 576 50
3
2 253 14
3
2 46 40
3
2 240 31
3
1 13 1
3
2 802 57
3
2 646 10
3
2 401 63
3
2 909 45
3
2 842 48
3
2 965 48
3
1 634 10
3
2 728 25
3
2 747 8
3
