60
7 441
12 441
32 805
30 73
32 202
12 789
28 20
4 456
16 78
10 819
30 539
9 489
14 491
1 941
15 51
10 629
11 694
14 522
26 779
18 633
20 381
13 112
16 816
23 160
29 800
18 474
26 378
2 775
4 195
20 402
21 253
7 735
18 52
8 395
30 825
4 785
21 400
32 580
32 439
3 60
22 693
22 528
14 471
22 914
25 969
3 909
6 297
11 119
28 850
2 153
10 517
10 830
20 809
2 83
31 100
15 437
24 676
4 838
26 217
23 787
3
2 1017 31
3
2 290 10
3
1 637 2
3
2 790 37
3
2 703 34
3
2 487 35
3
2 710 7
3
2 122 30
3
1 61 6
3
2 277 57
3
1 438 37
3
2 796 19
3
2 249 15
3
2 214 36
3
2 696 34
3
2 45 9
3
2 500 14
3
1 74 46
3
2 322 3
3
1 692 54
3
1 824 40
3
2 603 40
3
2 646 32
3
2 780 54
3
2 630 45
3
2 2 25
3
2 304 12
3
1 612 4
3
2 693 23
3
1 361 33
3
2 342 2
3
2 627 28
3
2 483 33
3
2 545 45
3
2 578 34
3
2 261 35
3
2 80 18
3
2 744 53
3
2 326 42
3
1 934 45
3
2 797 39
3
2 351 26
3
2 393 60
3
2 147 28
3
2 849 29
3
1 124 29
3
2 62 49
3
1 140 36
3
1 431 29
3
2 231 4
3
2 233 32
3
2 236 62
3
2 842 7
3
2 649 25
3
1 435 8
3
2 831 36
3
2 814 34
3
2 686 45
3
2 34 27
3
1 576 33
3
2 623 42
3
2 516 22
3
2 883 31
3
2 156 39
3
2 929 26
3
2 706 24
3
2 772 5
3
2 182 50
3
2 705 20
3
2 617 19
3
2 852 1
3
1 158 59
3
2 933 54
3
2 499 18
3
2 24 50
3
2 358 51
3
2 600 54
3
2 810 43
3
1 105 42
3
2 963 19
3
2 541 38
3
2 97 3
3
2 890 40
3
2 690 26
3
2 144 49
3
1 711 38
3
2 149 46
3
2 296 23
3
2 813 64
3
1 708 21
3
2 558 30
3
1 983 14
3
2 452 56
3
2 871 41
3
2 346 56
3
2 831 62
3
2 981 19
3
2 545 58
3
2 727 38
3
1 183 13
3
2 554 23
3
2 643 45
3
1 606 44
3
1 352 42
3
1 379 59
3
1 710 57
3
2 680 3
3
2 886 35
3
2 91 57
3
2 447 47
3
2 868 25
3
2 871 27
3
2 551 56
3
2 799 23
3
1 256 40
3
2 88 22
3
2 1005 61
3
2 85 51
3
2 694 13
3
2 572 12
3
2 428 47
3
2 817 21
3
2 675 60
3
1 453 9
3
2 1021 25
3
2 677 48
3
1 250 48
3
1 721 40
3
2 586 38
3
2 571 33
3
2 858 12
3
1 978 20
3
2 547 31
3
1 172 59
3
2 202 32
3
2 1017 4
3
2 253 61
3
2 637 13
3
2 1008 22
3
2 431 16
3
2 377 42
3
2 689 59
3
2 190 29
3
2 454 8
3
1 232 41
3
2 802 10
3
2 203 6
3
2 465 2
3
1 646 16
3
2 417 31
3
