58
-32 -417
-29 866
29 469
6 -303
16 80
-19 433
11 -758
-10 533
4 852
-1 -40
28 -440
3 992
13 -581
26 785
11 -581
16 950
31 837
-18 -819
-9 -818
6 70
32 703
-27 -373
25 746
-5 711
-23 -912
-6 -721
12 4
-6 -412
15 953
-21 828
-8 -249
-26 -114
17 -504
-14 -156
-22 505
-14 -11
14 930
22 -385
22 -224
-28 -313
-19 -540
-28 72
-3 -763
-12 425
21 33
8 -463
-4 982
6 372
-28 538
-10 -844
19 642
-8 713
-30 -727
-21 -339
1 654
26 473
18 875
8 -933
3
2 204 -33
3
2 -788 41
3
1 533 50
3
1 -120 8
3
2 -417 -49
3
2 738 -19
3
2 260 -27
3
1 434 48
3
1 -731 13
3
2 -881 -57
3
2 -769 -20
3
2 -980 58
3
1 907 18
3
2 167 48
3
1 477 4
3
2 -732 -54
3
2 -716 47
3
1 -373 10
3
2 -912 49
3
2 200 -49
3
2 891 21
3
2 -464 -52
3
2 -50 -40
3
2 40 63
3
2 -226 25
3
2 -669 -24
3
1 -95 47
3
2 769 9
3
1 971 14
3
1 -553 25
3
2 327 -57
3
2 229 -1
3
1 415 17
3
1 -633 52
3
2 -472 -37
3
2 -545 18
3
2 910 -12
3
1 57 31
3
2 913 22
3
2 -837 -49
3
2 -952 -38
3
2 311 -30
3
2 435 -31
3
2 839 59
3
2 -872 -28
3
2 -635 59
3
1 305 17
3
2 207 26
3
1 748 28
3
2 -522 13
3
2 184 62
3
2 -853 54
3
1 1 19
3
2 646 60
3
1 610 53
3
2 179 45
3
1 -292 5
3
2 -386 -25
3
1 -359 43
3
1 -777 20
3
2 -144 34
3
2 -695 -46
3
2 -152 32
3
1 -661 24
3
2 -806 31
3
2 477 -58
3
2 -943 6
3
1 455 52
3
1 -396 35
3
2 1003 -15
3
1 -283 50
3
2 430 4
3
2 -646 39
3
1 510 6
3
2 -898 1
3
2 919 -42
3
1 202 36
3
2 330 -32
3
2 485 -1
3
2 -633 11
3
2 -473 -47
3
2 125 -50
3
2 819 -8
3
1 587 23
3
1 585 45
3
2 -112 17
3
2 -303 4
3
1 234 45
3
2 86 51
3
2 945 -55
3
2 -530 -24
3
2 129 -9
3
1 -849 35
3
2 484 60
3
2 -632 -42
3
2 -904 30
3
2 -881 16
3
1 32 33
3
2 241 8
3
2 373 -30
3
2 -106 35
3
2 -453 45
3
1 272 1
3
2 -624 45
3
2 -585 -17
3
1 5 57
3
2 -1009 45
3
2 -865 5
3
2 766 -14
3
2 -239 28
3
1 608 52
3
2 -239 38
3
2 418 22
3
2 837 -37
3
2 -444 63
3
1 746 25
3
2 -316 14
3
2 678 14
3
2 887 -58
3
2 910 35
3
2 155 44
3
2 140 1
3
2 483 -47
3
2 -690 -51
3
2 691 -25
3
2 -617 63
3
2 -394 39
3
1 -35 34
3
2 -19 41
3
2 406 53
3
2 -948 47
3
2 935 -14
3
2 -545 -22
3
1 519 8
3
2 429 43
3
1 137 42
3
