36
3 937
16 893
32 890
8 492
28 429
19 31
21 761
9 363
11 672
19 1021
17 189
15 955
3 575
1 216
6 857
14 808
1 62
5 769
23 140
12 1010
24 254
17 972
23 345
23 609
25 265
29 553
5 684
4 327
10 740
30 751
29 652
23 317
9 187
29 639
6 296
16 893
3
2 640 9
3
2 985 63
3
2 977 7
3
1 505 35
3
2 988 18
3
1 704 23
3
2 252 59
3
1 568 34
3
2 629 1
3
2 924 48
3
1 449 15
3
1 988 7
3
2 88 24
3
1 816 31
3
2 179 44
3
2 799 43
3
1 121 1
3
2 1002 29
3
1 20 12
3
1 388 4
3
2 624 45
3
2 676 9
3
2 854 32
3
1 398 14
3
1 786 28
3
2 295 31
3
2 491 23
3
2 1001 64
3
2 489 20
3
2 617 23
3
2 984 6
3
2 183 41
3
2 220 62
3
2 25 11
3
1 101 23
3
1 412 13
3
2 637 44
3
2 3 20
3
1 101 3
3
2 536 36
3
2 183 60
3
2 515 50
3
2 470 13
3
2 137 37
3
2 329 9
3
2 202 36
3
2 552 32
3
2 477 34
3
2 978 7
3
2 25 30
3
2 55 21
3
1 665 22
3
2 484 44
3
2 363 52
3
2 701 61
3
2 235 6
3
2 282 45
3
2 308 10
3
2 290 27
3
2 716 51
3
2 153 41
3
2 609 2
3
1 218 4
3
1 223 26
3
2 649 12
3
2 572 54
3
1 402 2
3
2 775 2
3
2 670 36
3
1 187 6
3
2 886 7
3
2 900 39
3
1 745 27
3
1 889 17
3
2 444 39
3
2 764 34
3
2 1024 51
3
1 753 32
3
2 427 23
3
2 1023 17
3
2 518 6
3
2 1013 10
3
2 101 50
3
2 313 42
3
2 987 37
3
2 777 32
3
2 939 32
3
1 732 35
3
