29
2 884
21 962
15 211
9 750
17 160
12 467
28 133
15 335
19 517
23 537
17 335
16 625
29 525
28 684
32 573
4 386
16 57
3 991
11 939
12 668
10 279
14 805
27 156
19 813
1 457
5 945
24 724
1 564
1 188
3
2 736 57
3
2 97 40
3
2 420 6
3
2 334 18
3
1 408 25
3
2 188 3
3
1 303 4
3
1 759 7
3
2 526 7
3
2 66 39
3
2 289 7
3
2 771 39
3
1 286 8
3
2 67 24
3
2 515 47
3
2 48 42
3
1 760 2
3
2 97 15
3
2 378 28
3
1 179 13
3
2 168 61
3
2 917 64
3
2 810 29
3
2 836 31
3
1 687 11
3
2 641 16
3
2 86 7
3
2 857 39
3
2 207 32
3
1 907 24
3
2 110 58
3
2 599 15
3
1 423 8
3
1 1024 0
3
2 688 41
3
2 846 41
3
2 661 62
3
1 436 21
3
2 929 36
3
2 618 47
3
1 591 24
3
2 112 51
3
2 977 25
3
2 397 24
3
1 488 19
3
1 738 23
3
2 172 40
3
2 572 28
3
1 1010 10
3
2 840 37
3
2 240 51
3
2 402 35
3
2 193 51
3
2 424 63
3
2 904 38
3
1 273 26
3
2 194 51
3
2 752 46
3
2 756 31
3
2 412 39
3
2 625 22
3
1 482 16
3
2 581 40
3
1 320 12
3
2 722 22
3
1 426 16
3
2 277 39
3
2 936 23
3
2 789 10
3
1 766 13
3
2 460 22
3
1 460 13
3
2 878 60
3
2 642 59
3
2 148 13
3
2 908 54
3
