60
26 -882
23 -93
-14 899
23 -789
-18 -133
-28 11
17 -748
19 917
-11 259
-24 -39
29 908
30 785
-3 -366
32 607
29 -206
30 475
20 -553
2 399
-23 -906
-27 625
-10 -629
16 -682
-32 960
-4 480
3 327
-3 242
-10 -537
9 28
25 325
-9 -721
17 -773
15 -969
-18 -889
11 -468
10 -961
19 -786
25 281
-22 -406
-25 816
-14 922
-21 -1022
-19 840
-19 -883
-9 -413
0 -34
30 -439
-26 -357
23 428
31 71
14 -481
-15 -395
12 81
-25 -686
-23 -411
-4 -252
28 -265
-20 650
-21 -784
-32 418
0 -791
3
2 229 59
3
2 896 -49
3
2 675 44
3
2 706 30
3
1 976 2
3
1 -734 16
3
2 932 -37
3
2 -357 -51
3
1 217 59
3
2 -902 -56
3
2 1019 48
3
1 -429 57
3
1 -936 13
3
2 -458 32
3
2 648 35
3
2 -921 23
3
1 171 45
3
2 -275 -26
3
2 442 -40
3
2 -99 17
3
2 -918 -58
3
2 -918 26
3
2 -996 -3
3
1 457 9
3
2 -12 -41
3
2 239 2
3
2 373 -45
3
1 -375 32
3
2 -717 4
3
1 98 13
3
2 -152 23
3
2 811 -47
3
1 -727 12
3
1 -1018 35
3
2 132 59
3
2 624 27
3
1 -274 18
3
2 -607 35
3
2 292 -29
3
2 593 -34
3
2 417 28
3
1 -754 45
3
2 238 6
3
1 407 56
3
2 831 -16
3
2 623 10
3
2 -116 58
3
1 323 36
3
2 128 23
3
2 -259 -6
3
1 88 6
3
2 762 59
3
1 -178 9
3
2 -656 12
3
2 297 0
3
2 -404 -38
3
2 553 -36
3
2 980 19
3
2 -11 8
3
2 450 1
3
1 922 47
3
2 -282 -7
3
2 210 -40
3
2 647 -13
3
2 -1015 -44
3
2 -32 -35
3
2 -904 -14
3
2 705 35
3
2 -934 -47
3
2 618 26
3
2 -194 18
3
2 121 20
3
1 809 11
3
2 570 -59
3
2 -189 -2
3
2 -123 49
3
2 364 47
3
2 645 -14
3
2 531 -43
3
2 -362 49
3
2 267 52
3
2 459 -50
3
1 462 59
3
2 610 -57
3
2 760 26
3
2 696 34
3
2 15 1
3
1 293 31
3
1 -562 15
3
1 511 5
3
2 376 18
3
2 469 -44
3
2 -518 -57
3
1 699 17
3
2 -868 60
3
2 937 -12
3
2 960 -55
3
2 858 -19
3
2 -202 59
3
1 946 33
3
2 821 -49
3
2 -258 50
3
2 -122 -59
3
2 -10 33
3
1 134 16
3
2 -390 2
3
1 856 32
3
2 -888 39
3
2 -365 49
3
2 -630 -44
3
2 -1021 -8
3
2 266 9
3
2 -921 13
3
2 -535 53
3
2 499 -1
3
2 -134 64
3
2 312 -42
3
2 827 4
3
1 679 21
3
2 -693 64
3
1 -730 33
3
2 431 57
3
2 699 28
3
2 578 31
3
2 769 -2
3
2 -111 -60
3
2 -611 14
3
1 -796 3
3
2 -833 18
3
2 -411 -29
3
2 -122 -37
3
1 -168 4
3
1 217 26
3
2 910 59
3
2 878 29
3
2 766 19
3
2 184 -59
3
2 -12 38
3
2 -198 16
3
2 -738 -18
3
2 -726 -36
3
1 -158 44
3
1 207 44
3
2 472 2
3
1 102 55
3
1 -404 51
3
2 357 61
3
2 134 -60
3
2 778 13
3
1 -616 16
3